1687734002,487526
1687734014,401569
1687734014,489552
1687734014,596332
1687734015,545769
1687734015,643971
1687734015,675757
1687734015,701403
1687734016,386881
1687734016,466228
1687734016,569495
1687734016,570267
1687734017,662522
1687734017,663215
1687734017,702469
1687734018,387935
1687734018,470685
1687734022,448953
1687734025,387069
1687734034,380504
1687734034,402452
1687734034,491557
1687734034,598437
1687734035,447243
1687734035,543570
1687734035,641848
1687734035,677053
1687734035,700976
1687734036,387674
1687734036,468456
1687734036,568026
1687734036,661605
1687734036,663812
1687734037,702675
1687734038,379321
1687734038,386974
1687734038,444360
1687734038,468620
1687734038,546185
1687734038,643765
1687734039,394354
1687734039,487806
1687734039,590520
1687734039,678471
1687734039,698764
1687734040,376435
1687734040,425540
1687734040,519336
1687734040,613278
1687734040,623219
1687734040,690733
1687734041,371175
1687734041,387029
1687734041,414639
1687734041,505473
1687734041,692528
1687734042,411001
1687734042,497343
1687734042,601943
1687734042,680243
1687734042,698627
1687734043,571626
1687734043,632148
1687734054,380213
1687734054,403346
1687734054,493554
1687734054,600495
1687734055,445548
1687734055,541351
1687734055,639719
1687734055,678281
1687734055,700505
1687734056,387004
1687734056,388482
1687734056,470652
1687734056,573716
1687734056,665053
1687734056,702837
1687734057,466574
1687734057,565805
1687734057,659970
1687734058,380007
1687734058,386074
1687734058,446385
1687734058,548248
1687734058,645298
1687734059,392825
1687734059,486045
1687734059,588410
1687734059,677193
1687734059,699176
1687734060,377092
1687734060,427128
1687734060,521314
1687734060,625119
1687734060,691529
1687734061,371210
1687734061,413279
1687734061,691832
1687734062,412137
1687734062,499094
1687734062,603864
1687734062,681420
1687734062,698330
1687734063,375352
1687734063,434377
1687734063,535133
1687734063,630479
1687734064,396494
1687734064,477605
1687734064,577818
1687734064,653257
1687734064,668061
1687734065,382674
1687734065,386237
1687734065,453392
1687734065,455617
1687734065,554833
1687734065,557845
1687734065,696911
1687734066,650356
1687734067,378611
1687734067,390561
1687734067,437437
1687734067,477817
1687734067,579730
1687734067,669004
1687734067,698577
1687734068,503559
1687734068,529861
1687734068,611828
1687734068,631965
1687734073,379982
1687734074,404294
1687734074,495578
1687734074,602520
1687734075,443871
1687734075,539118
1687734075,637600
1687734075,679473
1687734075,700015
1687734076,386996
1687734076,389271
1687734076,406097
1687734076,472826
1687734076,575802
1687734076,609072
1687734076,666244
1687734077,464564
1687734077,563588
1687734077,658305
1687734077,702930
1687734078,380718
1687734078,385213
1687734078,448377
1687734078,550345
1687734078,646844
1687734079,391340
1687734079,484284
1687734079,586274
1687734079,675863
1687734079,699544
1687734080,377749
1687734080,428721
1687734080,523290
1687734080,627043
1687734080,692297
1687734081,371301
1687734081,411937
1687734081,501656
1687734081,610313
1687734081,691093
1687734082,500836
1687734082,605760
1687734082,682581
1687734082,698006
1687734083,374739
1687734083,432801
1687734083,533163
1687734083,628854
1687734084,397404
1687734084,479397
1687734084,579980
1687734084,651537
1687734084,669539
1687734085,381876
1687734085,386956
1687734085,451445
1687734085,457446
1687734085,555952
1687734085,697005
1687734086,557190
1687734086,651729
1687734087,379312
1687734087,389520
1687734087,439251
1687734087,475836
1687734087,577772
1687734087,667727
1687734087,698607
1687734088,531822
1687734088,633713
1687734088,684685
1687734088,694279
1687734089,374767
1687734089,404725
1687734089,413272
1687734089,495884
1687734089,607261
1687734090,415859
1687734090,512777
1687734090,615768
1687734090,681773
1687734090,690890
1687734091,369315
1687734091,396943
1687734091,421834
1687734091,521525
1687734091,624309
1687734092,488676
1687734092,591147
1687734092,644972
1687734092,677572
1687734092,698287
1687734093,372023
1687734093,382879
1687734093,436570
1687734093,546077
1687734094,379795
1687734094,405320
1687734094,464038
1687734094,497644
1687734094,604496
1687734095,442192
1687734095,536885
1687734095,635508
1687734095,680607
1687734095,699487
1687734096,386984
1687734096,390077
1687734096,474967
1687734096,577840
1687734096,667343
1687734097,462576
1687734097,561383
1687734097,656594
1687734097,702971
1687734098,381458
1687734098,384411
1687734098,450355
1687734098,552440
1687734098,648398
1687734099,389895
1687734099,482507
1687734099,584125
1687734099,674502
1687734099,699854
1687734100,378418
1687734100,430321
1687734100,525266
1687734100,628941
1687734100,693086
1687734101,371460
1687734101,410639
1687734101,499761
1687734101,608740
1687734101,690315
1687734102,414425
1687734102,502642
1687734102,607632
1687734102,683701
1687734102,697651
1687734103,374134
1687734103,431188
1687734103,531116
1687734103,627240
1687734104,398358
1687734104,481172
1687734104,582225
1687734104,649772
1687734104,670976
1687734105,381120
1687734105,387708
1687734105,449507
1687734105,459313
1687734105,554091
1687734105,697084
1687734106,559579
1687734106,653042
1687734106,666463
1687734106,698621
1687734107,380038
1687734107,388495
1687734107,441052
1687734107,473851
1687734107,575875
1687734108,533799
1687734108,635446
1687734108,683697
1687734108,694786
1687734109,374750
1687734109,403402
1687734109,493851
1687734109,605389
1687734110,417393
1687734110,514666
1687734110,617479
1687734110,682386
1687734110,690147
1687734111,369048
1687734111,398460
1687734111,420211
1687734111,519600
1687734111,622384
1687734112,490676
1687734112,593348
1687734112,643445
1687734112,678962
1687734112,698298
1687734113,371392
1687734113,384254
1687734113,434504
1687734113,544174
1687734113,696799
1687734114,379662
1687734114,406399
1687734114,465990
1687734114,499726
1687734114,534624
1687734114,567946
1687734114,661275
1687734115,371879
1687734115,386800
1687734115,440489
1687734115,464377
1687734115,572699
1687734115,633420
1687734115,659728
1687734115,681687
1687734115,694889
1687734115,698913
1687734116,386956
1687734116,390927
1687734116,445250
1687734116,477090
1687734116,541178
1687734116,579800
1687734116,643116
1687734116,668416
1687734116,672475
1687734117,365968
1687734117,396454
1687734117,415627
1687734117,460610
1687734117,489952
1687734117,559195
1687734117,596222
1687734117,654883
1687734117,702948
1687734118,382232
1687734118,383636
1687734118,452331
1687734118,512596
1687734118,518028
1687734118,554508
1687734118,581987
1687734118,619714
1687734118,622052
1687734118,649955
1687734118,681309
1687734118,683179
1687734119,388485
1687734119,410499
1687734119,480719
1687734119,673098
1687734119,700092
1687734120,379096
1687734120,431931
1687734120,527249
1687734120,630812
1687734121,371696
1687734121,409363
1687734121,497908
1687734121,607102
1687734121,689477
1687734122,415628
1687734122,504485
1687734122,606449
1687734122,609459
1687734122,684789
1687734122,697217
1687734123,373524
1687734123,429534
1687734123,529021
1687734123,625566
1687734124,399374
1687734124,482970
1687734124,584490
1687734124,647960
1687734124,672377
1687734125,380421
1687734125,388466
1687734125,447583
1687734125,461228
1687734125,552218
1687734125,562005
1687734125,697151
1687734126,654317
1687734126,698605
1687734127,380769
1687734127,387492
1687734127,442857
1687734127,471862
1687734127,574010
1687734127,693842
1687734128,535824
1687734128,637126
1687734128,682627
1687734128,695246
1687734129,374751
1687734129,402126
1687734129,491807
1687734129,603455
1687734130,419005
1687734130,516550
1687734130,619226
1687734130,683037
1687734130,689391
1687734131,368827
1687734131,400008
1687734131,418556
1687734131,517641
1687734131,620471
1687734132,492683
1687734132,595540
1687734132,641903
1687734132,698286
1687734133,370811
1687734133,385665
1687734133,432485
1687734133,542286
1687734133,665213
1687734134,379584
1687734134,407535
1687734134,467952
1687734134,501823
1687734134,570375
1687734134,608356
1687734134,662598
1687734134,696402
1687734135,372642
1687734135,386076
1687734135,438765
1687734135,462259
1687734135,532366
1687734135,570801
1687734135,631311
1687734136,386905
1687734136,391831
1687734136,447204
1687734136,479204
1687734136,543160
1687734136,581750
1687734136,594373
1687734136,644901
1687734136,669458
1687734136,671591
1687734136,695017
1687734136,698332
1687734137,365899
1687734137,395465
1687734137,417310
1687734137,458647
1687734137,487438
1687734137,556986
1687734137,653127
1687734137,702866
1687734138,363117
1687734138,382901
1687734138,383037
1687734138,408966
1687734138,454287
1687734138,510415
1687734138,520204
1687734138,556580
1687734138,620143
1687734138,621745
1687734138,651527
1687734138,680322
1687734138,682740
1687734138,684051
1687734139,387121
1687734139,398927
1687734139,478960
1687734139,495363
1687734139,579848
1687734139,671678
1687734139,700286
1687734140,379758
1687734140,433547
1687734140,529284
1687734140,537102
1687734140,598622
1687734140,632654
1687734140,640448
1687734140,675268
1687734140,693990
1687734140,694558
1687734141,371180
1687734141,371994
1687734141,382937
1687734141,408116
1687734141,435286
1687734141,465938
1687734141,496079
1687734141,506390
1687734141,575172
1687734141,605411
1687734141,658377
1687734141,688580
1687734142,416877
1687734142,461543
1687734142,557170
1687734142,611266
1687734142,654351
1687734142,661699
1687734142,680268
1687734142,685822
1687734142,691720
1687734142,696756
1687734143,367510
1687734143,372899
1687734143,381188
1687734143,427872
1687734143,526891
1687734143,623844
1687734144,400425
1687734144,484822
1687734144,543992
1687734144,586783
1687734144,644482
1687734144,646132
1687734144,673041
1687734144,673733
1687734144,688124
1687734144,697204
1687734145,379767
1687734145,389240
1687734145,445671
1687734145,463154
1687734145,550359
1687734145,564440
1687734146,572155
1687734146,655557
1687734146,663970
1687734146,698569
1687734147,381486
1687734147,386547
1687734147,444660
1687734147,469874
1687734148,537879
1687734148,638795
1687734148,681478
1687734148,695629
1687734149,374758
1687734149,489741
1687734149,601497
1687734150,420656
1687734150,445644
1687734150,518446
1687734150,620970
1687734150,683687
1687734150,688636
1687734151,368673
1687734151,401596
1687734151,416866
1687734151,515661
1687734151,618621
1687734152,494658
1687734152,597749
1687734152,640318
1687734152,698196
1687734153,370278
1687734153,387110
1687734153,430506
1687734153,540378
1687734154,379582
1687734154,408729
1687734154,469924
1687734154,503933
1687734154,572782
1687734154,610247
1687734154,657024
1687734154,663859
1687734154,683747
1687734154,695944
1687734155,373409
1687734155,385392
1687734155,437046
1687734155,460115
1687734155,481299
1687734155,530148
1687734155,568863
1687734155,697712
1687734156,386812
1687734156,392784
1687734156,449138
1687734156,545199
1687734156,583660
1687734156,646662
1687734156,670464
1687734156,670686
1687734156,695106
1687734157,365908
1687734157,394514
1687734157,419028
1687734157,456693
1687734157,484885
1687734157,554792
1687734157,592472
1687734157,651362
1687734157,679399
1687734157,681462
1687734157,702737
1687734158,382219
1687734158,383838
1687734158,456241
1687734158,508207
1687734158,522351
1687734158,558642
1687734158,618265
1687734158,623813
1687734158,653056
1687734158,684884
1687734159,362369
1687734159,385824
1687734159,400384
1687734159,400840
1687734159,407517
1687734159,477196
1687734159,497473
1687734159,577774
1687734159,670234
1687734159,700441
1687734160,380438
1687734160,435191
1687734160,531357
1687734160,535062
1687734160,600669
1687734160,634477
1687734160,638520
1687734160,676057
1687734160,693247
1687734160,695245
1687734161,370250
1687734161,372352
1687734161,384047
1687734161,406896
1687734161,433060
1687734161,468168
1687734161,494274
1687734161,508368
1687734161,577265
1687734161,603702
1687734161,687619
1687734162,418156
1687734162,426226
1687734162,459341
1687734162,524732
1687734162,555146
1687734162,613075
1687734162,652863
1687734162,662840
1687734162,686821
1687734162,691660
1687734162,696216
1687734163,368602
1687734163,372277
1687734163,380111
1687734163,447589
1687734163,622104
1687734164,401530
1687734164,479383
1687734164,486726
1687734164,581104
1687734164,589051
1687734164,644310
1687734164,646073
1687734164,672319
1687734164,675037
1687734164,688313
1687734165,361986
1687734165,379118
1687734165,390032
1687734165,390726
1687734165,425200
1687734165,443796
1687734165,465060
1687734165,525660
1687734165,545802
1687734165,548508
1687734165,566891
1687734165,621909
1687734165,688337
1687734165,697241
1687734166,503007
1687734166,603362
1687734166,656764
1687734166,662703
1687734166,682436
1687734166,698507
1687734167,369409
1687734167,382183
1687734167,385631
1687734167,408292
1687734167,411037
1687734167,446444
1687734167,467908
1687734167,505987
1687734167,570322
1687734167,629166
1687734167,677066
1687734168,437651
1687734168,531287
1687734168,606661
1687734168,629599
1687734168,640430
1687734168,680277
1687734168,686922
1687734168,695975
1687734169,368987
1687734169,374771
1687734169,389020
1687734169,485878
1687734169,487677
1687734169,540002
1687734169,583449
1687734169,599518
1687734170,520377
1687734170,622676
1687734170,684336
1687734170,687884
1687734171,368583
1687734171,403205
1687734171,415179
1687734171,422323
1687734171,513690
1687734171,616803
1687734172,496579
1687734172,600014
1687734172,638722
1687734172,682595
1687734172,698022
1687734173,369792
1687734173,388584
1687734173,428538
1687734173,538427
1687734174,379673
1687734174,384733
1687734174,409983
1687734174,471883
1687734174,506038
1687734174,575142
1687734174,612129
1687734174,655678
1687734174,665106
1687734174,684712
1687734174,695463
1687734175,374219
1687734175,435348
1687734175,457935
1687734175,566892
1687734175,626995
1687734175,697090
1687734176,386664
1687734176,393799
1687734176,399596
1687734176,451040
1687734176,483392
1687734176,547237
1687734176,585593
1687734176,648384
1687734176,669757
1687734176,671439
1687734176,695146
1687734177,365996
1687734177,393586
1687734177,420782
1687734177,454773
1687734177,482298
1687734177,552620
1687734177,590572
1687734177,649590
1687734177,678556
1687734177,702552
1687734178,381557
1687734178,384649
1687734178,458203
1687734178,506005
1687734178,524495
1687734178,560698
1687734178,616360
1687734178,625885
1687734178,654588
1687734178,685746
1687734179,361705
1687734179,384589
1687734179,401866
1687734179,406147
1687734179,475455
1687734179,499540
1687734179,575762
1687734179,668745
1687734179,700561
1687734180,381091
1687734180,436843
1687734180,470373
1687734180,532954
1687734180,533465
1687734180,602690
1687734180,636308
1687734180,636507
1687734180,676809
1687734180,692408
1687734180,695894
1687734181,369372
1687734181,372752
1687734181,385190
1687734181,405661
1687734181,430812
1687734181,492515
1687734181,510361
1687734181,579347
1687734181,601943
1687734181,686582
1687734182,419448
1687734182,457144
1687734182,527989
1687734182,553104
1687734182,614873
1687734182,651350
1687734182,663955
1687734182,687791
1687734182,691548
1687734182,695610
1687734183,369708
1687734183,371713
1687734183,379027
1687734183,449542
1687734183,488675
1687734183,522518
1687734183,547644
1687734183,620334
1687734183,647635
1687734184,402661
1687734184,424573
1687734184,579188
1687734184,591247
1687734184,642454
1687734184,671505
1687734184,676304
1687734184,697262
1687734185,362443
1687734185,378470
1687734185,390818
1687734185,426954
1687734185,442013
1687734185,466948
1687734185,477359
1687734185,527700
1687734185,546664
1687734185,569318
1687734185,623389
1687734185,689135
1687734186,501006
1687734186,601507
1687734186,657942
1687734186,661394
1687734186,681905
1687734186,698398
1687734187,368904
1687734187,382884
1687734187,384741
1687734187,409517
1687734187,410009
1687734187,448248
1687734187,465940
1687734187,507877
1687734187,608398
1687734187,627485
1687734187,677877
1687734188,529318
1687734188,542188
1687734188,642039
1687734188,679029
1687734188,686383
1687734188,696292
1687734189,368434
1687734189,374787
1687734189,390646
1687734189,398348
1687734189,424005
1687734189,435836
1687734189,485576
1687734189,487904
1687734189,585722
1687734189,597540
1687734189,666216
1687734190,452648
1687734190,522326
1687734190,555688
1687734190,624403
1687734190,652684
1687734190,684963
1687734190,687157
1687734190,694927
1687734191,368532
1687734191,372840
1687734191,378198
1687734191,389439
1687734191,404794
1687734191,413515
1687734191,463130
1687734191,511682
1687734191,563164
1687734191,614977
1687734191,652777
1687734191,688759
1687734192,476903
1687734192,498495
1687734192,539173
1687734192,580602
1687734192,602223
1687734192,637108
1687734192,672931
1687734192,683704
1687734192,697762
1687734193,368313
1687734193,369376
1687734193,390076
1687734193,390370
1687734193,426588
1687734193,440274
1687734193,536461
1687734193,638472
1687734194,379847
1687734194,402705
1687734194,411300
1687734194,473897
1687734194,499586
1687734194,508143
1687734194,568509
1687734194,577495
1687734194,607017
1687734194,614025
1687734194,654284
1687734194,666315
1687734194,683758
1687734194,685623
1687734194,686686
1687734194,694954
1687734195,375037
1687734195,394884
1687734195,415374
1687734195,452916
1687734195,455732
1687734195,564859
1687734195,624852
1687734195,650053
1687734195,688479
1687734195,696473
1687734196,485478
1687734196,587598
1687734196,668815
1687734196,672398
1687734196,695157
1687734197,366166
1687734197,386447
1687734197,392705
1687734197,422555
1687734197,433676
1687734197,452900
1687734197,479703
1687734197,550446
1687734197,588679
1687734197,647789
1687734197,677786
1687734197,702328
1687734198,361131
1687734198,380922
1687734198,385466
1687734198,460191
1687734198,503816
1687734198,526659
1687734198,562796
1687734198,614424
1687734198,627945
1687734198,656069
1687734198,686615
1687734199,383402
1687734199,403379
1687734199,404843
1687734199,473715
1687734199,501582
1687734199,573751
1687734199,667263
1687734199,700648
1687734200,361481
1687734200,381733
1687734200,438498
1687734200,530805
1687734200,535630
1687734200,604665
1687734200,634485
1687734200,638112
1687734200,677522
1687734200,691535
1687734200,696508
1687734200,696558
1687734201,368539
1687734201,373181
1687734201,386354
1687734201,404416
1687734201,428571
1687734201,472598
1687734201,490812
1687734201,581362
1687734201,600130
1687734201,685475
1687734202,384138
1687734202,420753
1687734202,454936
1687734202,520253
1687734202,525883
1687734202,549306
1687734202,551052
1687734202,616665
1687734202,649836
1687734202,665019
1687734202,688671
1687734202,691397
1687734202,694948
1687734203,370851
1687734203,371190
1687734203,377941
1687734203,422912
1687734203,451509
1687734203,549568
1687734203,618550
1687734203,649132
1687734204,388183
1687734204,403838
1687734204,475343
1687734204,490631
1687734204,577270
1687734204,593408
1687734204,640533
1687734204,677543
1687734204,688624
1687734204,697250
1687734205,362956
1687734205,377824
1687734205,391627
1687734205,428711
1687734205,440314
1687734205,468825
1687734205,529745
1687734205,544824
1687734205,571702
1687734205,624878
1687734205,689867
1687734206,499025
1687734206,599668
1687734206,659103
1687734206,660042
1687734206,681326
1687734206,698258
1687734207,368427
1687734207,383580
1687734207,383864
1687734207,408030
1687734207,411727
1687734207,450067
1687734207,463960
1687734207,509699
1687734207,566712
1687734207,678629
1687734207,685838
1687734208,527341
1687734208,544382
1687734208,625375
1687734208,677756
1687734208,696559
1687734209,367886
1687734209,374826
1687734209,392358
1687734209,397122
1687734209,425686
1687734209,434037
1687734209,483502
1687734209,489922
1687734209,512370
1687734209,587973
1687734209,595526
1687734209,667377
1687734210,451073
1687734210,524251
1687734210,553576
1687734210,651167
1687734210,670601
1687734210,685573
1687734210,686463
1687734210,694922
1687734211,368509
1687734211,372129
1687734211,378906
1687734211,406389
1687734211,411852
1687734211,465091
1687734211,509659
1687734211,565177
1687734211,578438
1687734211,613149
1687734211,654199
1687734211,689226
1687734212,474861
1687734212,500398
1687734212,541185
1687734212,604385
1687734212,635484
1687734212,671791
1687734212,697394
1687734213,368787
1687734213,369009
1687734213,389408
1687734213,391548
1687734213,424667
1687734213,442322
1687734213,534469
1687734213,640178
1687734214,380130
1687734214,401603
1687734214,412694
1687734214,475905
1687734214,497371
1687734214,510234
1687734214,579832
1687734214,604741
1687734214,610100
1687734214,615870
1687734214,652846
1687734214,667484
1687734214,682840
1687734214,686496
1687734214,686904
1687734214,694446
1687734215,361563
1687734215,375860
1687734215,383552
1687734215,417100
1687734215,432061
1687734215,453519
1687734215,454818
1687734215,517838
1687734215,518191
1687734215,523785
1687734215,551388
1687734215,562791
1687734215,618524
1687734215,622723
1687734215,625256
1687734215,643640
1687734215,682500
1687734215,695103
1687734215,695836
1687734215,695883
1687734216,364790
1687734216,396003
1687734216,417056
1687734216,487538
1687734216,494426
1687734216,589635
1687734216,651673
1687734216,667886
1687734216,673350
1687734217,366448
1687734217,391855
1687734217,398899
1687734217,424376
1687734217,451059
1687734217,477120
1687734217,544954
1687734217,548313
1687734217,586767
1687734217,596749
1687734217,645996
1687734217,674514
1687734217,677075
1687734217,702063
1687734218,372774
1687734218,380317
1687734218,386300
1687734218,433035
1687734218,462243
1687734218,501640
1687734218,528819
1687734218,564927
1687734218,612449
1687734218,626111
1687734218,629985
1687734218,640557
1687734218,657516
1687734218,687456
1687734218,691902
1687734219,360645
1687734219,382266
1687734219,403619
1687734219,404944
1687734219,471952
1687734219,471965
1687734219,503588
1687734219,571102
1687734219,571742
1687734219,660627
1687734219,660925
1687734219,665755
1687734219,684810
1687734219,688546
1687734219,700699
1687734220,382372
1687734220,440160
1687734220,457247
1687734220,528615
1687734220,537808
1687734220,567888
1687734220,606578
1687734220,632479
1687734220,639906
1687734220,678206
1687734220,690638
1687734220,697109
1687734221,367756
1687734221,373633
1687734221,387547
1687734221,403155
1687734221,426376
1687734221,474810
1687734221,489142
1687734221,583377
1687734221,598257
1687734221,684275
1687734222,422058
1687734222,514388
1687734222,517940
1687734222,548998
1687734222,618444
1687734222,648292
1687734222,666067
1687734222,689525
1687734222,691224
1687734222,694187
1687734223,370729
1687734223,372005
1687734223,376846
1687734223,421234
1687734223,453499
1687734223,551532
1687734223,595533
1687734223,616776
1687734223,650588
1687734223,669634
1687734224,386934
1687734224,405080
1687734224,492591
1687734224,638560
1687734224,678778
1687734224,688721
1687734224,697200
1687734225,363517
1687734225,377204
1687734225,392448
1687734225,430495
1687734225,438621
1687734225,470695
1687734225,531790
1687734225,542968
1687734225,574079
1687734225,626396
1687734225,660257
1687734225,690552
1687734226,497055
1687734226,597864
1687734226,658635
1687734226,680695
1687734226,698073
1687734227,367998
1687734227,382970
1687734227,384312
1687734227,406587
1687734227,413411
1687734227,451920
1687734227,461945
1687734227,511494
1687734227,564939
1687734227,611770
1687734227,623300
1687734227,679340
1687734228,386173
1687734228,525339
1687734228,546585
1687734228,593454
1687734228,645194
1687734228,676480
1687734228,685302
1687734228,696790
1687734229,367311
1687734229,374894
1687734229,394144
1687734229,395918
1687734229,427385
1687734229,432208
1687734229,481421
1687734229,491954
1687734229,590190
1687734229,668504
1687734230,379638
1687734230,449526
1687734230,526174
1687734230,551411
1687734230,627785
1687734230,649625
1687734230,694900
1687734231,368501
1687734231,371539
1687734231,379716
1687734231,407958
1687734231,410215
1687734231,467043
1687734231,507614
1687734231,567243
1687734231,575374
1687734231,611314
1687734231,655641
1687734231,685773
1687734231,689719
1687734232,369313
1687734232,388506
1687734232,472852
1687734232,502330
1687734232,543223
1687734232,576284
1687734232,606505
1687734232,633819
1687734232,670671
1687734232,685911
1687734232,696979
1687734233,368648
1687734233,393012
1687734233,422775
1687734233,444414
1687734233,532453
1687734233,641800
1687734234,380483
1687734234,400566
1687734234,414099
1687734234,477892
1687734234,495178
1687734234,512330
1687734234,582108
1687734234,602484
1687734234,651375
1687734234,668617
1687734234,681969
1687734234,686235
1687734234,687150
1687734234,687339
1687734234,693947
1687734235,361676
1687734235,376688
1687734235,382989
1687734235,385861
1687734235,418871
1687734235,430504
1687734235,451319
1687734235,456695
1687734235,515960
1687734235,519985
1687734235,521700
1687734235,553478
1687734235,560678
1687734235,620237
1687734235,620628
1687734235,623115
1687734235,653256
1687734235,682991
1687734235,695001
1687734235,695161
1687734235,695211
1687734236,364161
1687734236,397203
1687734236,415193
1687734236,452769
1687734236,474583
1687734236,584820
1687734236,591649
1687734236,666951
1687734236,674324
1687734237,366836
1687734237,391055
1687734237,400268
1687734237,426236
1687734237,449214
1687734237,496361
1687734237,542589
1687734237,546211
1687734237,598605
1687734237,644205
1687734237,675609
1687734237,676385
1687734237,701766
1687734238,371687
1687734238,379727
1687734238,387187
1687734238,431402
1687734238,464375
1687734238,499513
1687734238,530969
1687734238,567091
1687734238,610415
1687734238,631965
1687734238,638924
1687734238,658927
1687734238,688272
1687734238,692085
1687734239,360234
1687734239,381168
1687734239,402450
1687734239,406577
1687734239,470177
1687734239,473343
1687734239,505575
1687734239,569697
1687734239,573452
1687734239,659669
1687734239,661995
1687734239,664224
1687734239,688649
1687734239,700726
1687734240,371292
1687734240,382989
1687734240,383716
1687734240,441812
1687734240,455178
1687734240,477013
1687734240,526388
1687734240,540016
1687734240,565586
1687734240,608439
1687734240,630504
1687734240,641711
1687734240,678896
1687734240,689697
1687734240,697685
1687734241,367013
1687734241,374096
1687734241,388764
1687734241,401911
1687734241,424248
1687734241,449352
1687734241,485298
1687734241,487530
1687734241,543045
1687734241,585351
1687734241,596305
1687734241,646372
1687734241,683008
1687734241,689973
1687734242,361113
1687734242,390809
1687734242,423417
1687734242,424634
1687734242,450655
1687734242,515598
1687734242,516400
1687734242,546923
1687734242,592614
1687734242,620221
1687734242,646719
1687734242,667106
1687734242,670630
1687734242,690315
1687734242,691004
1687734242,693388
1687734243,370359
1687734243,373175
1687734243,375728
1687734243,419573
1687734243,455520
1687734243,489565
1687734243,522590
1687734243,553534
1687734243,614962
1687734243,623394
1687734243,651989
1687734243,668590
1687734243,680026
1687734243,682425
1687734243,686000
1687734244,358929
1687734244,404653
1687734244,406378
1687734244,408538
1687734244,471330
1687734244,494612
1687734244,509537
1687734244,573490
1687734244,597629
1687734244,611840
1687734244,636561
1687734244,688772
1687734244,697089
1687734245,364117
1687734245,376616
1687734245,393321
1687734245,432332
1687734245,436945
1687734245,472599
1687734245,473848
1687734245,495607
1687734245,533830
1687734245,541100
1687734245,576407
1687734245,604682
1687734245,627940
1687734245,678647
1687734245,685003
1687734245,691174
1687734246,495082
1687734246,596077
1687734246,657182
1687734246,661416
1687734246,680036
1687734246,697880
1687734247,367596
1687734247,382082
1687734247,385075
1687734247,405187
1687734247,415089
1687734247,453798
1687734247,459881
1687734247,513239
1687734247,563159
1687734247,613412
1687734247,621214
1687734247,680030
1687734248,430369
1687734248,523305
1687734248,548804
1687734248,617662
1687734248,646717
1687734248,675181
1687734248,684742
1687734248,696988
1687734249,366730
1687734249,374998
1687734249,394720
1687734249,395996
1687734249,429117
1687734249,479356
1687734249,493957
1687734249,591316
1687734249,592352
1687734249,669624
1687734250,380835
1687734250,447979
1687734250,528061
1687734250,549241
1687734250,629461
1687734250,648034
1687734250,685100
1687734250,686941
1687734250,694863
1687734251,368517
1687734251,371076
1687734251,380616
1687734251,408596
1687734251,409501
1687734251,469031
1687734251,505534
1687734251,569373
1687734251,609479
1687734251,657091
1687734251,690215
1687734251,696515
1687734252,369886
1687734252,387640
1687734252,446503
1687734252,470927
1687734252,504268
1687734252,545275
1687734252,574127
1687734252,608539
1687734252,632090
1687734252,669492
1687734252,686986
1687734253,368294
1687734253,394491
1687734253,420931
1687734253,530447
1687734253,643345
1687734254,380893
1687734254,385717
1687734254,399566
1687734254,415546
1687734254,479831
1687734254,492990
1687734254,514419
1687734254,584336
1687734254,600242
1687734254,619432
1687734254,649876
1687734254,669673
1687734254,681134
1687734254,687393
1687734254,688172
1687734254,693419
1687734255,361829
1687734255,377514
1687734255,382444
1687734255,385498
1687734255,398473
1687734255,420697
1687734255,429013
1687734255,449140
1687734255,519624
1687734255,522129
1687734255,555621
1687734255,558547
1687734255,618583
1687734255,621983
1687734255,666021
1687734255,683487
1687734255,694379
1687734255,694574
1687734256,363586
1687734256,401678
1687734256,413383
1687734256,491567
1687734256,498322
1687734256,513768
1687734256,582845
1687734256,593663
1687734256,621032
1687734257,367303
1687734257,390309
1687734257,428133
1687734257,447363
1687734257,540254
1687734257,544127
1687734257,600437
1687734257,642404
1687734257,675716
1687734257,676647
1687734257,701462
1687734258,370590
1687734258,379185
1687734258,388135
1687734258,429787
1687734258,466542
1687734258,497417
1687734258,533099
1687734258,569264
1687734258,608348
1687734258,633876
1687734258,637326
1687734258,660278
1687734258,689046
1687734258,692215
1687734259,359920
1687734259,380121
1687734259,401341
1687734259,408271
1687734259,468387
1687734259,507568
1687734259,567614
1687734259,575822
1687734259,658419
1687734259,662692
1687734259,688717
1687734259,700730
1687734260,371978
1687734260,382475
1687734260,383612
1687734260,443456
1687734260,453154
1687734260,524124
1687734260,542231
1687734260,563337
1687734260,610310
1687734260,628525
1687734260,643532
1687734260,663363
1687734260,679594
1687734260,688762
1687734260,698193
1687734261,366316
1687734261,374602
1687734261,389987
1687734261,400645
1687734261,422184
1687734261,451319
1687734261,479202
1687734261,483169
1687734261,485929
1687734261,544929
1687734261,587282
1687734261,594297
1687734261,647802
1687734261,669712
1687734261,681670
1687734261,690240
1687734262,361776
1687734262,389510
1687734262,424826
1687734262,426415
1687734262,448599
1687734262,458556
1687734262,518453
1687734262,544808
1687734262,590627
1687734262,622021
1687734262,645155
1687734262,668086
1687734262,690777
1687734262,691058
1687734262,692544
1687734263,370044
1687734263,374362
1687734263,374614
1687734263,417958
1687734263,457608
1687734263,472132
1687734263,524503
1687734263,555582
1687734263,613121
1687734263,625555
1687734263,653327
1687734263,654776
1687734263,667488
1687734263,681685
1687734263,686354
1687734263,694843
1687734264,359201
1687734264,406196
1687734264,406863
1687734264,407734
1687734264,469334
1687734264,475760
1687734264,496670
1687734264,507220
1687734264,571609
1687734264,609958
1687734264,634542
1687734264,681221
1687734264,688778
1687734264,696902
1687734265,364745
1687734265,376063
1687734265,382056
1687734265,394233
1687734265,434229
1687734265,435274
1687734265,474513
1687734265,497564
1687734265,535884
1687734265,539213
1687734265,578739
1687734265,606338
1687734265,629511
1687734265,634872
1687734265,679435
1687734265,684737
1687734265,691720
1687734266,363536
1687734266,390491
1687734266,429421
1687734266,478890
1687734266,493103
1687734266,529159
1687734266,594303
1687734266,655694
1687734266,662619
1687734266,679327
1687734266,697705
1687734267,367205
1687734267,381210
1687734267,385836
1687734267,403800
1687734267,416757
1687734267,446248
1687734267,455676
1687734267,457828
1687734267,514931
1687734267,561367
1687734267,578597
1687734267,615025
1687734267,619188
1687734267,657835
1687734267,666852
1687734267,680701
1687734267,688991
1687734268,372072
1687734268,382009
1687734268,428550
1687734268,454111
1687734268,521285
1687734268,551032
1687734268,553558
1687734268,589149
1687734268,648220
1687734268,673871
1687734268,684160
1687734268,697143
1687734269,366170
1687734269,375146
1687734269,393516
1687734269,397889
1687734269,430886
1687734269,471204
1687734269,477315
1687734269,495961
1687734269,546573
1687734269,584605
1687734269,594461
1687734269,650274
1687734269,668504
1687734269,670718
1687734269,694038
1687734270,369834
1687734270,392408
1687734270,434486
1687734270,446446
1687734270,513271
1687734270,529935
1687734270,547084
1687734270,631100
1687734270,646368
1687734270,684402
1687734270,687722
1687734270,694782
1687734271,368538
1687734271,370693
1687734271,381596
1687734271,406984
1687734271,411032
1687734271,471044
1687734271,532708
1687734271,571558
1687734271,599753
1687734271,607652
1687734271,629093
1687734271,658555
1687734271,675323
1687734271,690679
1687734272,370521
1687734272,384506
1687734272,386816
1687734272,448608
1687734272,469031
1687734272,506162
1687734272,547351
1687734272,571953
1687734272,610548
1687734272,630290
1687734272,668276
1687734272,688006
1687734272,695987
1687734273,367936
1687734273,395954
1687734273,419088
1687734273,528414
1687734273,644826
1687734274,381312
1687734274,398592
1687734274,417068
1687734274,481741
1687734274,490827
1687734274,516520
1687734274,586529
1687734274,598025
1687734274,621157
1687734274,648372
1687734274,670684
1687734274,680295
1687734274,687652
1687734274,689038
1687734274,692868
1687734275,362023
1687734275,378372
1687734275,381881
1687734275,385115
1687734275,399804
1687734275,422569
1687734275,427570
1687734275,446983
1687734275,460384
1687734275,517574
1687734275,524258
1687734275,556403
1687734275,557777
1687734275,616564
1687734275,623739
1687734275,683932
1687734275,693568
1687734275,693925
1687734276,363082
1687734276,403138
1687734276,411604
1687734276,469732
1687734276,493523
1687734276,500281
1687734276,511597
1687734276,580846
1687734276,595638
1687734276,619033
1687734276,656233
1687734276,676332
1687734276,694627
1687734277,367843
1687734277,389621
1687734277,430085
1687734277,445483
1687734277,537912
1687734277,542091
1687734277,602265
1687734277,640595
1687734277,677604
1687734277,701139
1687734278,369503
1687734278,378674
1687734278,383324
1687734278,389136
1687734278,428200
1687734278,468749
1687734278,495340
1687734278,503416
1687734278,571424
1687734278,606208
1687734278,635734
1687734278,635752
1687734278,661610
1687734278,675076
1687734278,689780
1687734278,692290
1687734279,359693
1687734279,379136
1687734279,400269
1687734279,410003
1687734279,466553
1687734279,509549
1687734279,565508
1687734279,578207
1687734279,657162
1687734279,661144
1687734279,664710
1687734279,688756
1687734279,700718
1687734280,372700
1687734280,381185
1687734280,384239
1687734280,445122
1687734280,451188
1687734280,521866
1687734280,544461
1687734280,561105
1687734280,612186
1687734280,626503
1687734280,645405
1687734280,680322
1687734280,687832
1687734280,698676
1687734281,365692
1687734281,375181
1687734281,391227
1687734281,399393
1687734281,420158
1687734281,453308
1687734281,477663
1687734281,481035
1687734281,481355
1687734281,484313
1687734281,589232
1687734281,592221
1687734281,649220
1687734281,668771
1687734281,680273
1687734281,690464
1687734282,362470
1687734282,388202
1687734282,426274
1687734282,428212
1687734282,446624
1687734282,520552
1687734282,542677
1687734282,588590
1687734282,623842
1687734282,643564
1687734282,669034
1687734282,690539
1687734282,691661
1687734282,691788
1687734283,369834
1687734283,373487
1687734283,375533
1687734283,416356
1687734283,459716
1687734283,510976
1687734283,526446
1687734283,557614
1687734283,611239
1687734283,627716
1687734283,654678
1687734283,665066
1687734283,666325
1687734283,680899
1687734283,686679
1687734284,359513
1687734284,405213
1687734284,407804
1687734284,409113
1687734284,467333
1687734284,498780
1687734284,504889
1687734284,535175
1687734284,569745
1687734284,601872
1687734284,608065
1687734284,632525
1687734284,682383
1687734284,688728
1687734284,696669
1687734285,365404
1687734285,375544
1687734285,383280
1687734285,395165
1687734285,433611
1687734285,476436
1687734285,499579
1687734285,537315
1687734285,537942
1687734285,581026
1687734285,607943
1687734285,631081
1687734285,632797
1687734285,680164
1687734285,684457
1687734285,692188
1687734286,363395
1687734286,391609
1687734286,427804
1687734286,436156
1687734286,480736
1687734286,491140
1687734286,526590
1687734286,592506
1687734286,654173
1687734286,663832
1687734286,678567
1687734286,697562
1687734287,366841
1687734287,380377
1687734287,386611
1687734287,402451
1687734287,418406
1687734287,444422
1687734287,455767
1687734287,457538
1687734287,516611
1687734287,559591
1687734287,581111
1687734287,616636
1687734287,656344
1687734287,668190
1687734287,681312
1687734287,688582
1687734288,371161
1687734288,383106
1687734288,456285
1687734288,519250
1687734288,546829
1687734288,551343
1687734288,553284
1687734288,586966
1687734288,617170
1687734288,649689
1687734288,672512
1687734288,683554
1687734288,697294
1687734289,365609
1687734289,375336
1687734289,392293
1687734289,399789
1687734289,432690
1687734289,436135
1687734289,469093
1687734289,475261
1687734289,497917
1687734289,548745
1687734289,582330
1687734289,596529
1687734289,651903
1687734289,667818
1687734289,671777
1687734290,370697
1687734290,391395
1687734290,444899
1687734290,501288
1687734290,531851
1687734290,544910
1687734290,632737
1687734290,644692
1687734290,683670
1687734290,688550
1687734290,694660
1687734291,370350
1687734291,382637
1687734291,405384
1687734291,412551
1687734291,473076
1687734291,534944
1687734291,573814
1687734291,605831
1687734291,609500
1687734291,630968
1687734291,660011
1687734291,678393
1687734291,691126
1687734292,362475
1687734292,368568
1687734292,371232
1687734292,386016
1687734292,400654
1687734292,418365
1687734292,450744
1687734292,467137
1687734292,494675
1687734292,504591
1687734292,508010
1687734292,549465
1687734292,569777
1687734292,612492
1687734292,628429
1687734292,666978
1687734292,683256
1687734292,688970
1687734292,695404
1687734293,367592
1687734293,397445
1687734293,417256
1687734293,486543
1687734293,517782
1687734293,526374
1687734293,611102
1687734293,635495
1687734293,646275
1687734293,682914
1687734294,362517
1687734294,381739
1687734294,396770
1687734294,397606
1687734294,418542
1687734294,418640
1687734294,483647
1687734294,488702
1687734294,518649
1687734294,586937
1687734294,588638
1687734294,595811
1687734294,622870
1687734294,646842
1687734294,671628
1687734294,679473
1687734294,687911
1687734294,689865
1687734294,692279
1687734295,362260
1687734295,379240
1687734295,381349
1687734295,384713
1687734295,424462
1687734295,426178
1687734295,426707
1687734295,439390
1687734295,444853
1687734295,462157
1687734295,515584
1687734295,526370
1687734295,545830
1687734295,554256
1687734295,559963
1687734295,614581
1687734295,625509
1687734295,647646
1687734295,672570
1687734295,684313
1687734295,691788
1687734295,692731
1687734295,693249
1687734296,362682
1687734296,368076
1687734296,368449
1687734296,381862
1687734296,388987
1687734296,404631
1687734296,409858
1687734296,467368
1687734296,495434
1687734296,502245
1687734296,509475
1687734296,578836
1687734296,597571
1687734296,617096
1687734296,657617
1687734296,664036
1687734296,677321
1687734296,694367
1687734297,378171
1687734297,432087
1687734297,443607
1687734297,535562
1687734297,537202
1687734297,540082
1687734297,604090
1687734297,637560
1687734297,638773
1687734297,678470
1687734297,692319
1687734297,693993
1687734297,700789
1687734298,368456
1687734298,384632
1687734298,390147
1687734298,426626
1687734298,470952
1687734298,493303
1687734298,573603
1687734298,604008
1687734298,634201
1687734298,662898
1687734298,674441
1687734298,688763
1687734298,690460
1687734299,359560
1687734299,378222
1687734299,399253
1687734299,411781
1687734299,464690
1687734299,479542
1687734299,511506
1687734299,563384
1687734299,580595
1687734299,659604
1687734299,666040
1687734299,688784
1687734299,700657
1687734300,373479
1687734300,379855
1687734300,384880
1687734300,446826
1687734300,449291
1687734300,483489
1687734300,519598
1687734300,546720
1687734300,548819
1687734300,558922
1687734300,614085
1687734300,624461
1687734300,647289
1687734300,681070
1687734300,686937
1687734300,699139
1687734301,365155
1687734301,375807
1687734301,386909
1687734301,392456
1687734301,398169
1687734301,418181
1687734301,455283
1687734301,478897
1687734301,482650
1687734301,590086
1687734301,591129
1687734301,641941
1687734301,650620
1687734301,678836
1687734301,690667
1687734302,363210
1687734302,427768
1687734302,430036
1687734302,444717
1687734302,522683
1687734302,540555
1687734302,586501
1687734302,625690
1687734302,667806
1687734302,669942
1687734302,690267
1687734302,690716
1687734302,692470
1687734303,369731
1687734303,372351
1687734303,376694
1687734303,401188
1687734303,414793
1687734303,461850
1687734303,508715
1687734303,528390
1687734303,559685
1687734303,609321
1687734303,629860
1687734303,656009
1687734303,665081
1687734303,680061
1687734303,686977
1687734304,359889
1687734304,375038
1687734304,403597
1687734304,409442
1687734304,410513
1687734304,465335
1687734304,500939
1687734304,502562
1687734304,567871
1687734304,603960
1687734304,606171
1687734304,630466
1687734304,683525
1687734304,688654
1687734304,696376
1687734305,363237
1687734305,366099
1687734305,382054
1687734305,396158
1687734305,431975
1687734305,478375
1687734305,501634
1687734305,535423
1687734305,540066
1687734305,583261
1687734305,609504
1687734305,630665
1687734305,632661
1687734305,677757
1687734305,680870
1687734305,684155
1687734305,692577
1687734306,392743
1687734306,426194
1687734306,438110
1687734306,482563
1687734306,489201
1687734306,524014
1687734306,590657
1687734306,652607
1687734306,655907
1687734306,665079
1687734306,669481
1687734306,697441
1687734307,366504
1687734307,379579
1687734307,387392
1687734307,401130
1687734307,442592
1687734307,453727
1687734307,459390
1687734307,518253
1687734307,557805
1687734307,583551
1687734307,618244
1687734307,654786
1687734307,681853
1687734307,688111
1687734308,370315
1687734308,375580
1687734308,384237
1687734308,424878
1687734308,458484
1687734308,517246
1687734308,549148
1687734308,555531
1687734308,584772
1687734308,615095
1687734308,651147
1687734308,671096
1687734308,682927
1687734308,697465
1687734309,365094
1687734309,401667
1687734309,434561
1687734309,467017
1687734309,473208
1687734309,499859
1687734309,533753
1687734309,550970
1687734309,580070
1687734309,598532
1687734309,653503
1687734309,667127
1687734309,672813
1687734310,371575
1687734310,390371
1687734310,403784
1687734310,437767
1687734310,443301
1687734310,499136
1687734310,542749
1687734310,607170
1687734310,634358
1687734310,642982
1687734310,682904
1687734310,689391
1687734310,694469
1687734311,368626
1687734311,370029
1687734311,383737
1687734311,414068
1687734311,475120
1687734311,576132
1687734311,604016
1687734311,632804
1687734311,661433
1687734311,689121
1687734311,691523
1687734312,362872
1687734312,372005
1687734312,385206
1687734312,399459
1687734312,420106
1687734312,452898
1687734312,465273
1687734312,492717
1687734312,506344
1687734312,509803
1687734312,551601
1687734312,567583
1687734312,614387
1687734312,626550
1687734312,665550
1687734312,683852
1687734312,689839
1687734312,694751
1687734313,367279
1687734313,398925
1687734313,415439
1687734313,515218
1687734313,524338
1687734313,612788
1687734313,633172
1687734313,647646
1687734313,682539
1687734313,688179
1687734314,382184
1687734314,396597
1687734314,417127
1687734314,420315
1687734314,485565
1687734314,486547
1687734314,488298
1687734314,520776
1687734314,589189
1687734314,590686
1687734314,593604
1687734314,624595
1687734314,645285
1687734314,672522
1687734314,673855
1687734314,678656
1687734314,690696
1687734314,691671
1687734314,693899
1687734315,362549
1687734315,380125
1687734315,380824
1687734315,384308
1687734315,420067
1687734315,424789
1687734315,426398
1687734315,437424
1687734315,442738
1687734315,463901
1687734315,513629
1687734315,528435
1687734315,543863
1687734315,552106
1687734315,562150
1687734315,612626
1687734315,627266
1687734315,646242
1687734315,684691
1687734315,691510
1687734315,691838
1687734315,692514
1687734316,362365
1687734316,367552
1687734316,369120
1687734316,383056
1687734316,388391
1687734316,391093
1687734316,402574
1687734316,406184
1687734316,408162
1687734316,465011
1687734316,465342
1687734316,497298
1687734316,507379
1687734316,561426
1687734316,576849
1687734316,599505
1687734316,615169
1687734316,658988
1687734316,659511
1687734316,662993
1687734316,678283
1687734316,694059
1687734317,377687
1687734317,434129
1687734317,441770
1687734317,463699
1687734317,473098
1687734317,533226
1687734317,537159
1687734317,538093
1687734317,539204
1687734317,570200
1687734317,605932
1687734317,636919
1687734317,664252
1687734317,679244
1687734317,692956
1687734317,700380
1687734318,367456
1687734318,369814
1687734318,378707
1687734318,385996
1687734318,425044
1687734318,444103
1687734318,491284
1687734318,541036
1687734318,575813
1687734318,601764
1687734318,632739
1687734318,634469
1687734318,639309
1687734318,664183
1687734318,673835
1687734318,677951
1687734318,691118
1687734318,700554
1687734319,359516
1687734319,377381
1687734319,398306
1687734319,413565
1687734319,462839
1687734319,481407
1687734319,485786
1687734319,513463
1687734319,561282
1687734319,582983
1687734319,593254
1687734319,658056
1687734319,667310
1687734319,673600
1687734319,688798
1687734319,689105
1687734320,366863
1687734320,374308
1687734320,378474
1687734320,385545
1687734320,394565
1687734320,420757
1687734320,447477
1687734320,448582
1687734320,485631
1687734320,516475
1687734320,517321
1687734320,548964
1687734320,550854
1687734320,556773
1687734320,615984
1687734320,616917
1687734320,622417
1687734320,649167
1687734320,681792
1687734320,684743
1687734320,686064
1687734320,699579
1687734321,364697
1687734321,376494
1687734321,385607
1687734321,393694
1687734321,396906
1687734321,416315
1687734321,457271
1687734321,476807
1687734321,480905
1687734321,516117
1687734321,587893
1687734321,593001
1687734321,615956
1687734321,652020
1687734321,677353
1687734321,684843
1687734321,690840
1687734322,429282
1687734322,431851
1687734322,442827
1687734322,524845
1687734322,538456
1687734322,584373
1687734322,627474
1687734322,640296
1687734322,670822
1687734322,689677
1687734322,690013
1687734322,693134
1687734323,369688
1687734323,371180
1687734323,377895
1687734323,413242
1687734323,463991
1687734323,506460
1687734323,530373
1687734323,561805
1687734323,607418
1687734323,631958
1687734323,657315
1687734323,663750
1687734323,679193
1687734323,687263
1687734324,360288
1687734324,391176
1687734324,401972
1687734324,411102
1687734324,411963
1687734324,463390
1687734324,500257
1687734324,503054
1687734324,504218
1687734324,566014
1687734324,604283
1687734324,606025
1687734324,628343
1687734324,684630
1687734324,688524
1687734324,692316
1687734324,696026
1687734325,363069
1687734325,366833
1687734325,374557
1687734325,380809
1687734325,397199
1687734325,430356
1687734325,480341
1687734325,503685
1687734325,533534
1687734325,542232
1687734325,585446
1687734325,611039
1687734325,628482
1687734325,634212
1687734325,654637
1687734325,681567
1687734325,683851
1687734325,692882
1687734326,393916
1687734326,424541
1687734326,484351
1687734326,487266
1687734326,521471
1687734326,588798
1687734326,651022
1687734326,666352
1687734326,670731
1687734326,676878
1687734326,697313
1687734327,362291
1687734327,366246
1687734327,378828
1687734327,388209
1687734327,399821
1687734327,421739
1687734327,440752
1687734327,451700
1687734327,461250
1687734327,519924
1687734327,556030
1687734327,585970
1687734327,619872
1687734327,653181
1687734327,682345
1687734327,687608
1687734328,369501
1687734328,385363
1687734328,397951
1687734328,423063
1687734328,460738
1687734328,515248
1687734328,546968
1687734328,557738
1687734328,582571
1687734328,613057
1687734328,652585
1687734328,666820
1687734328,669653
1687734328,682308
1687734328,697617
1687734329,363959
1687734329,364607
1687734329,375893
1687734329,389905
1687734329,403509
1687734329,436484
1687734329,464935
1687734329,471130
1687734329,501812
1687734329,535683
1687734329,553262
1687734329,577801
1687734329,600467
1687734329,654999
1687734329,666412
1687734329,673811
1687734329,693746
1687734330,372491
1687734330,389304
1687734330,439376
1687734330,441675
1687734330,496959
1687734330,539375
1687734330,540561
1687734330,635953
1687734330,641243
1687734330,682076
1687734330,690199
1687734330,694223
1687734331,368707
1687734331,369724
1687734331,384883
1687734331,402209
1687734331,415619
1687734331,477142
1687734331,578511
1687734331,602195
1687734331,604857
1687734331,634618
1687734331,662812
1687734331,677540
1687734331,689433
1687734331,691874
1687734332,363324
1687734332,372832
1687734332,384379
1687734332,398270
1687734332,421890
1687734332,455098
1687734332,463405
1687734332,490751
1687734332,508151
1687734332,511573
1687734332,553797
1687734332,565416
1687734332,616248
1687734332,624641
1687734332,664047
1687734332,684460
1687734332,690624
1687734332,693987
1687734333,362124
1687734333,367013
1687734333,399197
1687734333,400402
1687734333,413680
1687734333,512637
1687734333,522286
1687734333,614492
1687734333,630795
1687734333,648986
1687734333,682167
1687734333,688468
1687734334,382623
1687734334,395543
1687734334,415769
1687734334,422058
1687734334,484400
1687734334,487484
1687734334,522883
1687734334,591374
1687734334,591451
1687734334,592666
1687734334,626399
1687734334,643690
1687734334,673371
1687734334,677839
1687734334,691049
1687734334,691529
1687734335,362888
1687734335,380304
1687734335,381035
1687734335,383919
1687734335,423364
1687734335,428347
1687734335,435468
1687734335,440642
1687734335,465623
1687734335,511689
1687734335,530455
1687734335,541891
1687734335,564310
1687734335,610694
1687734335,628974
1687734335,644808
1687734335,675103
1687734335,685067
1687734335,690935
1687734335,691178
1687734335,691713
1687734336,362133
1687734336,367069
1687734336,384306
1687734336,403948
1687734336,406478
1687734336,407786
1687734336,462633
1687734336,467253
1687734336,499142
1687734336,505285
1687734336,563453
1687734336,574842
1687734336,601392
1687734336,613243
1687734336,660344
1687734336,660923
1687734336,661857
1687734336,679224
1687734336,693723
1687734337,369881
1687734337,387815
1687734337,392202
1687734337,436228
1687734337,439960
1687734337,440076
1687734337,461517
1687734337,506173
1687734337,530846
1687734337,536131
1687734337,541184
1687734337,567944
1687734337,607819
1687734337,635024
1687734337,640999
1687734337,663056
1687734337,679961
1687734337,692301
1687734337,692906
1687734337,699889
1687734338,366520
1687734338,370390
1687734338,376627
1687734338,378011
1687734338,387446
1687734338,423453
1687734338,445926
1687734338,475227
1687734338,489317
1687734338,542985
1687734338,578037
1687734338,599502
1687734338,631274
1687734338,636281
1687734338,665453
1687734338,672887
1687734338,673237
1687734338,691718
1687734338,700416
1687734339,359544
1687734339,397387
1687734339,415370
1687734339,460987
1687734339,483234
1687734339,484019
1687734339,515399
1687734339,559201
1687734339,585342
1687734339,591165
1687734339,656506
1687734339,668507
1687734339,688820
1687734339,689301
1687734340,367072
1687734340,375166
1687734340,377060
1687734340,386250
1687734340,393213
1687734340,422563
1687734340,445674
1687734340,450397
1687734340,487783
1687734340,515034
1687734340,518572
1687734340,551213
1687734340,552945
1687734340,554632
1687734340,617871
1687734340,618686
1687734340,620405
1687734340,651019
1687734340,682489
1687734340,685194
1687734340,685403
1687734340,699999
1687734341,364294
1687734341,377203
1687734341,384303
1687734341,394925
1687734341,395660
1687734341,408993
1687734341,414535
1687734341,459266
1687734341,474732
1687734341,479112
1687734341,514081
1687734341,549920
1687734341,585667
1687734341,594881
1687734341,614035
1687734341,653331
1687734341,653428
1687734341,665833
1687734341,675852
1687734341,684546
1687734341,691004
1687734342,361918
1687734342,364709
1687734342,403877
1687734342,430857
1687734342,433723
1687734342,440954
1687734342,495024
1687734342,527009
1687734342,536431
1687734342,597921
1687734342,629216
1687734342,638627
1687734342,671702
1687734342,676160
1687734342,687517
1687734342,688547
1687734342,689728
1687734342,693757
1687734343,360714
1687734343,367508
1687734343,369728
1687734343,369967
1687734343,379104
1687734343,411672
1687734343,428950
1687734343,466138
1687734343,490102
1687734343,504163
1687734343,532372
1687734343,539842
1687734343,563991
1687734343,605487
1687734343,633995
1687734343,638946
1687734343,658627
1687734343,662335
1687734343,678302
1687734343,687847
1687734344,385450
1687734344,400377
1687734344,412789
1687734344,413450
1687734344,442090
1687734344,461434
1687734344,474000
1687734344,497944
1687734344,505162
1687734344,564112
1687734344,570030
1687734344,602393
1687734344,608073
1687734344,626206
1687734344,663031
1687734344,685727
1687734344,688366
1687734344,690884
1687734344,695623
1687734345,367609
1687734345,374118
1687734345,375636
1687734345,377225
1687734345,379580
1687734345,380645
1687734345,398315
1687734345,428768
1687734345,457672
1687734345,482342
1687734345,505756
1687734345,531673
1687734345,544418
1687734345,562745
1687734345,587542
1687734345,612562
1687734345,626233
1687734345,635737
1687734345,659541
1687734345,682213
1687734345,683530
1687734345,693136
1687734346,362908
1687734346,366075
1687734346,395122
1687734346,422832
1687734346,449749
1687734346,485335
1687734346,486102
1687734346,519002
1687734346,547351
1687734346,588324
1687734346,642404
1687734346,649452
1687734346,667622
1687734346,675944
1687734346,690445
1687734346,697193
1687734347,378099
1687734347,389064
1687734347,398566
1687734347,423431
1687734347,438964
1687734347,449691
1687734347,463115
1687734347,521622
1687734347,554232
1687734347,621492
1687734347,651540
1687734347,671943
1687734347,682799
1687734347,687047
1687734348,368726
1687734348,386461
1687734348,421245
1687734348,463042
1687734348,513270
1687734348,544794
1687734348,559931
1687734348,580344
1687734348,611004
1687734348,654021
1687734348,668146
1687734348,681709
1687734348,697768
1687734349,364157
1687734349,376301
1687734349,388761
1687734349,405351
1687734349,438430
1687734349,462837
1687734349,469058
1687734349,503741
1687734349,537658
1687734349,555555
1687734349,575551
1687734349,582242
1687734349,602357
1687734349,656421
1687734349,665659
1687734349,674779
1687734349,693531
1687734350,373439
1687734350,388198
1687734350,440024
1687734350,440994
1687734350,494764
1687734350,538345
1687734350,541534
1687734350,637523
1687734350,681231
1687734350,690961
1687734350,693939
1687734351,368818
1687734351,386084
1687734351,400685
1687734351,417194
1687734351,479155
1687734351,580915
1687734351,600384
1687734351,602538
1687734351,636429
1687734351,664135
1687734351,677150
1687734351,689720
1687734351,692188
1687734352,363842
1687734352,373706
1687734352,383539
1687734352,397076
1687734352,423700
1687734352,461559
1687734352,488786
1687734352,510003
1687734352,513348
1687734352,555999
1687734352,563309
1687734352,618075
1687734352,622731
1687734352,662462
1687734352,685078
1687734352,691367
1687734352,693129
1687734353,366814
1687734353,400522
1687734353,401905
1687734353,411992
1687734353,457334
1687734353,489394
1687734353,510051
1687734353,520238
1687734353,616193
1687734353,628397
1687734353,650286
1687734353,681761
1687734353,688798
1687734354,362005
1687734354,363283
1687734354,383091
1687734354,394441
1687734354,414418
1687734354,423811
1687734354,482269
1687734354,482377
1687734354,491915
1687734354,509737
1687734354,525004
1687734354,547742
1687734354,589135
1687734354,593710
1687734354,594557
1687734354,628200
1687734354,642011
1687734354,674193
1687734354,676323
1687734354,677042
1687734354,690422
1687734354,692315
1687734355,379785
1687734355,381956
1687734355,383543
1687734355,421938
1687734355,430308
1687734355,433536
1687734355,438550
1687734355,467334
1687734355,532467
1687734355,539926
1687734355,566445
1687734355,608792
1687734355,630669
1687734355,643335
1687734355,685442
1687734355,689969
1687734355,690822
1687734355,690861
1687734356,361977
1687734356,366640
1687734356,385600
1687734356,404851
1687734356,405344
1687734356,409437
1687734356,460271
1687734356,469152
1687734356,500988
1687734356,503173
1687734356,565482
1687734356,572816
1687734356,603294
1687734356,611299
1687734356,660675
1687734356,661666
1687734356,662269
1687734356,680151
1687734356,693355
1687734357,369464
1687734357,370720
1687734357,376762
1687734357,387255
1687734357,393216
1687734357,438178
1687734357,438378
1687734357,459297
1687734357,508111
1687734357,528458
1687734357,534165
1687734357,543169
1687734357,565636
1687734357,609708
1687734357,633118
1687734357,639501
1687734357,642588
1687734357,661766
1687734357,680653
1687734357,692247
1687734357,692255
1687734357,692765
1687734357,699321
1687734358,359653
1687734358,365650
1687734358,370986
1687734358,377341
1687734358,388946
1687734358,421843
1687734358,447734
1687734358,477325
1687734358,487411
1687734358,545008
1687734358,580262
1687734358,587658
1687734358,597233
1687734358,629826
1687734358,638087
1687734358,666744
1687734358,672141
1687734358,672656
1687734358,700244
1687734359,375988
1687734359,396549
1687734359,417187
1687734359,459146
1687734359,482249
1687734359,485048
1687734359,517336
1687734359,557118
1687734359,589020
1687734359,651988
1687734359,654956
1687734359,669666
1687734359,688833
1687734359,689495
1687734360,367271
1687734360,375631
1687734360,376055
1687734360,387026
1687734360,391855
1687734360,424362
1687734360,443867
1687734360,452215
1687734360,512728
1687734360,520623
1687734360,552520
1687734360,553496
1687734360,555086
1687734360,618416
1687734360,619779
1687734360,620467
1687734360,652812
1687734360,683156
1687734360,684300
1687734360,686044
1687734360,700353
1687734361,363949
1687734361,377901
1687734361,383031
1687734361,394395
1687734361,396136
1687734361,407416
1687734361,412857
1687734361,461238
1687734361,472643
1687734361,477273
1687734361,489906
1687734361,512002
1687734361,580097
1687734361,583398
1687734361,586949
1687734361,596737
1687734361,612104
1687734361,654826
1687734361,664843
1687734361,674301
1687734361,684251
1687734361,691169
1687734362,362020
1687734362,365498
1687734362,405475
1687734362,432481
1687734362,435609
1687734362,439086
1687734362,496673
1687734362,529168
1687734362,534435
1687734362,599802
1687734362,630885
1687734362,636953
1687734362,672555
1687734362,677067
1687734362,687322
1687734362,689435
1687734362,694325
1687734363,367130
1687734363,368701
1687734363,369880
1687734363,380325
1687734363,410147
1687734363,427187
1687734363,468270
1687734363,501843
1687734363,534346
1687734363,537762
1687734363,566233
1687734363,603501
1687734363,611818
1687734363,636015
1687734363,637173
1687734363,659924
1687734363,660866
1687734363,677416
1687734363,687667
1687734363,687753
1687734364,361197
1687734364,386847
1687734364,398774
1687734364,414506
1687734364,414967
1687734364,444164
1687734364,459478
1687734364,475894
1687734364,495677
1687734364,507274
1687734364,562210
1687734364,572340
1687734364,600530
1687734364,610089
1687734364,624067
1687734364,664422
1687734364,686806
1687734364,688183
1687734364,690735
1687734364,695147
1687734365,368411
1687734365,373715
1687734365,376336
1687734365,378362
1687734365,379548
1687734365,399489
1687734365,427183
1687734365,456207
1687734365,484356
1687734365,507858
1687734365,529814
1687734365,546636
1687734365,560926
1687734365,589586
1687734365,614047
1687734365,624002
1687734365,637273
1687734365,658432
1687734365,682863
1687734365,683200
1687734365,693354
1687734366,362767
1687734366,396354
1687734366,396358
1687734366,421065
1687734366,451566
1687734366,487805
1687734366,516570
1687734366,549350
1687734366,585136
1687734366,590636
1687734366,644206
1687734366,647885
1687734366,649836
1687734366,668918
1687734366,670463
1687734366,674952
1687734366,690722
1687734366,697049
1687734367,365988
1687734367,377421
1687734367,389942
1687734367,397347
1687734367,425122
1687734367,427923
1687734367,437213
1687734367,447694
1687734367,464998
1687734367,480283
1687734367,523328
1687734367,552419
1687734367,591125
1687734367,623099
1687734367,673119
1687734367,683285
1687734367,686434
1687734368,368021
1687734368,387569
1687734368,419434
1687734368,465310
1687734368,511305
1687734368,526107
1687734368,542618
1687734368,562147
1687734368,578095
1687734368,608941
1687734368,609823
1687734368,625958
1687734368,655449
1687734368,666637
1687734368,681129
1687734368,683843
1687734368,689218
1687734368,697915
1687734369,362436
1687734369,363756
1687734369,376763
1687734369,387662
1687734369,407188
1687734369,418457
1687734369,438356
1687734369,440413
1687734369,460766
1687734369,467001
1687734369,505680
1687734369,539610
1687734369,557839
1687734369,573295
1687734369,604183
1687734369,657803
1687734369,664873
1687734369,675666
1687734369,693234
1687734370,369243
1687734370,374382
1687734370,387052
1687734370,399223
1687734370,408339
1687734370,442619
1687734370,492510
1687734370,500781
1687734370,536129
1687734370,543590
1687734370,598552
1687734370,604832
1687734370,632688
1687734370,637711
1687734370,639116
1687734370,680360
1687734370,681842
1687734370,691696
1687734370,691759
1687734370,693600
1687734371,368960
1687734371,373089
1687734371,389027
1687734371,418774
1687734371,432963
1687734371,481169
1687734371,481677
1687734371,533632
1687734371,583330
1687734371,600191
1687734371,638188
1687734371,665418
1687734371,676780
1687734371,689996
1687734371,692479
1687734372,364373
1687734372,374589
1687734372,382678
1687734372,395882
1687734372,425530
1687734372,459735
1687734372,486817
1687734372,511917
1687734372,515164
1687734372,558185
1687734372,561215
1687734372,578011
1687734372,619884
1687734372,620824
1687734372,660829
1687734372,685667
1687734372,692017
1687734372,692192
1687734373,366656
1687734373,401886
1687734373,410381
1687734373,459569
1687734373,491277
1687734373,507455
1687734373,518214
1687734373,617932
1687734373,626004
1687734373,651536
1687734373,681354
1687734373,689206
1687734374,361933
1687734374,365306
1687734374,383556
1687734374,393312
1687734374,413080
1687734374,425602
1687734374,480146
1687734374,493721
1687734374,527125
1687734374,545537
1687734374,586909
1687734374,595953
1687734374,596426
1687734374,630004
1687734374,640253
1687734374,675018
1687734374,676246
1687734374,689777
1687734374,693145
1687734375,379256
1687734375,382902
1687734375,383164
1687734375,403259
1687734375,420503
1687734375,431562
1687734375,432325
1687734375,436462
1687734375,469037
1687734375,507766
1687734375,534482
1687734375,537941
1687734375,568551
1687734375,606902
1687734375,632307
1687734375,641807
1687734375,685803
1687734375,688963
1687734375,689989
1687734376,361864
1687734376,366284
1687734376,386883
1687734376,406750
1687734376,411136
1687734376,457944
1687734376,471042
1687734376,483379
1687734376,501035
1687734376,502876
1687734376,567465
1687734376,570797
1687734376,605203
1687734376,609341
1687734376,659494
1687734376,663561
1687734376,681083
1687734376,692970
1687734377,371621
1687734377,376283
1687734377,386732
1687734377,387352
1687734377,394257
1687734377,436409
1687734377,440535
1687734377,457035
1687734377,479368
1687734377,510046
1687734377,526064
1687734377,532189
1687734377,545144
1687734377,563345
1687734377,611606
1687734377,631220
1687734377,644100
1687734377,660386
1687734377,662961
1687734377,681329
1687734377,692108
1687734377,692540
1687734377,692728
1687734377,698728
1687734378,364858
1687734378,371618
1687734378,376668
1687734378,390474
1687734378,419007
1687734378,420235
1687734378,449498
1687734378,480458
1687734378,485539
1687734378,508498
1687734378,547037
1687734378,582451
1687734378,594970
1687734378,628365
1687734378,639880
1687734378,668049
1687734378,672068
1687734378,700078
1687734379,359869
1687734379,375405
1687734379,395774
1687734379,457366
1687734379,519287
1687734379,555051
1687734379,589904
1687734379,650632
1687734379,653382
1687734379,670763
1687734379,688843
1687734379,689676
1687734380,374243
1687734380,377016
1687734380,387844
1687734380,426165
1687734380,442045
1687734380,454071
1687734380,510383
1687734380,522649
1687734380,550439
1687734380,555805
1687734380,557290
1687734380,616455
1687734380,621706
1687734380,622262
1687734380,654563
1687734380,683382
1687734380,683779
1687734380,686614
1687734380,700648
1687734381,363613
1687734381,363740
1687734381,378610
1687734381,393104
1687734381,397343
1687734381,403407
1687734381,405896
1687734381,411289
1687734381,463212
1687734381,475414
1687734381,492021
1687734381,509925
1687734381,531340
1687734381,577936
1687734381,581105
1687734381,598563
1687734381,610135
1687734381,632499
1687734381,656232
1687734381,663834
1687734381,672697
1687734381,677525
1687734381,683927
1687734381,691365
1687734381,694847
1687734382,362192
1687734382,366295
1687734382,381786
1687734382,407073
1687734382,434194
1687734382,437181
1687734382,437501
1687734382,498306
1687734382,532473
1687734382,601646
1687734382,635259
1687734382,673391
1687734382,677959
1687734382,686030
1687734382,689112
1687734383,366795
1687734383,367394
1687734383,370160
1687734383,381565
1687734383,408660
1687734383,425463
1687734383,470392
1687734383,499501
1687734383,535624
1687734383,536343
1687734383,568520
1687734383,598671
1687734383,601495
1687734383,635402
1687734383,637989
1687734383,659323
1687734383,661226
1687734383,687511
1687734383,687953
1687734384,361716
1687734384,388291
1687734384,397122
1687734384,416271
1687734384,416525
1687734384,446281
1687734384,457539
1687734384,477784
1687734384,493430
1687734384,509371
1687734384,560324
1687734384,574642
1687734384,612097
1687734384,621937
1687734384,665795
1687734384,687857
1687734384,687988
1687734384,690529
1687734384,694610
1687734385,369252
1687734385,373374
1687734385,377060
1687734385,377173
1687734385,378446
1687734385,400685
1687734385,425587
1687734385,454729
1687734385,486364
1687734385,509938
1687734385,527953
1687734385,548827
1687734385,559083
1687734385,591578
1687734385,615562
1687734385,621794
1687734385,638776
1687734385,657221
1687734385,682854
1687734385,683492
1687734385,693521
1687734386,362670
1687734386,365995
1687734386,367464
1687734386,390486
1687734386,397636
1687734386,419255
1687734386,445732
1687734386,453345
1687734386,489459
1687734386,514173
1687734386,525077
1687734386,551373
1687734386,583388
1687734386,586870
1687734386,592908
1687734386,645969
1687734386,646280
1687734386,670264
1687734386,671343
1687734386,673924
1687734386,690953
1687734386,696882
1687734387,376804
1687734387,390852
1687734387,426837
1687734387,429783
1687734387,435520
1687734387,466894
1687734387,478230
1687734387,509323
1687734387,550595
1687734387,588863
1687734387,606897
1687734387,624669
1687734387,648126
1687734387,674260
1687734387,683778
1687734388,367373
1687734388,388677
1687734388,417616
1687734388,467558
1687734388,486868
1687734388,528103
1687734388,540434
1687734388,564355
1687734388,575824
1687734388,607833
1687734388,627721
1687734388,656842
1687734388,665116
1687734388,680534
1687734388,683127
1687734388,689618
1687734388,698017
1687734389,362244
1687734389,363420
1687734389,377303
1687734389,386574
1687734389,409033
1687734389,436699
1687734389,442413
1687734389,458689
1687734389,464955
1687734389,507602
1687734389,541610
1687734389,560158
1687734389,571019
1687734389,605950
1687734389,659128
1687734389,664047
1687734389,676494
1687734389,690438
1687734389,692893
1687734390,375369
1687734390,385865
1687734390,388677
1687734390,410171
1687734390,444218
1687734390,490213
1687734390,502450
1687734390,533911
1687734390,545553
1687734390,596702
1687734390,606620
1687734390,631051
1687734390,635858
1687734390,640698
1687734390,676542
1687734390,679481
1687734390,682573
1687734390,691369
1687734390,692419
1687734390,693206
1687734391,369125
1687734391,372339
1687734391,390300
1687734391,394669
1687734391,397837
1687734391,420389
1687734391,431266
1687734391,483227
1687734391,483601
1687734391,531711
1687734391,585748
1687734391,597867
1687734391,639934
1687734391,666665
1687734391,676416
1687734391,690245
1687734391,692736
1687734392,364915
1687734392,375476
1687734392,381828
1687734392,427354
1687734392,457872
1687734392,484844
1687734392,513849
1687734392,517008
1687734392,559128
1687734392,560364
1687734392,621728
1687734392,659219
1687734392,669173
1687734392,686284
1687734392,691157
1687734392,692604
1687734393,366550
1687734393,378104
1687734393,378955
1687734393,396176
1687734393,403302
1687734393,408823
1687734393,451838
1687734393,460147
1687734393,461819
1687734393,481442
1687734393,493147
1687734393,504890
1687734393,516162
1687734393,555590
1687734393,619693
1687734393,623636
1687734393,652796
1687734393,660672
1687734393,680967
1687734393,689695
1687734394,361898
1687734394,364252
1687734394,384006
1687734394,392154
1687734394,395673
1687734394,411745
1687734394,416954
1687734394,427414
1687734394,434402
1687734394,478090
1687734394,495516
1687734394,529280
1687734394,543276
1687734394,556431
1687734394,580699
1687734394,584680
1687734394,598178
1687734394,598278
1687734394,631788
1687734394,638466
1687734394,648237
1687734394,673909
1687734394,675454
1687734394,675796
1687734394,678715
1687734394,685817
1687734394,689119
1687734394,693964
1687734394,695063
1687734395,365854
1687734395,371505
1687734395,378731
1687734395,382769
1687734395,383877
1687734395,390783
1687734395,419054
1687734395,429578
1687734395,434375
1687734395,439472
1687734395,470721
1687734395,471441
1687734395,505798
1687734395,535928
1687734395,536479
1687734395,570681
1687734395,605022
1687734395,633921
1687734395,664197
1687734395,686097
1687734395,687940
1687734395,689076
1687734396,361810
1687734396,365988
1687734396,388144
1687734396,401672
1687734396,408188
1687734396,412843
1687734396,455651
1687734396,470547
1687734396,472970
1687734396,498914
1687734396,504810
1687734396,506475
1687734396,530908
1687734396,568761
1687734396,569463
1687734396,601650
1687734396,607111
1687734396,607364
1687734396,634296
1687734396,658259
1687734396,664820
1687734396,682043
1687734396,682408
1687734396,689383
1687734396,692581
1687734397,366368
1687734397,372552
1687734397,375786
1687734397,386249
1687734397,395281
1687734397,400050
1687734397,434616
1687734397,442719
1687734397,454718
1687734397,481443
1687734397,496812
1687734397,511974
1687734397,523609
1687734397,530235
1687734397,547096
1687734397,561040
1687734397,613464
1687734397,629331
1687734397,645564
1687734397,658956
1687734397,682007
1687734397,691878
1687734397,692234
1687734397,693124
1687734397,698130
1687734398,364149
1687734398,372265
1687734398,375981
1687734398,392029
1687734398,404910
1687734398,418639
1687734398,420870
1687734398,451232
1687734398,483692
1687734398,549081
1687734398,584611
1687734398,592072
1687734398,592721
1687734398,618906
1687734398,626860
1687734398,641643
1687734398,671480
1687734398,699918
1687734399,360233
1687734399,367682
1687734399,374884
1687734399,378026
1687734399,389136
1687734399,395011
1687734399,455575
1687734399,521262
1687734399,552956
1687734399,558151
1687734399,580177
1687734399,584718
1687734399,649269
1687734399,651810
1687734399,670554
1687734399,671825
1687734399,688838
1687734399,689837
1687734399,697145
1687734400,369095
1687734400,372892
1687734400,388695
1687734400,427951
1687734400,440224
1687734400,455937
1687734400,465198
1687734400,508041
1687734400,524663
1687734400,548408
1687734400,559550
1687734400,614499
1687734400,623675
1687734400,624068
1687734400,656262
1687734400,669644
1687734400,682519
1687734400,684421
1687734400,687151
1687734400,700896
1687734401,379323
1687734401,391833
1687734401,398570
1687734401,404426
1687734401,409769
1687734401,473538
1687734401,494109
1687734401,507848
1687734401,575775
1687734401,578829
1687734401,600362
1687734401,608134
1687734401,634101
1687734401,662800
1687734401,671047
1687734401,683584
1687734401,691562
1687734402,362449
1687734402,367125
1687734402,380587
1687734402,408682
1687734402,435308
1687734402,435959
1687734402,439424
1687734402,468435
1687734402,499933
1687734402,530526
1687734402,533549
1687734402,603481
1687734402,633547
1687734402,640244
1687734402,674220
1687734402,678836
1687734402,684663
1687734402,695328
1687734403,366073
1687734403,366486
1687734403,370581
1687734403,382781
1687734403,395446
1687734403,407217
1687734403,423779
1687734403,472485
1687734403,497160
1687734403,533435
1687734403,538323
1687734403,570825
1687734403,599445
1687734403,633627
1687734403,639954
1687734403,657723
1687734403,662505
1687734403,675660
1687734403,687355
1687734403,688112
1687734404,362282
1687734404,389753
1687734404,418061
1687734404,418126
1687734404,448415
1687734404,455571
1687734404,479623
1687734404,488650
1687734404,491187
1687734404,511516
1687734404,558444
1687734404,576919
1687734404,596850
1687734404,614091
1687734404,619846
1687734404,667095
1687734404,687802
1687734404,688854
1687734404,690252
1687734404,694017
1687734405,370136
1687734405,373088
1687734405,376006
1687734405,377370
1687734405,377784
1687734405,401934
1687734405,424026
1687734405,453184
1687734405,479520
1687734405,488351
1687734405,512038
1687734405,526064
1687734405,551038
1687734405,557235
1687734405,593521
1687734405,617107
1687734405,619607
1687734405,640299
1687734405,655900
1687734405,671655
1687734405,682491
1687734405,684103
1687734405,690058
1687734405,693662
1687734406,362606
1687734406,366057
1687734406,391751
1687734406,395071
1687734406,398965
1687734406,417449
1687734406,455116
1687734406,478670
1687734406,491091
1687734406,511816
1687734406,553377
1687734406,581646
1687734406,595113
1687734406,644654
1687734406,646385
1687734406,647685
1687734406,668749
1687734406,672854
1687734406,691169
1687734406,696706
1687734407,366431
1687734407,376233
1687734407,394991
1687734407,431663
1687734407,433883
1687734407,443805
1687734407,468788
1687734407,476194
1687734407,526828
1687734407,538268
1687734407,548742
1687734407,586561
1687734407,604803
1687734407,626196
1687734407,669301
1687734407,675356
1687734407,684276
1687734407,685178
1687734408,366796
1687734408,389810
1687734408,415461
1687734408,415806
1687734408,469790
1687734408,530117
1687734408,566622
1687734408,573569
1687734408,605882
1687734408,629478
1687734408,658244
1687734408,663621
1687734408,679921
1687734408,682346
1687734408,689960
1687734408,698113
1687734409,362134
1687734409,363152
1687734409,377940
1687734409,385520
1687734409,410898
1687734409,444378
1687734409,456590
1687734409,462922
1687734409,504167
1687734409,504496
1687734409,509497
1687734409,543615
1687734409,568757
1687734409,607649
1687734409,660440
1687734409,663192
1687734409,677267
1687734409,692526
1687734410,363309
1687734410,376390
1687734410,384677
1687734410,390074
1687734410,411964
1687734410,435051
1687734410,445816
1687734410,487892
1687734410,531731
1687734410,547441
1687734410,594821
1687734410,608419
1687734410,629429
1687734410,633959
1687734410,642275
1687734410,657609
1687734410,678608
1687734410,683267
1687734410,690950
1687734410,692748
1687734410,693126
1687734411,369316
1687734411,371618
1687734411,391622
1687734411,396500
1687734411,421989
1687734411,482849
1687734411,485317
1687734411,485556
1687734411,529851
1687734411,588127
1687734411,595542
1687734411,667856
1687734411,670444
1687734411,676064
1687734411,688742
1687734411,690490
1687734411,692988
1687734412,365464
1687734412,376404
1687734412,380945
1687734412,393449
1687734412,429187
1687734412,455993
1687734412,515801
1687734412,518844
1687734412,557024
1687734412,562506
1687734412,582296
1687734412,616998
1687734412,623611
1687734412,657597
1687734412,686868
1687734412,690073
1687734412,693132
1687734412,697309
1687734413,366471
1687734413,377118
1687734413,379729
1687734413,404749
1687734413,406421
1687734413,449841
1687734413,462117
1687734413,464053
1687734413,495025
1687734413,502366
1687734413,514076
1687734413,553488
1687734413,621291
1687734413,621468
1687734413,654017
1687734413,659336
1687734413,680572
1687734414,361876
1687734414,364806
1687734414,384474
1687734414,390966
1687734414,410391
1687734414,429213
1687734414,432334
1687734414,476079
1687734414,497274
1687734414,531457
1687734414,540993
1687734414,558363
1687734414,578484
1687734414,582495
1687734414,600095
1687734414,600351
1687734414,633451
1687734414,636629
1687734414,649638
1687734414,673028
1687734414,674654
1687734414,676598
1687734414,679888
1687734414,688473
1687734414,694772
1687734414,695358
1687734415,369007
1687734415,371939
1687734415,378173
1687734415,382350
1687734415,384893
1687734415,389071
1687734415,417618
1687734415,436440
1687734415,441404
1687734415,469275
1687734415,472393
1687734415,503811
1687734415,507350
1687734415,533870
1687734415,538462
1687734415,562492
1687734415,572798
1687734415,603143
1687734415,609039
1687734415,635527
1687734415,638632
1687734415,665372
1687734415,686341
1687734415,686914
1687734415,688164
1687734415,689673
1687734416,361796
1687734416,400101
1687734416,409650
1687734416,414553
1687734416,427587
1687734416,453377
1687734416,474887
1687734416,496783
1687734416,506763
1687734416,532870
1687734416,566720
1687734416,571444
1687734416,599709
1687734416,605376
1687734416,635880
1687734416,656994
1687734416,666052
1687734416,681723
1687734416,683040
1687734416,689929
1687734416,691837
1687734416,692158
1687734417,366544
1687734417,373520
1687734417,375275
1687734417,385781
1687734417,396295
1687734417,398648
1687734417,419706
1687734417,432823
1687734417,444869
1687734417,452358
1687734417,494706
1687734417,513915
1687734417,515060
1687734417,521128
1687734417,528255
1687734417,549041
1687734417,558740
1687734417,615263
1687734417,627468
1687734417,646986
1687734417,657475
1687734417,682677
1687734417,691565
1687734417,693464
1687734417,697511
1687734418,363501
1687734418,372951
1687734418,375333
1687734418,393608
1687734418,417031
1687734418,452976
1687734418,481844
1687734418,490415
1687734418,551119
1687734418,586767
1687734418,590419
1687734418,594169
1687734418,614277
1687734418,624714
1687734418,625304
1687734418,643392
1687734418,670505
1687734418,670895
1687734418,681385
1687734418,688319
1687734418,699733
1687734419,360703
1687734419,366343
1687734419,367886
1687734419,374434
1687734419,387823
1687734419,394278
1687734419,400675
1687734419,419682
1687734419,422711
1687734419,428569
1687734419,429580
1687734419,438429
1687734419,453793
1687734419,476853
1687734419,490806
1687734419,516997
1687734419,523235
1687734419,550865
1687734419,582544
1687734419,625692
1687734419,647875
1687734419,650237
1687734419,669733
1687734419,672848
1687734419,688818
1687734419,689954
1687734420,371584
1687734420,379098
1687734420,389569
1687734420,429728
1687734420,457821
1687734420,467190
1687734420,505689
1687734420,526672
1687734420,544044
1687734420,546405
1687734420,560531
1687734420,561892
1687734420,591885
1687734420,612516
1687734420,625893
1687734420,641620
1687734420,646348
1687734420,657915
1687734420,675139
1687734420,681686
1687734420,685080
1687734420,687633
1687734420,695142
1687734420,701073
1687734421,370995
1687734421,380020
1687734421,381565
1687734421,390564
1687734421,399804
1687734421,402959
1687734421,408305
1687734421,444872
1687734421,468464
1687734421,471679
1687734421,496141
1687734421,505722
1687734421,567979
1687734421,573615
1687734421,576572
1687734421,602143
1687734421,606105
1687734421,635701
1687734421,661713
1687734421,669320
1687734421,683165
1687734422,362752
1687734422,365728
1687734422,367987
1687734422,379427
1687734422,410297
1687734422,433447
1687734422,437733
1687734422,441303
1687734422,466325
1687734422,501573
1687734422,528590
1687734422,569801
1687734422,605322
1687734422,631810
1687734422,659669
1687734422,667197
1687734422,675081
1687734422,679673
1687734422,683264
1687734422,694090
1687734422,695759
1687734423,364761
1687734423,366209
1687734423,371137
1687734423,384008
1687734423,389408
1687734423,405832
1687734423,422152
1687734423,474567
1687734423,494860
1687734423,531182
1687734423,540311
1687734423,573093
1687734423,595052
1687734423,597376
1687734423,631841
1687734423,641873
1687734423,663749
1687734423,674745
1687734423,687198
1687734423,688281
1687734423,690234
1687734424,362877
1687734424,391238
1687734424,393733
1687734424,419770
1687734424,419889
1687734424,450536
1687734424,453614
1687734424,481451
1687734424,488966
1687734424,513642
1687734424,556610
1687734424,579178
1687734424,616021
1687734424,617758
1687734424,618706
1687734424,668316
1687734424,687618
1687734424,689808
1687734424,689919
1687734424,693372
1687734425,371046
1687734425,372862
1687734425,374854
1687734425,376290
1687734425,378561
1687734425,403205
1687734425,451606
1687734425,477582
1687734425,483487
1687734425,490310
1687734425,514129
1687734425,524122
1687734425,553260
1687734425,555370
1687734425,595422
1687734425,617475
1687734425,641839
1687734425,654536
1687734425,658959
1687734425,682128
1687734425,684722
1687734425,693771
1687734426,362570
1687734426,363064
1687734426,366192
1687734426,394012
1687734426,400342
1687734426,415637
1687734426,430315
1687734426,456889
1687734426,492698
1687734426,509464
1687734426,555426
1687734426,579872
1687734426,597292
1687734426,642945
1687734426,649366
1687734426,667786
1687734426,671747
1687734426,691344
1687734426,696491
1687734427,367018
1687734427,375703
1687734427,392691
1687734427,394293
1687734427,407283
1687734427,432270
1687734427,433565
1687734427,441940
1687734427,470698
1687734427,474176
1687734427,546892
1687734427,584230
1687734427,602697
1687734427,627703
1687734427,673073
1687734427,676408
1687734427,684559
1687734427,684754
1687734427,688377
1687734427,691731
1687734428,390973
1687734428,413980
1687734428,414000
1687734428,471983
1687734428,505349
1687734428,532131
1687734428,564876
1687734428,568924
1687734428,571329
1687734428,603912
1687734428,631252
1687734428,659672
1687734428,662155
1687734428,679284
1687734428,681520
1687734428,690267
1687734428,698193
1687734429,362135
1687734429,362956
1687734429,378628
1687734429,384501
1687734429,412780
1687734429,446345
1687734429,454544
1687734429,460858
1687734429,502531
1687734429,511382
1687734429,535753
1687734429,545628
1687734429,566480
1687734429,609288
1687734429,661689
1687734429,662297
1687734429,677979
1687734429,692154
1687734430,368981
1687734430,377443
1687734430,383469
1687734430,391534
1687734430,413754
1687734430,433412
1687734430,447412
1687734430,485536
1687734430,529584
1687734430,549263
1687734430,592882
1687734430,610239
1687734430,627807
1687734430,632029
1687734430,643833
1687734430,677706
1687734430,683923
1687734430,690509
1687734430,692217
1687734430,692819
1687734430,693837
1687734431,369529
1687734431,370944
1687734431,392227
1687734431,392994
1687734431,395237
1687734431,423604
1687734431,427870
1687734431,487449
1687734431,487487
1687734431,527990
1687734431,590488
1687734431,593194
1687734431,669030
1687734431,671659
1687734431,675724
1687734431,690720
1687734431,693206
1687734432,366021
1687734432,377376
1687734432,380051
1687734432,405776
1687734432,431055
1687734432,454122
1687734432,517784
1687734432,520709
1687734432,554913
1687734432,564616
1687734432,584418
1687734432,615071
1687734432,625492
1687734432,655976
1687734432,657940
1687734432,687425
1687734432,688935
1687734432,693595
1687734432,697411
1687734433,376173
1687734433,380547
1687734433,406236
1687734433,407949
1687734433,447864
1687734433,464088
1687734433,466272
1687734433,496921
1687734433,499890
1687734433,511960
1687734433,551355
1687734433,618947
1687734433,623255
1687734433,655202
1687734433,656079
1687734433,680182
1687734434,361897
1687734434,365407
1687734434,384913
1687734434,385935
1687734434,389771
1687734434,409045
1687734434,430280
1687734434,431017
1687734434,474086
1687734434,498976
1687734434,528617
1687734434,533630
1687734434,536114
1687734434,560321
1687734434,576246
1687734434,580369
1687734434,601901
1687734434,602484
1687734434,634771
1687734434,635089
1687734434,644597
1687734434,651021
1687734434,672130
1687734434,673863
1687734434,677421
1687734434,681050
1687734434,687844
1687734434,695572
1687734434,695644
1687734435,365473
1687734435,366315
1687734435,372360
1687734435,377595
1687734435,381953
1687734435,387387
1687734435,398563
1687734435,416158
1687734435,422489
1687734435,425609
1687734435,438482
1687734435,443335
1687734435,467106
1687734435,474053
1687734435,476801
1687734435,501851
1687734435,531741
1687734435,540401
1687734435,574907
1687734435,601252
1687734435,636990
1687734435,637110
1687734435,666522
1687734435,685892
1687734435,686606
1687734435,687242
1687734435,689254
1687734436,361847
1687734436,390678
1687734436,411096
1687734436,416285
1687734436,451086
1687734436,494646
1687734436,508738
1687734436,534889
1687734436,564675
1687734436,573443
1687734436,597746
1687734436,603396
1687734436,610990
1687734436,637394
1687734436,643224
1687734436,655641
1687734436,667238
1687734436,680987
1687734436,684056
1687734436,690478
1687734436,691705
1687734437,366739
1687734437,374523
1687734437,374759
1687734437,385343
1687734437,397275
1687734437,397285
1687734437,421226
1687734437,431023
1687734437,447024
1687734437,449978
1687734437,492640
1687734437,516839
1687734437,518637
1687734437,526261
1687734437,550928
1687734437,617016
1687734437,625570
1687734437,655957
1687734437,683308
1687734437,691190
1687734437,693802
1687734437,696869
1687734438,362929
1687734438,373701
1687734438,374702
1687734438,395209
1687734438,415420
1687734438,454731
1687734438,479988
1687734438,480830
1687734438,485531
1687734438,525212
1687734438,553145
1687734438,588076
1687734438,588912
1687734438,596210
1687734438,616062
1687734438,622696
1687734438,623702
1687734438,645149
1687734438,670287
1687734438,671630
1687734438,682098
1687734438,687644
1687734438,690818
1687734438,699525
1687734439,361261
1687734439,366109
1687734439,368093
1687734439,374019
1687734439,380224
1687734439,386565
1687734439,393572
1687734439,402066
1687734439,417619
1687734439,424512
1687734439,452004
1687734439,475017
1687734439,492148
1687734439,492851
1687734439,505938
1687734439,514957
1687734439,548821
1687734439,580367
1687734439,646452
1687734439,668897
1687734439,673813
1687734439,685717
1687734439,688785
1687734439,690028
1687734439,701203
1687734440,362878
1687734440,370313
1687734440,390411
1687734440,431475
1687734440,436657
1687734440,459733
1687734440,469207
1687734440,503328
1687734440,528672
1687734440,541908
1687734440,544387
1687734440,562884
1687734440,564289
1687734440,593787
1687734440,610522
1687734440,627711
1687734440,627726
1687734440,644485
1687734440,659551
1687734440,660291
1687734440,676042
1687734440,680909
1687734440,682669
1687734440,688026
1687734440,694981
1687734441,370464
1687734441,380717
1687734441,382758
1687734441,389310
1687734441,401070
1687734441,401510
1687734441,406877
1687734441,442916
1687734441,464214
1687734441,469802
1687734441,470219
1687734441,498156
1687734441,503586
1687734441,570198
1687734441,574343
1687734441,603907
1687734441,604108
1687734441,637327
1687734441,667557
1687734441,687974
1687734442,363054
1687734442,368859
1687734442,371790
1687734442,378279
1687734442,382371
1687734442,411946
1687734442,431590
1687734442,439536
1687734442,443156
1687734442,465958
1687734442,503243
1687734442,526700
1687734442,567742
1687734442,607114
1687734442,630054
1687734442,660603
1687734442,661013
1687734442,665767
1687734442,675946
1687734442,680482
1687734442,681861
1687734442,694097
1687734442,696164
1687734443,363454
1687734443,363535
1687734443,365970
1687734443,366405
1687734443,376618
1687734443,385277
1687734443,404475
1687734443,420630
1687734443,421737
1687734443,448073
1687734443,476618
1687734443,492578
1687734443,528897
1687734443,542211
1687734443,542323
1687734443,575387
1687734443,595325
1687734443,630019
1687734443,640164
1687734443,643722
1687734443,664981
1687734443,673801
1687734443,687044
1687734443,688428
1687734443,693073
1687734444,373717
1687734444,391981
1687734444,392708
1687734444,398176
1687734444,421445
1687734444,422322
1687734444,451704
1687734444,452672
1687734444,483294
1687734444,486749
1687734444,492803
1687734444,515730
1687734444,522182
1687734444,538696
1687734444,554756
1687734444,581448
1687734444,615686
1687734444,617957
1687734444,669500
1687734444,676652
1687734444,687464
1687734444,689532
1687734444,690722
1687734444,692661
1687734445,370553
1687734445,371988
1687734445,372711
1687734445,375206
1687734445,379363
1687734445,404530
1687734445,449958
1687734445,492267
1687734445,507169
1687734445,516202
1687734445,522164
1687734445,553469
1687734445,555475
1687734445,556488
1687734445,597290
1687734445,599661
1687734445,615357
1687734445,620358
1687734445,621881
1687734445,643380
1687734445,653089
1687734445,681774
1687734445,685316
1687734445,691849
1687734445,693846
1687734446,362557
1687734446,366420
1687734446,392994
1687734446,401777
1687734446,410897
1687734446,413822
1687734446,432103
1687734446,458665
1687734446,472131
1687734446,494299
1687734446,515144
1687734446,515866
1687734446,530438
1687734446,557496
1687734446,578046
1687734446,599410
1687734446,622872
1687734446,641164
1687734446,651007
1687734446,666762
1687734446,670612
1687734446,683326
1687734446,686486
1687734446,691513
1687734446,696234
1687734447,367612
1687734447,370169
1687734447,375178
1687734447,393587
1687734447,393662
1687734447,407047
1687734447,430710
1687734447,435503
1687734447,440135
1687734447,472606
1687734447,474201
1687734447,499821
1687734447,533971
1687734447,545045
1687734447,581846
1687734447,598997
1687734447,600597
1687734447,642745
1687734447,648404
1687734447,673776
1687734447,677427
1687734447,683921
1687734447,685205
1687734448,365876
1687734448,392165
1687734448,412239
1687734448,412521
1687734448,500555
1687734448,503341
1687734448,534153
1687734448,537973
1687734448,567293
1687734448,569107
1687734448,571203
1687734448,601940
1687734448,633034
1687734448,660696
1687734448,661126
1687734448,678629
1687734448,680653
1687734448,689866
1687734448,690513
1687734448,698246
1687734449,362215
1687734449,362857
1687734449,379413
1687734449,383550
1687734449,414684
1687734449,448262
1687734449,452498
1687734449,458793
1687734449,507711
1687734449,513241
1687734449,547683
1687734449,564210
1687734449,610882
1687734449,654372
1687734449,661388
1687734449,662858
1687734449,678684
1687734449,691810
1687734450,369043
1687734450,378553
1687734450,382269
1687734450,393078
1687734450,415557
1687734450,421010
1687734450,431790
1687734450,448991
1687734450,483185
1687734450,527436
1687734450,551037
1687734450,590889
1687734450,593248
1687734450,612062
1687734450,626179
1687734450,629194
1687734450,630083
1687734450,644754
1687734450,645325
1687734450,676740
1687734450,684567
1687734450,690024
1687734450,691446
1687734450,691620
1687734450,694506
1687734451,369766
1687734451,370331
1687734451,391016
1687734451,394035
1687734451,394430
1687734451,425243
1687734451,426128
1687734451,478801
1687734451,489379
1687734451,489590
1687734451,522568
1687734451,526102
1687734451,590823
1687734451,592816
1687734451,670123
1687734451,675360
1687734451,690905
1687734451,693378
1687734452,366616
1687734452,378413
1687734452,379160
1687734452,404306
1687734452,432965
1687734452,452216
1687734452,519773
1687734452,552812
1687734452,566751
1687734452,586555
1687734452,613119
1687734452,648638
1687734452,654321
1687734452,687752
1687734452,687986
1687734452,693990
1687734452,697437
1687734453,366351
1687734453,375238
1687734453,381397
1687734453,407779
1687734453,445870
1687734453,466015
1687734453,468481
1687734453,475668
1687734453,497482
1687734453,498809
1687734453,509824
1687734453,549217
1687734453,616615
1687734453,625033
1687734453,656346
1687734453,656502
1687734453,679803
1687734453,691432
1687734454,361948
1687734454,366060
1687734454,385351
1687734454,388589
1687734454,407697
1687734454,428239
1687734454,432827
1687734454,472096
1687734454,500649
1687734454,535793
1687734454,562335
1687734454,573998
1687734454,578278
1687734454,603677
1687734454,604612
1687734454,632896
1687734454,636705
1687734454,652406
1687734454,671190
1687734454,673076
1687734454,678263
1687734454,682139
1687734454,687264
1687734454,695853
1687734454,696340
1687734455,365238
1687734455,372775
1687734455,376956
1687734455,381562
1687734455,385743
1687734455,386993
1687734455,414665
1687734455,423653
1687734455,440495
1687734455,445248
1687734455,464957
1687734455,475735
1687734455,478707
1687734455,529590
1687734455,542318
1687734455,575471
1687734455,577024
1687734455,599394
1687734455,635291
1687734455,638710
1687734455,667660
1687734455,684875
1687734455,686272
1687734455,686898
1687734455,688829
1687734456,361915
1687734456,397090
1687734456,412556
1687734456,418033
1687734456,448782
1687734456,477124
1687734456,492513
1687734456,510697
1687734456,536948
1687734456,562605
1687734456,571457
1687734456,595790
1687734456,601430
1687734456,612928
1687734456,638918
1687734456,654185
1687734456,668419
1687734456,680194
1687734456,685073
1687734456,691027
1687734456,691222
1687734457,366974
1687734457,374261
1687734457,375548
1687734457,384924
1687734457,395925
1687734457,398271
1687734457,422741
1687734457,429229
1687734457,447563
1687734457,449189
1687734457,490572
1687734457,516177
1687734457,518598
1687734457,524279
1687734457,552796
1687734457,554236
1687734457,618747
1687734457,623687
1687734457,654439
1687734457,683909
1687734457,690768
1687734457,691072
1687734457,694111
1687734457,696195
1687734458,362427
1687734458,374087
1687734458,374502
1687734458,396844
1687734458,413814
1687734458,456528
1687734458,478115
1687734458,487616
1687734458,555179
1687734458,585673
1687734458,591026
1687734458,617868
1687734458,620699
1687734458,622090
1687734458,627402
1687734458,646898
1687734458,669656
1687734458,672679
1687734458,674528
1687734458,682743
1687734458,686949
1687734458,699276
1687734459,361874
1687734459,365937
1687734459,368311
1687734459,373647
1687734459,385345
1687734459,392870
1687734459,403474
1687734459,409489
1687734459,415609
1687734459,426268
1687734459,434882
1687734459,450131
1687734459,473196
1687734459,494892
1687734459,512961
1687734459,536372
1687734459,546795
1687734459,578183
1687734459,598197
1687734459,608530
1687734459,629732
1687734459,644988
1687734459,668041
1687734459,672805
1687734459,674725
1687734459,686374
1687734459,688717
1687734459,690061
1687734460,381377
1687734460,391225
1687734460,433197
1687734460,461680
1687734460,471252
1687734460,501001
1687734460,530651
1687734460,539763
1687734460,542346
1687734460,565218
1687734460,566731
1687734460,595621
1687734460,629522
1687734460,642586
1687734460,659455
1687734460,661145
1687734460,661569
1687734460,676901
1687734460,680180
1687734460,688405
1687734460,694754
1687734460,701308
1687734461,369955
1687734461,381423
1687734461,383995
1687734461,388084
1687734461,400059
1687734461,402370
1687734461,405465
1687734461,440991
1687734461,467915
1687734461,471934
1687734461,500113
1687734461,501416
1687734461,569307
1687734461,572118
1687734461,572425
1687734461,602146
1687734461,605670
1687734461,665770
1687734461,682117
1687734462,363373
1687734462,369768
1687734462,377148
1687734462,413592
1687734462,429770
1687734462,441336
1687734462,444991
1687734462,463885
1687734462,499890
1687734462,504940
1687734462,517818
1687734462,524834
1687734462,565657
1687734462,608844
1687734462,628271
1687734462,638960
1687734462,662340
1687734462,664259
1687734462,676800
1687734462,680431
1687734462,681257
1687734462,691924
1687734462,694089
1687734462,696563
1687734463,362395
1687734463,365754
1687734463,377241
1687734463,386561
1687734463,391990
1687734463,403140
1687734463,419159
1687734463,423146
1687734463,450095
1687734463,478653
1687734463,490309
1687734463,526599
1687734463,544282
1687734463,544324
1687734463,577685
1687734463,591407
1687734463,593278
1687734463,628181
1687734463,641903
1687734463,645532
1687734463,649772
1687734463,666158
1687734463,672761
1687734463,686856
1687734463,688563
1687734463,693269
1687734464,364025
1687734464,394164
1687734464,396710
1687734464,419580
1687734464,423548
1687734464,449786
1687734464,484533
1687734464,485138
1687734464,517808
1687734464,552882
1687734464,583724
1687734464,597767
1687734464,613638
1687734464,619873
1687734464,652638
1687734464,670652
1687734464,675834
1687734464,687268
1687734464,689115
1687734464,691613
1687734464,691869
1687734465,370996
1687734465,372547
1687734465,372615
1687734465,372988
1687734465,374134
1687734465,380229
1687734465,405886
1687734465,423914
1687734465,448247
1687734465,454790
1687734465,494229
1687734465,518312
1687734465,520149
1687734465,524170
1687734465,540155
1687734465,551568
1687734465,557737
1687734465,599141
1687734465,613266
1687734465,622009
1687734465,623747
1687734465,644926
1687734465,651581
1687734465,681428
1687734465,685864
1687734465,693895
1687734466,362583
1687734466,366715
1687734466,374677
1687734466,392006
1687734466,403266
1687734466,409117
1687734466,411985
1687734466,433894
1687734466,460446
1687734466,473761
1687734466,495897
1687734466,504896
1687734466,512889
1687734466,527189
1687734466,532268
1687734466,559608
1687734466,576198
1687734466,601494
1687734466,620696
1687734466,639360
1687734466,652639
1687734466,665695
1687734466,669389
1687734466,683966
1687734466,691631
1687734466,695935
1687734467,368213
1687734467,369080
1687734467,370014
1687734467,392904
1687734467,394652
1687734467,408503
1687734467,429172
1687734467,437436
1687734467,438361
1687734467,470115
1687734467,474499
1687734467,476418
1687734467,501910
1687734467,531813
1687734467,543190
1687734467,579432
1687734467,598518
1687734467,601070
1687734467,630671
1687734467,640855
1687734467,674782
1687734467,678409
1687734467,683287
1687734467,685682
1687734468,365484
1687734468,369317
1687734468,393396
1687734468,393974
1687734468,410480
1687734468,428999
1687734468,501335
1687734468,533653
1687734468,536204
1687734468,566880
1687734468,569711
1687734468,573497
1687734468,599958
1687734468,634808
1687734468,646820
1687734468,659278
1687734468,662566
1687734468,677980
1687734468,679780
1687734468,689649
1687734468,690733
1687734468,698308
1687734469,362371
1687734469,362808
1687734469,380254
1687734469,382669
1687734469,411071
1687734469,416594
1687734469,450162
1687734469,450442
1687734469,456750
1687734469,479053
1687734469,498544
1687734469,509549
1687734469,515084
1687734469,549738
1687734469,561963
1687734469,580272
1687734469,612462
1687734469,660476
1687734469,664014
1687734469,665513
1687734469,679370
1687734469,691466
1687734470,362771
1687734470,369156
1687734470,372516
1687734470,377506
1687734470,379678
1687734470,381092
1687734470,394725
1687734470,417359
1687734470,430190
1687734470,452651
1687734470,480874
1687734470,525253
1687734470,552757
1687734470,557808
1687734470,588803
1687734470,613834
1687734470,624565
1687734470,628144
1687734470,646191
1687734470,646831
1687734470,647000
1687734470,664584
1687734470,675701
1687734470,691011
1687734470,694355
1687734470,695168
1687734471,369772
1687734471,370006
1687734471,386738
1687734471,389820
1687734471,390233
1687734471,392895
1687734471,395904
1687734471,424396
1687734471,426887
1687734471,457328
1687734471,476751
1687734471,490890
1687734471,491268
1687734471,491730
1687734471,493843
1687734471,524209
1687734471,524459
1687734471,554388
1687734471,588377
1687734471,595081
1687734471,629275
1687734471,648832
1687734471,671138
1687734471,674955
1687734471,687574
1687734471,691076
1687734471,693504
1687734472,367221
1687734472,378253
1687734472,379500
1687734472,381247
1687734472,395196
1687734472,402897
1687734472,434908
1687734472,450325
1687734472,478779
1687734472,521810
1687734472,550750
1687734472,568870
1687734472,585588
1687734472,588680
1687734472,611187
1687734472,652608
1687734472,655028
1687734472,671160
1687734472,673959
1687734472,686573
1687734472,688480
1687734472,693523
1687734472,694368
1687734472,697404
1687734473,366307
1687734473,374329
1687734473,375711
1687734473,382298
1687734473,409377
1687734473,411061
1687734473,436073
1687734473,443863
1687734473,467948
1687734473,470642
1687734473,495121
1687734473,500709
1687734473,507669
1687734473,532815
1687734473,547073
1687734473,605434
1687734473,614312
1687734473,626813
1687734473,657455
1687734473,679439
1687734474,362040
1687734474,366739
1687734474,385777
1687734474,387413
1687734474,406319
1687734474,426224
1687734474,434663
1687734474,462111
1687734474,470101
1687734474,502298
1687734474,534046
1687734474,537920
1687734474,564368
1687734474,571725
1687734474,576239
1687734474,606749
1687734474,630992
1687734474,638281
1687734474,653787
1687734474,670218
1687734474,672283
1687734474,679148
1687734474,683153
1687734474,685835
1687734474,686713
1687734474,696020
1687734474,697061
1687734475,365025
1687734475,373195
1687734475,376262
1687734475,381177
1687734475,384143
1687734475,388091
1687734475,393370
1687734475,413129
1687734475,421725
1687734475,442521
1687734475,447151
1687734475,462809
1687734475,477431
1687734475,497913
1687734475,527431
1687734475,544214
1687734475,577548
1687734475,579100
1687734475,597590
1687734475,633553
1687734475,640294
1687734475,668780
1687734475,685295
1687734475,687243
1687734475,688364
1687734476,362014
1687734476,395692
1687734476,414066
1687734476,419809
1687734476,446479
1687734476,490368
1687734476,512668
1687734476,539050
1687734476,560538
1687734476,593810
1687734476,599479
1687734476,614892
1687734476,620483
1687734476,640401
1687734476,652688
1687734476,669582
1687734476,675979
1687734476,679335
1687734476,683875
1687734476,686078
1687734476,690688
1687734476,691537
1687734477,367232
1687734477,373796
1687734477,376601
1687734477,384534
1687734477,394605
1687734477,399290
1687734477,424245
1687734477,427433
1687734477,445128
1687734477,451307
1687734477,488497
1687734477,513757
1687734477,519775
1687734477,520362
1687734477,522273
1687734477,552007
1687734477,554665
1687734477,621839
1687734477,652890
1687734477,684469
1687734477,690309
1687734477,690724
1687734477,694396
1687734477,695482
1687734478,362013
1687734478,373491
1687734478,375356
1687734478,398508
1687734478,412187
1687734478,458355
1687734478,476235
1687734478,489673
1687734478,557205
1687734478,583215
1687734478,593101
1687734478,618703
1687734478,619703
1687734478,620471
1687734478,648642
1687734478,651060
1687734478,668972
1687734478,673683
1687734478,683397
1687734478,686200
1687734478,698994
1687734479,362485
1687734479,365815
1687734479,368537
1687734479,384128
1687734479,392021
1687734479,392162
1687734479,404918
1687734479,413637
1687734479,427960
1687734479,433082
1687734479,448228
1687734479,471368
1687734479,495550
1687734479,496911
1687734479,498705
1687734479,510959
1687734479,529131
1687734479,544744
1687734479,575991
1687734479,600184
1687734479,643471
1687734479,667124
1687734479,675553
1687734479,679426
1687734479,687020
1687734479,688578
1687734479,690079
1687734480,367879
1687734480,382582
1687734480,434923
1687734480,450611
1687734480,463636
1687734480,473310
1687734480,532590
1687734480,537582
1687734480,540278
1687734480,567533
1687734480,569209
1687734480,597413
1687734480,600227
1687734480,606540
1687734480,631287
1687734480,640648
1687734480,662680
1687734480,662832
1687734480,677713
1687734480,688757
1687734480,694475
1687734480,701365
1687734481,369481
1687734481,382139
1687734481,385294
1687734481,386865
1687734481,398647
1687734481,403687
1687734481,404104
1687734481,460030
1687734481,466041
1687734481,473603
1687734481,502023
1687734481,567145
1687734481,569862
1687734481,574632
1687734481,607439
1687734481,658284
1687734481,663964
1687734481,691969
1687734482,363711
1687734482,370711
1687734482,376032
1687734482,415249
1687734482,427959
1687734482,443177
1687734482,446783
1687734482,461805
1687734482,506693
1687734482,523036
1687734482,542297
1687734482,563567
1687734482,610561
1687734482,626443
1687734482,640579
1687734482,662706
1687734482,663671
1687734482,677652
1687734482,679022
1687734482,681994
1687734482,694072
1687734482,696931
1687734483,361348
1687734483,365569
1687734483,373305
1687734483,377884
1687734483,387894
1687734483,401812
1687734483,417782
1687734483,424843
1687734483,452093
1687734483,480587
1687734483,480689
1687734483,488064
1687734483,524286
1687734483,546325
1687734483,546382
1687734483,579970
1687734483,589540
1687734483,591215
1687734483,643623
1687734483,647266
1687734483,667307
1687734483,671692
1687734483,685220
1687734483,686640
1687734483,688673
1687734483,692060
1687734483,693411
1687734484,364602
1687734484,388482
1687734484,395207
1687734484,395632
1687734484,418180
1687734484,425379
1687734484,447876
1687734484,482288
1687734484,488963
1687734484,519864
1687734484,520435
1687734484,526149
1687734484,550999
1687734484,586008
1687734484,595864
1687734484,611596
1687734484,621792
1687734484,671781
1687734484,674990
1687734484,681058
1687734484,687042
1687734484,688681
1687734484,689494
1687734484,691013
1687734484,692468
1687734485,362730
1687734485,371395
1687734485,371456
1687734485,372587
1687734485,373088
1687734485,374025
1687734485,381161
1687734485,407253
1687734485,446496
1687734485,456932
1687734485,496207
1687734485,502634
1687734485,518073
1687734485,549641
1687734485,560026
1687734485,600985
1687734485,611235
1687734485,623679
1687734485,625629
1687734485,646430
1687734485,650070
1687734485,684599
1687734485,686370
1687734485,693903
1687734486,362637
1687734486,367083
1687734486,373289
1687734486,391076
1687734486,404803
1687734486,407317
1687734486,410137
1687734486,435713
1687734486,462236
1687734486,471831
1687734486,497495
1687734486,510650
1687734486,534102
1687734486,561762
1687734486,574324
1687734486,603544
1687734486,618565
1687734486,631716
1687734486,637525
1687734486,654261
1687734486,664570
1687734486,668086
1687734486,685174
1687734486,687161
1687734486,691705
1687734486,695620
1687734487,368843
1687734487,369914
1687734487,374219
1687734487,380163
1687734487,392215
1687734487,395662
1687734487,408751
1687734487,409947
1687734487,427698
1687734487,436605
1687734487,439355
1687734487,468111
1687734487,476392
1687734487,503970
1687734487,529622
1687734487,577007
1687734487,603107
1687734487,632171
1687734487,638922
1687734487,645316
1687734487,675766
1687734487,679389
1687734487,681514
1687734487,682680
1687734487,686167
1687734488,362611
1687734488,365161
1687734488,368871
1687734488,394637
1687734488,427370
1687734488,499196
1687734488,499365
1687734488,531296
1687734488,538311
1687734488,564633
1687734488,572139
1687734488,575764
1687734488,597951
1687734488,636588
1687734488,644962
1687734488,657846
1687734488,664013
1687734488,677297
1687734488,678887
1687734488,689436
1687734488,690895
1687734488,698365
1687734489,362798
1687734489,381112
1687734489,381849
1687734489,409652
1687734489,418499
1687734489,448401
1687734489,452067
1687734489,454762
1687734489,480971
1687734489,496492
1687734489,511385
1687734489,516921
1687734489,551813
1687734489,559712
1687734489,582383
1687734489,614019
1687734489,659524
1687734489,666520
1687734489,680072
1687734489,691093
1687734490,369340
1687734490,376718
1687734490,379916
1687734490,380781
1687734490,396432
1687734490,419151
1687734490,428595
1687734490,439078
1687734490,450878
1687734490,478597
1687734490,523083
1687734490,554412
1687734490,555540
1687734490,586671
1687734490,615600
1687734490,626200
1687734490,647582
1687734490,648327
1687734490,663177
1687734490,674595
1687734490,688913
1687734490,690338
1687734490,694428
1687734490,695808
1687734491,369238
1687734491,370241
1687734491,387651
1687734491,388635
1687734491,391790
1687734491,397397
1687734491,422630
1687734491,428547
1687734491,459248
1687734491,474701
1687734491,493126
1687734491,493870
1687734491,522286
1687734491,526402
1687734491,556617
1687734491,585895
1687734491,597341
1687734491,631092
1687734491,650609
1687734491,672121
1687734491,674479
1687734491,691202
1687734491,693572
1687734492,367853
1687734492,377368
1687734492,380662
1687734492,394197
1687734492,401540
1687734492,425501
1687734492,448457
1687734492,476875
1687734492,523857
1687734492,548724
1687734492,570951
1687734492,583530
1687734492,590788
1687734492,609269
1687734492,626352
1687734492,650856
1687734492,653484
1687734492,669792
1687734492,675134
1687734492,685413
1687734492,688977
1687734492,693723
1687734492,694715
1687734492,697282
1687734493,366271
1687734493,373462
1687734493,376364
1687734493,383274
1687734493,404918
1687734493,411054
1687734493,412639
1687734493,437974
1687734493,441829
1687734493,469863
1687734493,472761
1687734493,487008
1687734493,492789
1687734493,502621
1687734493,505497
1687734493,534618
1687734493,544910
1687734493,607207
1687734493,612004
1687734493,637547
1687734493,650853
1687734493,658547
1687734493,677420
1687734493,679088
1687734493,680386
1687734493,692953
1687734494,362185
1687734494,367483
1687734494,371460
1687734494,386181
1687734494,386234
1687734494,406991
1687734494,424277
1687734494,436523
1687734494,468104
1687734494,502539
1687734494,503975
1687734494,540020
1687734494,566386
1687734494,569422
1687734494,574223
1687734494,608873
1687734494,609350
1687734494,629075
1687734494,639811
1687734494,655165
1687734494,669199
1687734494,671516
1687734494,684101
1687734494,686177
1687734494,696163
1687734494,697761
1687734495,364858
1687734495,373651
1687734495,375545
1687734495,380816
1687734495,382597
1687734495,389214
1687734495,394767
1687734495,411562
1687734495,415321
1687734495,419814
1687734495,444555
1687734495,449059
1687734495,452227
1687734495,460694
1687734495,478601
1687734495,479144
1687734495,495894
1687734495,513001
1687734495,525243
1687734495,546104
1687734495,581191
1687734495,595819
1687734495,596473
1687734495,615013
1687734495,631732
1687734495,641859
1687734495,665144
1687734495,669884
1687734495,683468
1687734495,684276
1687734495,687638
1687734495,687865
1687734495,692696
1687734496,362150
1687734496,374990
1687734496,394371
1687734496,399082
1687734496,415611
1687734496,421391
1687734496,421621
1687734496,444203
1687734496,482484
1687734496,488213
1687734496,514629
1687734496,521705
1687734496,524954
1687734496,541181
1687734496,541328
1687734496,558433
1687734496,579687
1687734496,591776
1687734496,597525
1687734496,616861
1687734496,634479
1687734496,641864
1687734496,651144
1687734496,651318
1687734496,670702
1687734496,678435
1687734496,684999
1687734496,687055
1687734496,690147
1687734496,691972
1687734497,367527
1687734497,373360
1687734497,377673
1687734497,384176
1687734497,393297
1687734497,400348
1687734497,425658
1687734497,425720
1687734497,442705
1687734497,453394
1687734497,486436
1687734497,487793
1687734497,511391
1687734497,520289
1687734497,522105
1687734497,549782
1687734497,556488
1687734497,620028
1687734497,622208
1687734497,656924
1687734497,672409
1687734497,689835
1687734497,690395
1687734497,694623
1687734497,694755
1687734498,361684
1687734498,372913
1687734498,376291
1687734498,400209
1687734498,410550
1687734498,444594
1687734498,460160
1687734498,474316
1687734498,491768
1687734498,508977
1687734498,546394
1687734498,559257
1687734498,580756
1687734498,595109
1687734498,616688
1687734498,618877
1687734498,621582
1687734498,643568
1687734498,650409
1687734498,668204
1687734498,674634
1687734498,684020
1687734498,685450
1687734498,698680
1687734499,363121
1687734499,365745
1687734499,368809
1687734499,372943
1687734499,382947
1687734499,391451
1687734499,392829
1687734499,406376
1687734499,411710
1687734499,429634
1687734499,446290
1687734499,469538
1687734499,497280
1687734499,498928
1687734499,531064
1687734499,542678
1687734499,573803
1687734499,602113
1687734499,628580
1687734499,633632
1687734499,641933
1687734499,666181
1687734499,676320
1687734499,678702
1687734499,687642
1687734499,688372
1687734499,690081
1687734499,692700
1687734500,362756
1687734500,366722
1687734500,383834
1687734500,431277
1687734500,436674
1687734500,475409
1687734500,496488
1687734500,534526
1687734500,535348
1687734500,538196
1687734500,569807
1687734500,571693
1687734500,599203
1687734500,604569
1687734500,622927
1687734500,633021
1687734500,638688
1687734500,664097
1687734500,678505
1687734500,689064
1687734500,694144
1687734501,364093
1687734501,369033
1687734501,382892
1687734501,385666
1687734501,386634
1687734501,402781
1687734501,405061
1687734501,445055
1687734501,464107
1687734501,475275
1687734501,496999
1687734501,503934
1687734501,565013
1687734501,567568
1687734501,576860
1687734501,609203
1687734501,657124
1687734501,662138
1687734501,664964
1687734501,680037
1687734501,685867
1687734501,686726
1687734501,692005
1687734502,374883
1687734502,379078
1687734502,416916
1687734502,426167
1687734502,448594
1687734502,459721
1687734502,508464
1687734502,521270
1687734502,561456
1687734502,612245
1687734502,624587
1687734502,642201
1687734502,661117
1687734502,677600
1687734502,678457
1687734502,682716
1687734502,694043
1687734502,697269
1687734503,360399
1687734503,365412
1687734503,371698
1687734503,374123
1687734503,378508
1687734503,389248
1687734503,395201
1687734503,400513
1687734503,416490
1687734503,454046
1687734503,482699
1687734503,485841
1687734503,521993
1687734503,548297
1687734503,548519
1687734503,582246
1687734503,587634
1687734503,589155
1687734503,645341
1687734503,648937
1687734503,668407
1687734503,670595
1687734503,686406
1687734503,688755
1687734503,693492
1687734504,365174
1687734504,386764
1687734504,393710
1687734504,397080
1687734504,416757
1687734504,427223
1687734504,445970
1687734504,459083
1687734504,480019
1687734504,487013
1687734504,521902
1687734504,522603
1687734504,528139
1687734504,531715
1687734504,549086
1687734504,588274
1687734504,593950
1687734504,609250
1687734504,609590
1687734504,623729
1687734504,625333
1687734504,672869
1687734504,674143
1687734504,686797
1687734504,688220
1687734504,690090
1687734504,693299
1687734504,694948
1687734505,372110
1687734505,372614
1687734505,375105
1687734505,381420
1687734505,382095
1687734505,408650
1687734505,427132
1687734505,444692
1687734505,498213
1687734505,500436
1687734505,515944
1687734505,547711
1687734505,562338
1687734505,589991
1687734505,602836
1687734505,627499
1687734505,647899
1687734505,648498
1687734505,678886
1687734505,680652
1687734505,685217
1687734505,686814
1687734505,693854
1687734506,362724
1687734506,367495
1687734506,371904
1687734506,390178
1687734506,405536
1687734506,406368
1687734506,408266
1687734506,436820
1687734506,437174
1687734506,437550
1687734506,464046
1687734506,465631
1687734506,469914
1687734506,499094
1687734506,508420
1687734506,535975
1687734506,563951
1687734506,572435
1687734506,605520
1687734506,616460
1687734506,635698
1687734506,655851
1687734506,663384
1687734506,666711
1687734506,684493
1687734506,691746
1687734506,695298
1687734507,369501
1687734507,369854
1687734507,373796
1687734507,391495
1687734507,396688
1687734507,411441
1687734507,426275
1687734507,434845
1687734507,441238
1687734507,478279
1687734507,505970
1687734507,527440
1687734507,574539
1687734507,594434
1687734507,605160
1687734507,633685
1687734507,636940
1687734507,652284
1687734507,656420
1687734507,664161
1687734507,676752
1687734507,680362
1687734507,680864
1687734507,682083
1687734507,682841
1687734507,686704
1687734507,701406
1687734508,362840
1687734508,362949
1687734508,364871
1687734508,368483
1687734508,395900
1687734508,397308
1687734508,407063
1687734508,408236
1687734508,425803
1687734508,480765
1687734508,528931
1687734508,540419
1687734508,562359
1687734508,574573
1687734508,578023
1687734508,595955
1687734508,598356
1687734508,624528
1687734508,638355
1687734508,643083
1687734508,665426
1687734508,666264
1687734508,676589
1687734508,677966
1687734508,689209
1687734508,690990
1687734508,698418
1687734509,381118
1687734509,382006
1687734509,396430
1687734509,420392
1687734509,446358
1687734509,452868
1687734509,453952
1687734509,482892
1687734509,488868
1687734509,494368
1687734509,513228
1687734509,553942
1687734509,557470
1687734509,584484
1687734509,615579
1687734509,648994
1687734509,658533
1687734509,667417
1687734509,680758
1687734509,690719
1687734510,375946
1687734510,378756
1687734510,381885
1687734510,398205
1687734510,426530
1687734510,427021
1687734510,449129
1687734510,453847
1687734510,476367
1687734510,497435
1687734510,520906
1687734510,553277
1687734510,556025
1687734510,584547
1687734510,617366
1687734510,624260
1687734510,648951
1687734510,649834
1687734510,661727
1687734510,673407
1687734510,688278
1687734510,689637
1687734510,694445
1687734510,696423
1687734511,368748
1687734511,370254
1687734511,370511
1687734511,387459
1687734511,388556
1687734511,390682
1687734511,398955
1687734511,430237
1687734511,457936
1687734511,461149
1687734511,472640
1687734511,494972
1687734511,495954
1687734511,520342
1687734511,528340
1687734511,544449
1687734511,558857
1687734511,562180
1687734511,583380
1687734511,599553
1687734511,621308
1687734511,632925
1687734511,652371
1687734511,673065
1687734511,673962
1687734511,691265
1687734511,693592
1687734512,368506
1687734512,376514
1687734512,381893
1687734512,400231
1687734512,420840
1687734512,438710
1687734512,446558
1687734512,474997
1687734512,503295
1687734512,525895
1687734512,539432
1687734512,546719
1687734512,573014
1687734512,581502
1687734512,592847
1687734512,607343
1687734512,609726
1687734512,630379
1687734512,649072
1687734512,656098
1687734512,668366
1687734512,676278
1687734512,684265
1687734512,689458
1687734512,693920
1687734512,695029
1687734512,697101
1687734513,366238
1687734513,372635
1687734513,377036
1687734513,405800
1687734513,412782
1687734513,414211
1687734513,438403
1687734513,439784
1687734513,439856
1687734513,471768
1687734513,474842
1687734513,490490
1687734513,504540
1687734513,536410
1687734513,542757
1687734513,607126
1687734513,639419
1687734513,659609
1687734513,678770
1687734513,679689
1687734513,680895
1687734513,693355
1687734513,693693
1687734514,362378
1687734514,368298
1687734514,371652
1687734514,385045
1687734514,386608
1687734514,403490
1687734514,422404
1687734514,466116
1687734514,500266
1687734514,505667
1687734514,542071
1687734514,548012
1687734514,567144
1687734514,568389
1687734514,572206
1687734514,608956
1687734514,610996
1687734514,627183
1687734514,641271
1687734514,656522
1687734514,668107
1687734514,670718
1687734514,685007
1687734514,685644
1687734514,696273
1687734514,698430
1687734515,364730
1687734515,374160
1687734515,374776
1687734515,380456
1687734515,381091
1687734515,390386
1687734515,396162
1687734515,409980
1687734515,416938
1687734515,417882
1687734515,446598
1687734515,450960
1687734515,458620
1687734515,480881
1687734515,493860
1687734515,515026
1687734515,523051
1687734515,583284
1687734515,594080
1687734515,617240
1687734515,629830
1687734515,643392
1687734515,670964
1687734515,683199
1687734515,684181
1687734515,687378
1687734515,688035
1687734515,692177
1687734516,362320
1687734516,374651
1687734516,393083
1687734516,399978
1687734516,417198
1687734516,419808
1687734516,420929
1687734516,423464
1687734516,441979
1687734516,466154
1687734516,484403
1687734516,486047
1687734516,516582
1687734516,518737
1687734516,522810
1687734516,523660
1687734516,543318
1687734516,556285
1687734516,581857
1687734516,589717
1687734516,595536
1687734516,618768
1687734516,632378
1687734516,643316
1687734516,649585
1687734516,649716
1687734516,671822
1687734516,677482
1687734516,688011
1687734516,689592
1687734516,692358
1687734517,367871
1687734517,372961
1687734517,378758
1687734517,383832
1687734517,391995
1687734517,401462
1687734517,423884
1687734517,427176
1687734517,440281
1687734517,455443
1687734517,484364
1687734517,489828
1687734517,509031
1687734517,518313
1687734517,523851
1687734517,547558
1687734517,558277
1687734517,618292
1687734517,623959
1687734517,655372
1687734517,673828
1687734517,685490
1687734517,689338
1687734517,694029
1687734518,361432
1687734518,372351
1687734518,377275
1687734518,380855
1687734518,389814
1687734518,401957
1687734518,408933
1687734518,442762
1687734518,461960
1687734518,466158
1687734518,472362
1687734518,493858
1687734518,499039
1687734518,506993
1687734518,561308
1687734518,564395
1687734518,578290
1687734518,597046
1687734518,614670
1687734518,617271
1687734518,623493
1687734518,641754
1687734518,652160
1687734518,667370
1687734518,675567
1687734518,684646
1687734518,684678
1687734518,698323
1687734519,363823
1687734519,365686
1687734519,369112
1687734519,372610
1687734519,381795
1687734519,390694
1687734519,393670
1687734519,407862
1687734519,409822
1687734519,431271
1687734519,444343
1687734519,467695
1687734519,500927
1687734519,532981
1687734519,540581
1687734519,571611
1687734519,603962
1687734519,635485
1687734519,640336
1687734519,651862
1687734519,657407
1687734519,665164
1687734519,677042
1687734519,677950
1687734519,686510
1687734519,688133
1687734519,688270
1687734519,690057
1687734520,362844
1687734520,365617
1687734520,369572
1687734520,377902
1687734520,384308
1687734520,385124
1687734520,393319
1687734520,429486
1687734520,435275
1687734520,438455
1687734520,464695
1687734520,477486
1687734520,494310
1687734520,529370
1687734520,533126
1687734520,536114
1687734520,536454
1687734520,567284
1687734520,574187
1687734520,601009
1687734520,602591
1687734520,634759
1687734520,636719
1687734520,655952
1687734520,665334
1687734520,665568
1687734520,675967
1687734520,679256
1687734520,689360
1687734520,693775
1687734520,695005
1687734520,696645
1687734520,701434
1687734521,368649
1687734521,383675
1687734521,384497
1687734521,388041
1687734521,396054
1687734521,401499
1687734521,406468
1687734521,439145
1687734521,462111
1687734521,476954
1687734521,494785
1687734521,505833
1687734521,510258
1687734521,541007
1687734521,562877
1687734521,565256
1687734521,579079
1687734521,596496
1687734521,610974
1687734521,640433
1687734521,660309
1687734521,666220
1687734521,683403
1687734521,686562
1687734521,692026
1687734522,364528
1687734522,371799
1687734522,372716
1687734522,373737
1687734522,393234
1687734522,404671
1687734522,418550
1687734522,418594
1687734522,424393
1687734522,446968
1687734522,450406
1687734522,457672
1687734522,492349
1687734522,515672
1687734522,519522
1687734522,559331
1687734522,592087
1687734522,613943
1687734522,622729
1687734522,643825
1687734522,659515
1687734522,676174
1687734522,679247
1687734522,694010
1687734522,697617
1687734523,359524
1687734523,365290
1687734523,374945
1687734523,379146
1687734523,390629
1687734523,399240
1687734523,415265
1687734523,428193
1687734523,455987
1687734523,483630
1687734523,484718
1687734523,490733
1687734523,519707
1687734523,550699
1687734523,584488
1687734523,585697
1687734523,587089
1687734523,617241
1687734523,620241
1687734523,622749
1687734523,647038
1687734523,650587
1687734523,653443
1687734523,669428
1687734523,669459
1687734523,686158
1687734523,688829
1687734523,688947
1687734523,693541
1687734523,699590
1687734524,365765
1687734524,369126
1687734524,372353
1687734524,385043
1687734524,392223
1687734524,398544
1687734524,415303
1687734524,429079
1687734524,444055
1687734524,467656
1687734524,477720
1687734524,485067
1687734524,513106
1687734524,523921
1687734524,524800
1687734524,547149
1687734524,590492
1687734524,591987
1687734524,607636
1687734524,625687
1687734524,626964
1687734524,647070
1687734524,673262
1687734524,673914
1687734524,680167
1687734524,686513
1687734524,687209
1687734524,687720
1687734524,689094
1687734524,690057
1687734524,694072
1687734525,371197
1687734525,372674
1687734525,376219
1687734525,383077
1687734525,410045
1687734525,428841
1687734525,442820
1687734525,461242
1687734525,498243
1687734525,500221
1687734525,506161
1687734525,513797
1687734525,544346
1687734525,545759
1687734525,564671
1687734525,604692
1687734525,607291
1687734525,629289
1687734525,646895
1687734525,649306
1687734525,680224
1687734525,680339
1687734525,681822
1687734525,685831
1687734525,693741
1687734525,694766
1687734526,362850
1687734526,367941
1687734526,369835
1687734526,389326
1687734526,403805
1687734526,406398
1687734526,407964
1687734526,439442
1687734526,465867
1687734526,467983
1687734526,500703
1687734526,537497
1687734526,566194
1687734526,570515
1687734526,607452
1687734526,614357
1687734526,633868
1687734526,657400
1687734526,662127
1687734526,665250
1687734526,683810
1687734526,691740
1687734526,694973
1687734526,701389
1687734527,370201
1687734527,373414
1687734527,390719
1687734527,397758
1687734527,412987
1687734527,424869
1687734527,433070
1687734527,443133
1687734527,455855
1687734527,480161
1687734527,495552
1687734527,507937
1687734527,525263
1687734527,546621
1687734527,572067
1687734527,572092
1687734527,607219
1687734527,634954
1687734527,635183
1687734527,677734
1687734527,681320
1687734527,681516
1687734527,687255
1687734527,698461
1687734528,364658
1687734528,368124
1687734528,397173
1687734528,422283
1687734528,424259
1687734528,482912
1687734528,526588
1687734528,542547
1687734528,560064
1687734528,576981
1687734528,580281
1687734528,593231
1687734528,593967
1687734528,640091
1687734528,641174
1687734528,654996
1687734528,666822
1687734528,667392
1687734528,675883
1687734528,677029
1687734528,688964
1687734528,691041
1687734529,363362
1687734529,380407
1687734529,382914
1687734529,397681
1687734529,406851
1687734529,422688
1687734529,444313
1687734529,451009
1687734529,455857
1687734529,484800
1687734529,492190
1687734529,515119
1687734529,555244
1687734529,556125
1687734529,586592
1687734529,617143
1687734529,619132
1687734529,657491
1687734529,668276
1687734529,688891
1687734529,690331
1687734530,375224
1687734530,377614
1687734530,382960
1687734530,399998
1687734530,419037
1687734530,425426
1687734530,447388
1687734530,455484
1687734530,474185
1687734530,518720
1687734530,550220
1687734530,551038
1687734530,557649
1687734530,582407
1687734530,622299
1687734530,650322
1687734530,651364
1687734530,660209
1687734530,672148
1687734530,687123
1687734530,687628
1687734530,694411
1687734530,697003
1687734531,370798
1687734531,386259
1687734531,389473
1687734531,389595
1687734531,400586
1687734531,431955
1687734531,463051
1687734531,464236
1687734531,470557
1687734531,496840
1687734531,498032
1687734531,518385
1687734531,530323
1687734531,561114
1687734531,580842
1687734531,601715
1687734531,605423
1687734531,619693
1687734531,634699
1687734531,654100
1687734531,673394
1687734531,673992
1687734531,686246
1687734531,691283
1687734531,693556
1687734532,369156
1687734532,375706
1687734532,377985
1687734532,383176
1687734532,398962
1687734532,440535
1687734532,444625
1687734532,473127
1687734532,501066
1687734532,527951
1687734532,544716
1687734532,575034
1687734532,579478
1687734532,594860
1687734532,607458
1687734532,632202
1687734532,647256
1687734532,650181
1687734532,666894
1687734532,677393
1687734532,683144
1687734532,689887
1687734532,694086
1687734532,695325
1687734532,696843
1687734533,366217
1687734533,371869
1687734533,377731
1687734533,385396
1687734533,414597
1687734533,415835
1687734533,437749
1687734533,441767
1687734533,473696
1687734533,476868
1687734533,488213
1687734533,506494
1687734533,538206
1687734533,540563
1687734533,604905
1687734533,610717
1687734533,613055
1687734533,641280
1687734533,660656
1687734533,669874
1687734533,678444
1687734533,678989
1687734533,681786
1687734533,694373
1687734534,362641
1687734534,369168
1687734534,371907
1687734534,383836
1687734534,387011
1687734534,402016
1687734534,404679
1687734534,420592
1687734534,440288
1687734534,464120
1687734534,497985
1687734534,507389
1687734534,537877
1687734534,544134
1687734534,564862
1687734534,570199
1687734534,570332
1687734534,642702
1687734534,657854
1687734534,666918
1687734534,685117
1687734534,685875
1687734534,696357
1687734534,699072
1687734535,362930
1687734535,364640
1687734535,373984
1687734535,374731
1687734535,379665
1687734535,380098
1687734535,391606
1687734535,397563
1687734535,405397
1687734535,408386
1687734535,415944
1687734535,418603
1687734535,448673
1687734535,452852
1687734535,456615
1687734535,482633
1687734535,491814
1687734535,517024
1687734535,520832
1687734535,530126
1687734535,549942
1687734535,585382
1687734535,592343
1687734535,592397
1687734535,619386
1687734535,620694
1687734535,627870
1687734535,644863
1687734535,672032
1687734535,682070
1687734535,684892
1687734535,686863
1687734535,688400
1687734535,691592
1687734536,362569
1687734536,369844
1687734536,374378
1687734536,391846
1687734536,400917
1687734536,418307
1687734536,418831
1687734536,425321
1687734536,439802
1687734536,457455
1687734536,483861
1687734536,486345
1687734536,518587
1687734536,520549
1687734536,520661
1687734536,525646
1687734536,545511
1687734536,554156
1687734536,584090
1687734536,587611
1687734536,593529
1687734536,630184
1687734536,644710
1687734536,647997
1687734536,672917
1687734536,676486
1687734536,681394
1687734536,688944
1687734536,689036
1687734536,689701
1687734536,692695
1687734537,368272
1687734537,372606
1687734537,378321
1687734537,379842
1687734537,383520
1687734537,390738
1687734537,402605
1687734537,422128
1687734537,428624
1687734537,437879
1687734537,482278
1687734537,491893
1687734537,506656
1687734537,516365
1687734537,525587
1687734537,560057
1687734537,563367
1687734537,594133
1687734537,616570
1687734537,625682
1687734537,653781
1687734537,654551
1687734537,675238
1687734537,685918
1687734537,688827
1687734537,693259
1687734538,361277
1687734538,371817
1687734538,380327
1687734538,390635
1687734538,392285
1687734538,403753
1687734538,407336
1687734538,440904
1687734538,463779
1687734538,468069
1687734538,470380
1687734538,495904
1687734538,500846
1687734538,505024
1687734538,542273
1687734538,545353
1687734538,566618
1687734538,575825
1687734538,598928
1687734538,612647
1687734538,615645
1687734538,625449
1687734538,639897
1687734538,653902
1687734538,666458
1687734538,676473
1687734538,683862
1687734538,685293
1687734538,694873
1687734538,695113
1687734538,697931
1687734539,364570
1687734539,365683
1687734539,369464
1687734539,372283
1687734539,380690
1687734539,389881
1687734539,394578
1687734539,407996
1687734539,409358
1687734539,432883
1687734539,442384
1687734539,465833
1687734539,502897
1687734539,534865
1687734539,538483
1687734539,569398
1687734539,605771
1687734539,637287
1687734539,638695
1687734539,648088
1687734539,658714
1687734539,664094
1687734539,677724
1687734539,687860
1687734539,688897
1687734539,690015
1687734540,362988
1687734540,364553
1687734540,378356
1687734540,386455
1687734540,392528
1687734540,427685
1687734540,440265
1687734540,441223
1687734540,462797
1687734540,479541
1687734540,492165
1687734540,530926
1687734540,534055
1687734540,538366
1687734540,574376
1687734540,576716
1687734540,600587
1687734540,602829
1687734540,634720
1687734540,636471
1687734540,666584
1687734540,666951
1687734540,679952
1687734540,689625
1687734540,693357
1687734541,364993
1687734541,368301
1687734541,373779
1687734541,383342
1687734541,384489
1687734541,389546
1687734541,394892
1687734541,407910
1687734541,460086
1687734541,469700
1687734541,478692
1687734541,492535
1687734541,507747
1687734541,542916
1687734541,548818
1687734541,560725
1687734541,562929
1687734541,564903
1687734541,581267
1687734541,591070
1687734541,594617
1687734541,612730
1687734541,615686
1687734541,642405
1687734541,654757
1687734541,658462
1687734541,667421
1687734541,679422
1687734541,685169
1687734541,692023
1687734541,701423
1687734542,371857
1687734542,372617
1687734542,403545
1687734542,420212
1687734542,420246
1687734542,422638
1687734542,448908
1687734542,452267
1687734542,453830
1687734542,455613
1687734542,490517
1687734542,512089
1687734542,517699
1687734542,517799
1687734542,552089
1687734542,557216
1687734542,620817
1687734542,645439
1687734542,657884
1687734542,674526
1687734542,674762
1687734542,680041
1687734542,684037
1687734542,693963
1687734542,693965
1687734542,697902
1687734543,358757
1687734543,365213
1687734543,375773
1687734543,379841
1687734543,392081
1687734543,397995
1687734543,414115
1687734543,429821
1687734543,457953
1687734543,481447
1687734543,486735
1687734543,517392
1687734543,552903
1687734543,583780
1687734543,585011
1687734543,586687
1687734543,618343
1687734543,619224
1687734543,648689
1687734543,652194
1687734543,668226
1687734543,670490
1687734543,680804
1687734543,685906
1687734543,689873
1687734543,698917
1687734544,366405
1687734544,368045
1687734544,368267
1687734544,372820
1687734544,372982
1687734544,377364
1687734544,383331
1687734544,390757
1687734544,400033
1687734544,402256
1687734544,413863
1687734544,416829
1687734544,430988
1687734544,442155
1687734544,475421
1687734544,483079
1687734544,511639
1687734544,525906
1687734544,526974
1687734544,545190
1687734544,566977
1687734544,589933
1687734544,592662
1687734544,605701
1687734544,627662
1687734544,628573
1687734544,672337
1687734544,674916
1687734544,686222
1687734544,687199
1687734544,688059
1687734544,688887
1687734544,693553
1687734544,694762
1687734545,370303
1687734545,372769
1687734545,384077
1687734545,411454
1687734545,430603
1687734545,440928
1687734545,463404
1687734545,494622
1687734545,496068
1687734545,502241
1687734545,543749
1687734545,598109
1687734545,605355
1687734545,606527
1687734545,639269
1687734545,645242
1687734545,650676
1687734545,676699
1687734545,679754
1687734545,681768
1687734545,686474
1687734545,687586
1687734545,693538
1687734545,698359
1687734545,701798
1687734546,362986
1687734546,368425
1687734546,369849
1687734546,379603
1687734546,388488
1687734546,389583
1687734546,402133
1687734546,404526
1687734546,409577
1687734546,434539
1687734546,441424
1687734546,462311
1687734546,466033
1687734546,467739
1687734546,471041
1687734546,503902
1687734546,535045
1687734546,535557
1687734546,568451
1687734546,568551
1687734546,609325
1687734546,612289
1687734546,631985
1687734546,658921
1687734546,660780
1687734546,663729
1687734546,683130
1687734546,685724
1687734546,691698
1687734546,694633
1687734547,370920
1687734547,373060
1687734547,389872
1687734547,398868
1687734547,400265
1687734547,414568
1687734547,423504
1687734547,431300
1687734547,445050
1687734547,482036
1687734547,493686
1687734547,509854
1687734547,523100
1687734547,539814
1687734547,558388
1687734547,569595
1687734547,573163
1687734547,609260
1687734547,625276
1687734547,632929
1687734547,636660
1687734547,677172
1687734547,678710
1687734547,680951
1687734547,682241
1687734547,687792
1687734547,702999
1687734548,363097
1687734548,364503
1687734548,367845
1687734548,376923
1687734548,377742
1687734548,388748
1687734548,398427
1687734548,403795
1687734548,422779
1687734548,424186
1687734548,447200
1687734548,456020
1687734548,485032
1687734548,522342
1687734548,524301
1687734548,527051
1687734548,544658
1687734548,557778
1687734548,579364
1687734548,582516
1687734548,590342
1687734548,591925
1687734548,639226
1687734548,641804
1687734548,644759
1687734548,653532
1687734548,661377
1687734548,668197
1687734548,668470
1687734548,675131
1687734548,676029
1687734548,688738
1687734548,691047
1687734548,697284
1687734548,698483
1687734549,363840
1687734549,376480
1687734549,379764
1687734549,383842
1687734549,384035
1687734549,398936
1687734549,405517
1687734549,424446
1687734549,433325
1687734549,442302
1687734549,449179
1687734549,457785
1687734549,486718
1687734549,490015
1687734549,517049
1687734549,545471
1687734549,553012
1687734549,558372
1687734549,588647
1687734549,618732
1687734549,620959
1687734549,656418
1687734549,669129
1687734549,682024
1687734549,688105
1687734549,689949
1687734549,695321
1687734550,370137
1687734550,374552
1687734550,401804
1687734550,417225
1687734550,423784
1687734550,445689
1687734550,457091
1687734550,472027
1687734550,516573
1687734550,548815
1687734550,559286
1687734550,580249
1687734550,618055
1687734550,620335
1687734550,651696
1687734550,652894
1687734550,655816
1687734550,658634
1687734550,670834
1687734550,686947
1687734550,687679
1687734550,694325
1687734550,697482
1687734551,371123
1687734551,385069
1687734551,388488
1687734551,390398
1687734551,433686
1687734551,464952
1687734551,468438
1687734551,498682
1687734551,500089
1687734551,516442
1687734551,530058
1687734551,532313
1687734551,563408
1687734551,578346
1687734551,603819
1687734551,631056
1687734551,636440
1687734551,672783
1687734551,674876
1687734551,691241
1687734551,693480
1687734552,369814
1687734552,374935
1687734552,384502
1687734552,391355
1687734552,397757
1687734552,442285
1687734552,442671
1687734552,471290
1687734552,498809
1687734552,542679
1687734552,577034
1687734552,577495
1687734552,596841
1687734552,603498
1687734552,605196
1687734552,621014
1687734552,633992
1687734552,645429
1687734552,648445
1687734552,665452
1687734552,678454
1687734552,682014
1687734552,690305
1687734552,694220
1687734552,695578
1687734552,696535
1687734553,366205
1687734553,371171
1687734553,378464
1687734553,386527
1687734553,416480
1687734553,417478
1687734553,435721
1687734553,443693
1687734553,462104
1687734553,475596
1687734553,478847
1687734553,492606
1687734553,502347
1687734553,508456
1687734553,511043
1687734553,532105
1687734553,538318
1687734553,540015
1687734553,568183
1687734553,602702
1687734553,612494
1687734553,623376
1687734553,643122
1687734553,644129
1687734553,645074
1687734553,661673
1687734553,678123
1687734553,678276
1687734553,682687
1687734553,695010
1687734554,362952
1687734554,372227
1687734554,382617
1687734554,387408
1687734554,403578
1687734554,420298
1687734554,442197
1687734554,495682
1687734554,509158
1687734554,524716
1687734554,546216
1687734554,562600
1687734554,572261
1687734554,615085
1687734554,659192
1687734554,665670
1687734554,668968
1687734554,680878
1687734554,684607
1687734554,686720
1687734554,696415
1687734554,699708
1687734555,364576
1687734555,373163
1687734555,375358
1687734555,378320
1687734555,379754
1687734555,392878
1687734555,398959
1687734555,406808
1687734555,413992
1687734555,450752
1687734555,454633
1687734555,454762
1687734555,484443
1687734555,489789
1687734555,518577
1687734555,519025
1687734555,551875
1687734555,587476
1687734555,590577
1687734555,621499
1687734555,625830
1687734555,646315
1687734555,685574
1687734555,686357
1687734555,688772
1687734555,690971
1687734556,362871
1687734556,374168
1687734556,390656
1687734556,401905
1687734556,416890
1687734556,420435
1687734556,420451
1687734556,427214
1687734556,437650
1687734556,481632
1687734556,488298
1687734556,514447
1687734556,518516
1687734556,520614
1687734556,527631
1687734556,543133
1687734556,547721
1687734556,552023
1687734556,585460
1687734556,586320
1687734556,591460
1687734556,622624
1687734556,627957
1687734556,646097
1687734556,646381
1687734556,673990
1687734556,675425
1687734556,688496
1687734556,689825
1687734556,693021
1687734557,368705
1687734557,372296
1687734557,380928
1687734557,383208
1687734557,389515
1687734557,403760
1687734557,430071
1687734557,459476
1687734557,480179
1687734557,493971
1687734557,503053
1687734557,504269
1687734557,527325
1687734557,561833
1687734557,596135
1687734557,610626
1687734557,614017
1687734557,614842
1687734557,627370
1687734557,646447
1687734557,652134
1687734557,655644
1687734557,655645
1687734557,663811
1687734557,676624
1687734557,686300
1687734557,688310
1687734558,361186
1687734558,379853
1687734558,391483
1687734558,402260
1687734558,405627
1687734558,405782
1687734558,439030
1687734558,465653
1687734558,468370
1687734558,469946
1687734558,497886
1687734558,502657
1687734558,540195
1687734558,565461
1687734558,568851
1687734558,573369
1687734558,600732
1687734558,627428
1687734558,638003
1687734558,665474
1687734558,677360
1687734558,683032
1687734558,685913
1687734558,694565
1687734558,694933
1687734558,697486
1687734559,365377
1687734559,365753
1687734559,369888
1687734559,371977
1687734559,379644
1687734559,389046
1687734559,395539
1687734559,406237
1687734559,410850
1687734559,434475
1687734559,440408
1687734559,463969
1687734559,504846
1687734559,536416
1687734559,536725
1687734559,562506
1687734559,567180
1687734559,604658
1687734559,607491
1687734559,637003
1687734559,639008
1687734559,660041
1687734559,662940
1687734559,678394
1687734559,687607
1687734559,689502
1687734559,689923
1687734559,695275
1687734560,363210
1687734560,363545
1687734560,378852
1687734560,382238
1687734560,385343
1687734560,387822
1687734560,391736
1687734560,399038
1687734560,400518
1687734560,425882
1687734560,442110
1687734560,443333
1687734560,471756
1687734560,481588
1687734560,485959
1687734560,490084
1687734560,528758
1687734560,531973
1687734560,540261
1687734560,576637
1687734560,579255
1687734560,598558
1687734560,632699
1687734560,638173
1687734560,653534
1687734560,656572
1687734560,667829
1687734560,668283
1687734560,676375
1687734560,678589
1687734560,680623
1687734560,689809
1687734560,692884
1687734560,701388
1687734561,368004
1687734561,374917
1687734561,391117
1687734561,393812
1687734561,409371
1687734561,421904
1687734561,458012
1687734561,480452
1687734561,490303
1687734561,509672
1687734561,513943
1687734561,544827
1687734561,558591
1687734561,560602
1687734561,583417
1687734561,588838
1687734561,592711
1687734561,614466
1687734561,617407
1687734561,644333
1687734561,673071
1687734561,683794
1687734561,684661
1687734561,685180
1687734561,692009
1687734561,697856
1687734561,702171
1687734562,371510
1687734562,371920
1687734562,402424
1687734562,420896
1687734562,421877
1687734562,453567
1687734562,454181
1687734562,488683
1687734562,516080
1687734562,519724
1687734562,553919
1687734562,555135
1687734562,618860
1687734562,647059
1687734562,656200
1687734562,673308
1687734562,679768
1687734562,680799
1687734562,685630
1687734562,688931
1687734562,693857
1687734562,698162
1687734563,358104
1687734563,365186
1687734563,367838
1687734563,370130
1687734563,375902
1687734563,376595
1687734563,380523
1687734563,393551
1687734563,396779
1687734563,413012
1687734563,431429
1687734563,459947
1687734563,479304
1687734563,488732
1687734563,515080
1687734563,555126
1687734563,581852
1687734563,582942
1687734563,588834
1687734563,616462
1687734563,621233
1687734563,650307
1687734563,653786
1687734563,666995
1687734563,671487
1687734563,690751
1687734563,692443
1687734563,698177
1687734564,367002
1687734564,367081
1687734564,371332
1687734564,372384
1687734564,373315
1687734564,378518
1687734564,379457
1687734564,381653
1687734564,389323
1687734564,401521
1687734564,403635
1687734564,415222
1687734564,418840
1687734564,432900
1687734564,440269
1687734564,465516
1687734564,473115
1687734564,481066
1687734564,527844
1687734564,529172
1687734564,543213
1687734564,569282
1687734564,587795
1687734564,594789
1687734564,603807
1687734564,629606
1687734564,630172
1687734564,652044
1687734564,671352
1687734564,673085
1687734564,675908
1687734564,685906
1687734564,686679
1687734564,686995
1687734564,693563
1687734564,695360
1687734565,369461
1687734565,372899
1687734565,385105
1687734565,402632
1687734565,412856
1687734565,431359
1687734565,432424
1687734565,439008
1687734565,493918
1687734565,496453
1687734565,504220
1687734565,534080
1687734565,541687
1687734565,600022
1687734565,603441
1687734565,608390
1687734565,637225
1687734565,643519
1687734565,677845
1687734565,679246
1687734565,687914
1687734565,693262
1687734565,698190
1687734566,363136
1687734566,368961
1687734566,369880
1687734566,379025
1687734566,387653
1687734566,390651
1687734566,400535
1687734566,433080
1687734566,443453
1687734566,464089
1687734566,469655
1687734566,472971
1687734566,501673
1687734566,503985
1687734566,533126
1687734566,533593
1687734566,566526
1687734566,570705
1687734566,610196
1687734566,611170
1687734566,630059
1687734566,659400
1687734566,660405
1687734566,662157
1687734566,687084
1687734566,691607
1687734566,694258
1687734567,371644
1687734567,372752
1687734567,388981
1687734567,400015
1687734567,416192
1687734567,422132
1687734567,429558
1687734567,435534
1687734567,446999
1687734567,483890
1687734567,491791
1687734567,511723
1687734567,520935
1687734567,541805
1687734567,556106
1687734567,567108
1687734567,575249
1687734567,611325
1687734567,630868
1687734567,638091
1687734567,659653
1687734567,679693
1687734567,680415
1687734567,683116
1687734567,688310
1687734567,702983
1687734568,363320
1687734568,364401
1687734568,365479
1687734568,367616
1687734568,378506
1687734568,388105
1687734568,399657
1687734568,402211
1687734568,404219
1687734568,421357
1687734568,426109
1687734568,447349
1687734568,449123
1687734568,450862
1687734568,453910
1687734568,487131
1687734568,494482
1687734568,522070
1687734568,524110
1687734568,546779
1687734568,555492
1687734568,581699
1687734568,584739
1687734568,588298
1687734568,589839
1687734568,619302
1687734568,637271
1687734568,643481
1687734568,646409
1687734568,652040
1687734568,669515
1687734568,669538
1687734568,674362
1687734568,674989
1687734568,688530
1687734568,691046
1687734568,698473
1687734569,364374
1687734569,375359
1687734569,379204
1687734569,384829
1687734569,385128
1687734569,400210
1687734569,426219
1687734569,440296
1687734569,458710
1687734569,459719
1687734569,476116
1687734569,487831
1687734569,488623
1687734569,509032
1687734569,519009
1687734569,547567
1687734569,550787
1687734569,560704
1687734569,584679
1687734569,590679
1687734569,643033
1687734569,655313
1687734569,669947
1687734569,678088
1687734569,682591
1687734569,687302
1687734569,689583
1687734569,695853
1687734570,370433
1687734570,373909
1687734570,393089
1687734570,403638
1687734570,422097
1687734570,428561
1687734570,444016
1687734570,469868
1687734570,514389
1687734570,523734
1687734570,546578
1687734570,560950
1687734570,578061
1687734570,618374
1687734570,627129
1687734570,632771
1687734570,653104
1687734570,654438
1687734570,656971
1687734570,669431
1687734570,686227
1687734570,688181
1687734570,689336
1687734570,694196
1687734570,697885
1687734571,371523
1687734571,383851
1687734571,387376
1687734571,391291
1687734571,435443
1687734571,451864
1687734571,460957
1687734571,466285
1687734571,466829
1687734571,500506
1687734571,502094
1687734571,502849
1687734571,509478
1687734571,514474
1687734571,534314
1687734571,551047
1687734571,565729
1687734571,575885
1687734571,605858
1687734571,607091
1687734571,616407
1687734571,638134
1687734571,657538
1687734571,668581
1687734571,672147
1687734571,675697
1687734571,690132
1687734571,691141
1687734571,691970
1687734571,693346
1687734572,370486
1687734572,372308
1687734572,374197
1687734572,385843
1687734572,396617
1687734572,406011
1687734572,407060
1687734572,440659
1687734572,444041
1687734572,469473
1687734572,496539
1687734572,500476
1687734572,510445
1687734572,532210
1687734572,540626
1687734572,575540
1687734572,579052
1687734572,601572
1687734572,603175
1687734572,635780
1687734572,643601
1687734572,646645
1687734572,664034
1687734572,664948
1687734572,679449
1687734572,680859
1687734572,690658
1687734572,694332
1687734572,695786
1687734572,696191
1687734573,366221
1687734573,370508
1687734573,379211
1687734573,387695
1687734573,411229
1687734573,418373
1687734573,419155
1687734573,427232
1687734573,433725
1687734573,445624
1687734573,477522
1687734573,480820
1687734573,483741
1687734573,526011
1687734573,536098
1687734573,541834
1687734573,598827
1687734573,614276
1687734573,629207
1687734573,644895
1687734573,662665
1687734573,677527
1687734573,677785
1687734573,680776
1687734573,683628
1687734573,695166
1687734573,695555
1687734573,696157
1687734574,363304
1687734574,372594
1687734574,379026
1687734574,381422
1687734574,387788
1687734574,388519
1687734574,444139
1687734574,460039
1687734574,493400
1687734574,510967
1687734574,522373
1687734574,548275
1687734574,560362
1687734574,566173
1687734574,574204
1687734574,617130
1687734574,621482
1687734574,645547
1687734574,660511
1687734574,664362
1687734574,684122
1687734574,685842
1687734574,687563
1687734574,696453
1687734574,700314
1687734575,364522
1687734575,376012
1687734575,377071
1687734575,379457
1687734575,394207
1687734575,400382
1687734575,404001
1687734575,405204
1687734575,412045
1687734575,452667
1687734575,452816
1687734575,456666
1687734575,486327
1687734575,487791
1687734575,516342
1687734575,521019
1687734575,553835
1687734575,581701
1687734575,588802
1687734575,589524
1687734575,623586
1687734575,623762
1687734575,647755
1687734575,679652
1687734575,686252
1687734575,689131
1687734575,690334
1687734576,363227
1687734576,374037
1687734576,382027
1687734576,389528
1687734576,402937
1687734576,415552
1687734576,418758
1687734576,422094
1687734576,429114
1687734576,435489
1687734576,460388
1687734576,461508
1687734576,479393
1687734576,490256
1687734576,516375
1687734576,522648
1687734576,529620
1687734576,540930
1687734576,549900
1687734576,549939
1687734576,583272
1687734576,588534
1687734576,589350
1687734576,620336
1687734576,624535
1687734576,625748
1687734576,644749
1687734576,647498
1687734576,656708
1687734576,674288
1687734576,675037
1687734576,687935
1687734576,688987
1687734576,690692
1687734576,691560
1687734576,693335
1687734577,369142
1687734577,370817
1687734577,372005
1687734577,380668
1687734577,382866
1687734577,388335
1687734577,404907
1687734577,431575
1687734577,433224
1687734577,467579
1687734577,478069
1687734577,496059
1687734577,501841
1687734577,504444
1687734577,512530
1687734577,529094
1687734577,563641
1687734577,598152
1687734577,612395
1687734577,622791
1687734577,629028
1687734577,644814
1687734577,650403
1687734577,677995
1687734577,686631
1687734577,687759
1687734578,361170
1687734578,372318
1687734578,379446
1687734578,392345
1687734578,407532
1687734578,415422
1687734578,437178
1687734578,466327
1687734578,471816
1687734578,499832
1687734578,501081
1687734578,538118
1687734578,567579
1687734578,570892
1687734578,571070
1687734578,602510
1687734578,608627
1687734578,629418
1687734578,636074
1687734578,657356
1687734578,664456
1687734578,678286
1687734578,682149
1687734578,686511
1687734578,694981
1687734578,697019
1687734579,365897
1687734579,366245
1687734579,367473
1687734579,370399
1687734579,371152
1687734579,371687
1687734579,378639
1687734579,388174
1687734579,396541
1687734579,404519
1687734579,412348
1687734579,436058
1687734579,438406
1687734579,459157
1687734579,462117
1687734579,477764
1687734579,506793
1687734579,529876
1687734579,534322
1687734579,538584
1687734579,560107
1687734579,564958
1687734579,606475
1687734579,609187
1687734579,635207
1687734579,640692
1687734579,661346
1687734579,661719
1687734579,671561
1687734579,678725
1687734579,679052
1687734579,687324
1687734579,689761
1687734579,690096
1687734579,702493
1687734580,362589
1687734580,363464
1687734580,379392
1687734580,389235
1687734580,397825
1687734580,412442
1687734580,424065
1687734580,429365
1687734580,443916
1687734580,445473
1687734580,455932
1687734580,473837
1687734580,483633
1687734580,488040
1687734580,526606
1687734580,542168
1687734580,578922
1687734580,581816
1687734580,596539
1687734580,602951
1687734580,616181
1687734580,630661
1687734580,639814
1687734580,654658
1687734580,667944
1687734580,669042
1687734580,669559
1687734580,674108
1687734580,675499
1687734580,677702
1687734580,681280
1687734580,682435
1687734580,683171
1687734580,689957
1687734580,692400
1687734580,701331
1687734581,365965
1687734581,367753
1687734581,381212
1687734581,386212
1687734581,392744
1687734581,392763
1687734581,399000
1687734581,410816
1687734581,422026
1687734581,423625
1687734581,452838
1687734581,482231
1687734581,488067
1687734581,511625
1687734581,546724
1687734581,556448
1687734581,585518
1687734581,586586
1687734581,590729
1687734581,600527
1687734581,646226
1687734581,652280
1687734581,682376
1687734581,691974
1687734581,698359
1687734582,370473
1687734582,372004
1687734582,376030
1687734582,376078
1687734582,390431
1687734582,401310
1687734582,417154
1687734582,419151
1687734582,423538
1687734582,451541
1687734582,456114
1687734582,461949
1687734582,486845
1687734582,514386
1687734582,521757
1687734582,553097
1687734582,555755
1687734582,616877
1687734582,617629
1687734582,619145
1687734582,648644
1687734582,654468
1687734582,671812
1687734582,681550
1687734582,685236
1687734582,685319
1687734582,688955
1687734582,693716
1687734582,698398
1687734583,357538
1687734583,365200
1687734583,377416
1687734583,381242
1687734583,395086
1687734583,395574
1687734583,411927
1687734583,433047
1687734583,477177
1687734583,490717
1687734583,507070
1687734583,512755
1687734583,557358
1687734583,580850
1687734583,590940
1687734583,613109
1687734583,614600
1687734583,623248
1687734583,640960
1687734583,651882
1687734583,655335
1687734583,665743
1687734583,672501
1687734583,691585
1687734583,697407
1687734584,366036
1687734584,367795
1687734584,371803
1687734584,373837
1687734584,379687
1687734584,379958
1687734584,387869
1687734584,403055
1687734584,405022
1687734584,413620
1687734584,434798
1687734584,438402
1687734584,467617
1687734584,470798
1687734584,479006
1687734584,507307
1687734584,529770
1687734584,531355
1687734584,541207
1687734584,571585
1687734584,585628
1687734584,596887
1687734584,601953
1687734584,631517
1687734584,631769
1687734584,653391
1687734584,670304
1687734584,676908
1687734584,681741
1687734584,685544
1687734584,685898
1687734584,686136
1687734584,695880
1687734585,368647
1687734585,373073
1687734585,386185
1687734585,400718
1687734585,404279
1687734585,411067
1687734585,414262
1687734585,434300
1687734585,437026
1687734585,491733
1687734585,498309
1687734585,506162
1687734585,536093
1687734585,539556
1687734585,601539
1687734585,601914
1687734585,610214
1687734585,635189
1687734585,641741
1687734585,678673
1687734585,679006
1687734585,684486
1687734585,687658
1687734585,688200
1687734585,692957
1687734585,698003
1687734586,363322
1687734586,369543
1687734586,369934
1687734586,378446
1687734586,386845
1687734586,391714
1687734586,399002
1687734586,412927
1687734586,431612
1687734586,445516
1687734586,462127
1687734586,471633
1687734586,474891
1687734586,499476
1687734586,505634
1687734586,531228
1687734586,531599
1687734586,553216
1687734586,558283
1687734586,564466
1687734586,572954
1687734586,613019
1687734586,628088
1687734586,634417
1687734586,657994
1687734586,660516
1687734586,661851
1687734586,666080
1687734586,691451
1687734586,693829
1687734587,372381
1687734587,372494
1687734587,388045
1687734587,401171
1687734587,417840
1687734587,420765
1687734587,427789
1687734587,448990
1687734587,449904
1687734587,485753
1687734587,489873
1687734587,513558
1687734587,518748
1687734587,543819
1687734587,553823
1687734587,564634
1687734587,577301
1687734587,613393
1687734587,628803
1687734587,639470
1687734587,657886
1687734587,669702
1687734587,679895
1687734587,680660
1687734587,683974
1687734587,688815
1687734587,702935
1687734588,363587
1687734588,364361
1687734588,367394
1687734588,379354
1687734588,387458
1687734588,390940
1687734588,400646
1687734588,400866
1687734588,402494
1687734588,419948
1687734588,428074
1687734588,445511
1687734588,451016
1687734588,451802
1687734588,489171
1687734588,519851
1687734588,525856
1687734588,548948
1687734588,553183
1687734588,584003
1687734588,586209
1687734588,586934
1687734588,587655
1687734588,635282
1687734588,645134
1687734588,648050
1687734588,650517
1687734588,670559
1687734588,670859
1687734588,673562
1687734588,673920
1687734588,688310
1687734588,691040
1687734588,698423
1687734589,364912
1687734589,374246
1687734589,378727
1687734589,385862
1687734589,386221
1687734589,401480
1687734589,403017
1687734589,428017
1687734589,438280
1687734589,460387
1687734589,461679
1687734589,474148
1687734589,485692
1687734589,490531
1687734589,515852
1687734589,521023
1687734589,548586
1687734589,549662
1687734589,563088
1687734589,582473
1687734589,592651
1687734589,621925
1687734589,654152
1687734589,670734
1687734589,676787
1687734589,686448
1687734589,689228
1687734589,696393
1687734590,370737
1687734590,373306
1687734590,392017
1687734590,405512
1687734590,420346
1687734590,430325
1687734590,442351
1687734590,467720
1687734590,512179
1687734590,525773
1687734590,544358
1687734590,562642
1687734590,575852
1687734590,614768
1687734590,616430
1687734590,624612
1687734590,628938
1687734590,654541
1687734590,655243
1687734590,656001
1687734590,667965
1687734590,685457
1687734590,688670
1687734590,694013
1687734590,695480
1687734590,698221
1687734591,367184
1687734591,372004
1687734591,382580
1687734591,386280
1687734591,392179
1687734591,405773
1687734591,413642
1687734591,437243
1687734591,458416
1687734591,464106
1687734591,468691
1687734591,496390
1687734591,500762
1687734591,502342
1687734591,504114
1687734591,512490
1687734591,536358
1687734591,568079
1687734591,573427
1687734591,579930
1687734591,600808
1687734591,604986
1687734591,607837
1687734591,639767
1687734591,659236
1687734591,671451
1687734591,676457
1687734591,679708
1687734591,684584
1687734591,690758
1687734591,690998
1687734591,691157
1687734591,693169
1687734592,371195
1687734592,372353
1687734592,373497
1687734592,374922
1687734592,387189
1687734592,395552
1687734592,404621
1687734592,408568
1687734592,438633
1687734592,445761
1687734592,467637
1687734592,494259
1687734592,502416
1687734592,534419
1687734592,538548
1687734592,573585
1687734592,581057
1687734592,599670
1687734592,605043
1687734592,637499
1687734592,641780
1687734592,644802
1687734592,680401
1687734592,690965
1687734592,694395
1687734592,695765
1687734592,695925
1687734593,366274
1687734593,369914
1687734593,379982
1687734593,388181
1687734593,388912
1687734593,395570
1687734593,397469
1687734593,420302
1687734593,420865
1687734593,425493
1687734593,431758
1687734593,447593
1687734593,479424
1687734593,481567
1687734593,482739
1687734593,523798
1687734593,533895
1687734593,543704
1687734593,564161
1687734593,600702
1687734593,627086
1687734593,646602
1687734593,646979
1687734593,666837
1687734593,676718
1687734593,677411
1687734593,681611
1687734593,683650
1687734593,684624
1687734593,693559
1687734593,695700
1687734593,695748
1687734593,696032
1687734594,363709
1687734594,371485
1687734594,372230
1687734594,373000
1687734594,379012
1687734594,380267
1687734594,389641
1687734594,415526
1687734594,423789
1687734594,446081
1687734594,457932
1687734594,479707
1687734594,491154
1687734594,512821
1687734594,514098
1687734594,520050
1687734594,550355
1687734594,558105
1687734594,576166
1687734594,598350
1687734594,619169
1687734594,619594
1687734594,661843
1687734594,663026
1687734594,688373
1687734594,696464
1687734594,700868
1687734595,364495
1687734595,375927
1687734595,376690
1687734595,379183
1687734595,401805
1687734595,403591
1687734595,410156
1687734595,447778
1687734595,450732
1687734595,454879
1687734595,458614
1687734595,485784
1687734595,488276
1687734595,522965
1687734595,547322
1687734595,555818
1687734595,586983
1687734595,591532
1687734595,621693
1687734595,625645
1687734595,649187
1687734595,656048
1687734595,667722
1687734595,675114
1687734595,678390
1687734595,686938
1687734595,689536
1687734595,689660
1687734595,696216
1687734596,363595
1687734596,373955
1687734596,383113
1687734596,384772
1687734596,388374
1687734596,388467
1687734596,404012
1687734596,414244
1687734596,423745
1687734596,431037
1687734596,433335
1687734596,456643
1687734596,463537
1687734596,477114
1687734596,492215
1687734596,514247
1687734596,524733
1687734596,531599
1687734596,538729
1687734596,547776
1687734596,552204
1687734596,556356
1687734596,581077
1687734596,587193
1687734596,590754
1687734596,608091
1687734596,611366
1687734596,623526
1687734596,626468
1687734596,643085
1687734596,648882
1687734596,649408
1687734596,673097
1687734596,675135
1687734596,676045
1687734596,677660
1687734596,687372
1687734596,688658
1687734596,690601
1687734596,691542
1687734596,693611
1687734597,369587
1687734597,370311
1687734597,371754
1687734597,381942
1687734597,382480
1687734597,387186
1687734597,392114
1687734597,406060
1687734597,417112
1687734597,430951
1687734597,433096
1687734597,469550
1687734597,472562
1687734597,475933
1687734597,498144
1687734597,499401
1687734597,530873
1687734597,565518
1687734597,568438
1687734597,570001
1687734597,600168
1687734597,610777
1687734597,630663
1687734597,643165
1687734597,648609
1687734597,657725
1687734597,663368
1687734597,679373
1687734597,686974
1687734597,687146
1687734597,691934
1687734597,695721
1687734598,361193
1687734598,378455
1687734598,379109
1687734598,389519
1687734598,393240
1687734598,402826
1687734598,409473
1687734598,433563
1687734598,435328
1687734598,464262
1687734598,473698
1687734598,499123
1687734598,501743
1687734598,506228
1687734598,531980
1687734598,536056
1687734598,569731
1687734598,573286
1687734598,604305
1687734598,606658
1687734598,631392
1687734598,632519
1687734598,634094
1687734598,659062
1687734598,662641
1687734598,679195
1687734598,681257
1687734598,686978
1687734598,687044
1687734598,690849
1687734598,695015
1687734598,696513
1687734599,366117
1687734599,367101
1687734599,370981
1687734599,371432
1687734599,377665
1687734599,387280
1687734599,397543
1687734599,402835
1687734599,413834
1687734599,436389
1687734599,437683
1687734599,445716
1687734599,457364
1687734599,460249
1687734599,496933
1687734599,508767
1687734599,527752
1687734599,532222
1687734599,540452
1687734599,557728
1687734599,562717
1687734599,597807
1687734599,608280
1687734599,610871
1687734599,633385
1687734599,642315
1687734599,660453
1687734599,662647
1687734599,669971
1687734599,679664
1687734599,689560
1687734599,690646
1687734599,690939
1687734599,702721
1687734600,361702
1687734600,363762
1687734600,372640
1687734600,376126
1687734600,380018
1687734600,390155
1687734600,390699
1687734600,396650
1687734600,401157
1687734600,422230
1687734600,427338
1687734600,475913
1687734600,485677
1687734600,486025
1687734600,512432
1687734600,524428
1687734600,544073
1687734600,555956
1687734600,581172
1687734600,584376
1687734600,594520
1687734600,616064
1687734600,628595
1687734600,641422
1687734600,652703
1687734600,663650
1687734600,670202
1687734600,670781
1687734600,674581
1687734600,681904
1687734600,683110
1687734600,690055
1687734600,691881
1687734600,701225
1687734601,366457
1687734601,367506
1687734601,380228
1687734601,387081
1687734601,391728
1687734601,394425
1687734601,412272
1687734601,425397
1687734601,447952
1687734601,454819
1687734601,458101
1687734601,483979
1687734601,485823
1687734601,513615
1687734601,548628
1687734601,554306
1687734601,555336
1687734601,584286
1687734601,587560
1687734601,588668
1687734601,648063
1687734601,650966
1687734601,680937
1687734601,682301
1687734601,685281
1687734601,691890
1687734601,698823
1687734602,369504
1687734602,372081
1687734602,377295
1687734602,400207
1687734602,417419
1687734602,449520
1687734602,484997
1687734602,510389
1687734602,512710
1687734602,517779
1687734602,523786
1687734602,551120
1687734602,557577
1687734602,614825
1687734602,615947
1687734602,620904
1687734602,650224
1687734602,652672
1687734602,670249
1687734602,670789
1687734602,685775
1687734602,688981
1687734602,693496
1687734602,698574
1687734603,357068
1687734603,365241
1687734603,378252
1687734603,381968
1687734603,394399
1687734603,396689
1687734603,410840
1687734603,434706
1687734603,463973
1687734603,475035
1687734603,492694
1687734603,559579
1687734603,578024
1687734603,578771
1687734603,593017
1687734603,612758
1687734603,625260
1687734603,638873
1687734603,653403
1687734603,656841
1687734603,664472
1687734603,673459
1687734603,684968
1687734603,692381
1687734603,696580
1687734604,365159
1687734604,368539
1687734604,371276
1687734604,374406
1687734604,380908
1687734604,386397
1687734604,404627
1687734604,411998
1687734604,436556
1687734604,436682
1687734604,476865
1687734604,500190
1687734604,505097
1687734604,510644
1687734604,531682
1687734604,533514
1687734604,539199
1687734604,573883
1687734604,583396
1687734604,598971
1687734604,600091
1687734604,633359
1687734604,633361
1687734604,654731
1687734604,669235
1687734604,677901
1687734604,684741
1687734604,685153
1687734604,685602
1687734604,696332
1687734605,367853
1687734605,373292
1687734605,378295
1687734605,387279
1687734605,398777
1687734605,409722
1687734605,415694
1687734605,435046
1687734605,436182
1687734605,469714
1687734605,489522
1687734605,508087
1687734605,537419
1687734605,538118
1687734605,599672
1687734605,603799
1687734605,612059
1687734605,633151
1687734605,636030
1687734605,639896
1687734605,678021
1687734605,680177
1687734605,685732
1687734605,688167
1687734605,688444
1687734605,692630
1687734605,693332
1687734605,697803
1687734606,363540
1687734606,370009
1687734606,370177
1687734606,377873
1687734606,386029
1687734606,392794
1687734606,397459
1687734606,401408
1687734606,414687
1687734606,419514
1687734606,430116
1687734606,447597
1687734606,456446
1687734606,460150
1687734606,468503
1687734606,473695
1687734606,476816
1687734606,507287
1687734606,529345
1687734606,529578
1687734606,562412
1687734606,575171
1687734606,614893
1687734606,626084
1687734606,656582
1687734606,658834
1687734606,663260
1687734606,691229
1687734607,372306
1687734607,373153
1687734607,387081
1687734607,402350
1687734607,419391
1687734607,426016
1687734607,449691
1687734607,450975
1687734607,487642
1687734607,515346
1687734607,516567
1687734607,545888
1687734607,562171
1687734607,579337
1687734607,583920
1687734607,615439
1687734607,626693
1687734607,640816
1687734607,656077
1687734607,676751
1687734607,679410
1687734607,681601
1687734607,683961
1687734607,684800
1687734607,689330
1687734607,702841
1687734608,363899
1687734608,364341
1687734608,367205
1687734608,374027
1687734608,380262
1687734608,386790
1687734608,399123
1687734608,402057
1687734608,418565
1687734608,430051
1687734608,443692
1687734608,452937
1687734608,453851
1687734608,487923
1687734608,491125
1687734608,517660
1687734608,527608
1687734608,550832
1687734608,551120
1687734608,584117
1687734608,585408
1687734608,586282
1687734608,589107
1687734608,594540
1687734608,617854
1687734608,633286
1687734608,646752
1687734608,648966
1687734608,649686
1687734608,671598
1687734608,672133
1687734608,672743
1687734608,672842
1687734608,688116
1687734608,691014
1687734608,698291
1687734609,365467
1687734609,373156
1687734609,378355
1687734609,386958
1687734609,401884
1687734609,402747
1687734609,429849
1687734609,436306
1687734609,447628
1687734609,462121
1687734609,463648
1687734609,472187
1687734609,483593
1687734609,492446
1687734609,523072
1687734609,546342
1687734609,551762
1687734609,565503
1687734609,580201
1687734609,623532
1687734609,652976
1687734609,671492
1687734609,675417
1687734609,683602
1687734609,688889
1687734609,693510
1687734609,696931
1687734610,371057
1687734610,372722
1687734610,391020
1687734610,407440
1687734610,418557
1687734610,432112
1687734610,440716
1687734610,465578
1687734610,509980
1687734610,510466
1687734610,527822
1687734610,542121
1687734610,564307
1687734610,573644
1687734610,613116
1687734610,614464
1687734610,626437
1687734610,630704
1687734610,653435
1687734610,655940
1687734610,657555
1687734610,660899
1687734610,666462
1687734610,684624
1687734610,689147
1687734610,693809
1687734610,698515
1687734611,367008
1687734611,372561
1687734611,381321
1687734611,385165
1687734611,393066
1687734611,403285
1687734611,406436
1687734611,407549
1687734611,411916
1687734611,425196
1687734611,439056
1687734611,461950
1687734611,470556
1687734611,497310
1687734611,498674
1687734611,504144
1687734611,504374
1687734611,506092
1687734611,538419
1687734611,570471
1687734611,570996
1687734611,602749
1687734611,602899
1687734611,609736
1687734611,641397
1687734611,661244
1687734611,670714
1687734611,677125
1687734611,678536
1687734611,690336
1687734611,690827
1687734611,691333
1687734611,692943
1687734612,371929
1687734612,372410
1687734612,372837
1687734612,388564
1687734612,388618
1687734612,394547
1687734612,410094
1687734612,436638
1687734612,447480
1687734612,465770
1687734612,491981
1687734612,536451
1687734612,571660
1687734612,583071
1687734612,597781
1687734612,606898
1687734612,639197
1687734612,639962
1687734612,642905
1687734612,664594
1687734612,681318
1687734612,691241
1687734612,694419
1687734612,696022
1687734613,366363
1687734613,369364
1687734613,379155
1687734613,380795
1687734613,388582
1687734613,390202
1687734613,395941
1687734613,422211
1687734613,422561
1687734613,423739
1687734613,429829
1687734613,449559
1687734613,479460
1687734613,481333
1687734613,484629
1687734613,498284
1687734613,505116
1687734613,514411
1687734613,521565
1687734613,531727
1687734613,545601
1687734613,562134
1687734613,598474
1687734613,605974
1687734613,617853
1687734613,621215
1687734613,624954
1687734613,648211
1687734613,665667
1687734613,675900
1687734613,677034
1687734613,682404
1687734613,685622
1687734613,695197
1687734613,696479
1687734614,364142
1687734614,370675
1687734614,373471
1687734614,379017
1687734614,390832
1687734614,400309
1687734614,425570
1687734614,448026
1687734614,455780
1687734614,481640
1687734614,488927
1687734614,514713
1687734614,517672
1687734614,552407
1687734614,555848
1687734614,578180
1687734614,586122
1687734614,596182
1687734614,617742
1687734614,648405
1687734614,661675
1687734614,663199
1687734614,683165
1687734614,684716
1687734614,689140
1687734614,696450
1687734614,701409
1687734615,364476
1687734615,374863
1687734615,377413
1687734615,378958
1687734615,397030
1687734615,401961
1687734615,403227
1687734615,408316
1687734615,413954
1687734615,445802
1687734615,448793
1687734615,456939
1687734615,460602
1687734615,483804
1687734615,490287
1687734615,511840
1687734615,524879
1687734615,545240
1687734615,554457
1687734615,557828
1687734615,585122
1687734615,619586
1687734615,627700
1687734615,650625
1687734615,654042
1687734615,669000
1687734615,676116
1687734615,676539
1687734615,677113
1687734615,681028
1687734615,685579
1687734615,687654
1687734615,689002
1687734615,689995
1687734616,364001
1687734616,373959
1687734616,384394
1687734616,387441
1687734616,388356
1687734616,405159
1687734616,412981
1687734616,425423
1687734616,431197
1687734616,458588
1687734616,465568
1687734616,474827
1687734616,494149
1687734616,512130
1687734616,526834
1687734616,533567
1687734616,536536
1687734616,545626
1687734616,551570
1687734616,578882
1687734616,584977
1687734616,592908
1687734616,609631
1687734616,621333
1687734616,628373
1687734616,641442
1687734616,650268
1687734616,667205
1687734616,671856
1687734616,673617
1687734616,677008
1687734616,686830
1687734616,688360
1687734616,689602
1687734616,692360
1687734616,693862
1687734617,369792
1687734617,370044
1687734617,371533
1687734617,376216
1687734617,382049
1687734617,383270
1687734617,386034
1687734617,387327
1687734617,391133
1687734617,407255
1687734617,428703
1687734617,434609
1687734617,462166
1687734617,470659
1687734617,473797
1687734617,496935
1687734617,500216
1687734617,508736
1687734617,532674
1687734617,566040
1687734617,567430
1687734617,567800
1687734617,602194
1687734617,609110
1687734617,632271
1687734617,641465
1687734617,646743
1687734617,650908
1687734617,658745
1687734617,662222
1687734617,680727
1687734617,686469
1687734617,687307
1687734617,692407
1687734618,361262
1687734618,378713
1687734618,378823
1687734618,394158
1687734618,401470
1687734618,411436
1687734618,433491
1687734618,435544
1687734618,471510
1687734618,475576
1687734618,503642
1687734618,508015
1687734618,533993
1687734618,534004
1687734618,571871
1687734618,575501
1687734618,604663
1687734618,606095
1687734618,610085
1687734618,632105
1687734618,633324
1687734618,634266
1687734618,660729
1687734618,680125
1687734618,680353
1687734618,687526
1687734618,691403
1687734618,695022
1687734618,696009
1687734619,366404
1687734619,367982
1687734619,371216
1687734619,371634
1687734619,376730
1687734619,386391
1687734619,398557
1687734619,401174
1687734619,415332
1687734619,434366
1687734619,439332
1687734619,447531
1687734619,455564
1687734619,458360
1687734619,494949
1687734619,510755
1687734619,513491
1687734619,525538
1687734619,530102
1687734619,542332
1687734619,555352
1687734619,560489
1687734619,595588
1687734619,612496
1687734619,613133
1687734619,631531
1687734619,643870
1687734619,659131
1687734619,663938
1687734619,668308
1687734619,680259
1687734619,689302
1687734619,689872
1687734619,691141
1687734619,691309
1687734619,695267
1687734619,702898
1687734620,360891
1687734620,372659
1687734620,379288
1687734620,380719
1687734620,389386
1687734620,392226
1687734620,395494
1687734620,414917
1687734620,420373
1687734620,425327
1687734620,477954
1687734620,484049
1687734620,487748
1687734620,522235
1687734620,545997
1687734620,553614
1687734620,583376
1687734620,586834
1687734620,592472
1687734620,626512
1687734620,643025
1687734620,650713
1687734620,671318
1687734620,671930
1687734620,673594
1687734620,690097
1687734620,701071
1687734621,364076
1687734621,366989
1687734621,367319
1687734621,369464
1687734621,387985
1687734621,390697
1687734621,396135
1687734621,413767
1687734621,414208
1687734621,415678
1687734621,427176
1687734621,451788
1687734621,456831
1687734621,460077
1687734621,483595
1687734621,485674
1687734621,515628
1687734621,536681
1687734621,550532
1687734621,552189
1687734621,581945
1687734621,586581
1687734621,589579
1687734621,619538
1687734621,620105
1687734621,649585
1687734621,649841
1687734621,668621
1687734621,679474
1687734621,683023
1687734621,684906
1687734621,691761
1687734621,694479
1687734621,699239
1687734622,356671
1687734622,365288
1687734622,368586
1687734622,372196
1687734622,373207
1687734622,378541
1687734622,396218
1687734622,399066
1687734622,409730
1687734622,447521
1687734622,483154
1687734622,486405
1687734622,511046
1687734622,519686
1687734622,525839
1687734622,549166
1687734622,559421
1687734622,593322
1687734622,593514
1687734622,595084
1687734622,612790
1687734622,614247
1687734622,622608
1687734622,650813
1687734622,651778
1687734622,672489
1687734622,683320
1687734622,686283
1687734622,689016
1687734622,693239
1687734622,696344
1687734622,698767
1687734623,373355
1687734623,376639
1687734623,377362
1687734623,379118
1687734623,382735
1687734623,393250
1687734623,398316
1687734623,406218
1687734623,434500
1687734623,436420
1687734623,465989
1687734623,466231
1687734623,472903
1687734623,494672
1687734623,508003
1687734623,536740
1687734623,561824
1687734623,576127
1687734623,576657
1687734623,610875
1687734623,627280
1687734623,636790
1687734623,642719
1687734623,654933
1687734623,663200
1687734623,674392
1687734623,693116
1687734623,695698
1687734623,696938
1687734624,364365
1687734624,370808
1687734624,375007
1687734624,382173
1687734624,384199
1687734624,384880
1687734624,407897
1687734624,408395
1687734624,410365
1687734624,415489
1687734624,434715
1687734624,438573
1687734624,464120
1687734624,474747
1687734624,502860
1687734624,533574
1687734624,535669
1687734624,537180
1687734624,564839
1687734624,576144
1687734624,581134
1687734624,598253
1687734624,601038
1687734624,631112
1687734624,634936
1687734624,635159
1687734624,656049
1687734624,660064
1687734624,668162
1687734624,678862
1687734624,683560
1687734624,684743
1687734624,685072
1687734624,693439
1687734624,695755
1687734624,696686
1687734624,697631
1687734625,367146
1687734625,373573
1687734625,388428
1687734625,396824
1687734625,417135
1687734625,433004
1687734625,438091
1687734625,449806
1687734625,487317
1687734625,502146
1687734625,509983
1687734625,535262
1687734625,540147
1687734625,558533
1687734625,560652
1687734625,597818
1687734625,603830
1687734625,605683
1687734625,613892
1687734625,637607
1687734625,637993
1687734625,663861
1687734625,677305
1687734625,681290
1687734625,686905
1687734625,688598
1687734625,688607
1687734625,692293
1687734626,363822
1687734626,370134
1687734626,370876
1687734626,377303
1687734626,385222
1687734626,393911
1687734626,399943
1687734626,416487
1687734626,426892
1687734626,428607
1687734626,433004
1687734626,449678
1687734626,458166
1687734626,475793
1687734626,478743
1687734626,495102
1687734626,508943
1687734626,527434
1687734626,527500
1687734626,560379
1687734626,577384
1687734626,616745
1687734626,624110
1687734626,655170
1687734626,657090
1687734626,664629
1687734626,682534
1687734626,686573
1687734626,690927
1687734626,692762
1687734626,695977
1687734627,372177
1687734627,373962
1687734627,386088
1687734627,403540
1687734627,418024
1687734627,421222
1687734627,424257
1687734627,447606
1687734627,452941
1687734627,489545
1687734627,514403
1687734627,517115
1687734627,547980
1687734627,553290
1687734627,559735
1687734627,581339
1687734627,617451
1687734627,624609
1687734627,642161
1687734627,654257
1687734627,675730
1687734627,678976
1687734627,682494
1687734627,685632
1687734627,689855
1687734627,696328
1687734627,702696
1687734628,364255
1687734628,364360
1687734628,367036
1687734628,386109
1687734628,397608
1687734628,403267
1687734628,417185
1687734628,432050
1687734628,441905
1687734628,454854
1687734628,485943
1687734628,493051
1687734628,503167
1687734628,515457
1687734628,516378
1687734628,529336
1687734628,553860
1687734628,582034
1687734628,583117
1687734628,588530
1687734628,591285
1687734628,631310
1687734628,647425
1687734628,648321
1687734628,651334
1687734628,671750
1687734628,671881
1687734628,672651
1687734628,673387
1687734628,687919
1687734628,690982
1687734628,698075
1687734629,366041
1687734629,372077
1687734629,378053
1687734629,386102
1687734629,388104
1687734629,400804
1687734629,404038
1687734629,431692
1687734629,434358
1687734629,465603
1687734629,470269
1687734629,481513
1687734629,494396
1687734629,500180
1687734629,525129
1687734629,544046
1687734629,567947
1687734629,577896
1687734629,596392
1687734629,625118
1687734629,651745
1687734629,672227
1687734629,674015
1687734629,684051
1687734629,684575
1687734629,684669
1687734629,688567
1687734629,697464
1687734630,366908
1687734630,371382
1687734630,372152
1687734630,388455
1687734630,390079
1687734630,409386
1687734630,416755
1687734630,433888
1687734630,439086
1687734630,445966
1687734630,463448
1687734630,463889
1687734630,507777
1687734630,508416
1687734630,529913
1687734630,539891
1687734630,565996
1687734630,571428
1687734630,611452
1687734630,611570
1687734630,628227
1687734630,632444
1687734630,651596
1687734630,657315
1687734630,659087
1687734630,664904
1687734630,689615
1687734630,693589
1687734630,698782
1687734631,373201
1687734631,380043
1687734631,384077
1687734631,393927
1687734631,402004
1687734631,409358
1687734631,410187
1687734631,440902
1687734631,459829
1687734631,472402
1687734631,496599
1687734631,505913
1687734631,508088
1687734631,540527
1687734631,557443
1687734631,568571
1687734631,572861
1687734631,600791
1687734631,604652
1687734631,612468
1687734631,643001
1687734631,659843
1687734631,668271
1687734631,669935
1687734631,671838
1687734631,677732
1687734631,689461
1687734631,690632
1687734631,691890
1687734631,692688
1687734631,694421
1687734632,372222
1687734632,372472
1687734632,372670
1687734632,389973
1687734632,393572
1687734632,411661
1687734632,434653
1687734632,449203
1687734632,463862
1687734632,489708
1687734632,497186
1687734632,506311
1687734632,529606
1687734632,534376
1687734632,549340
1687734632,585077
1687734632,595885
1687734632,608723
1687734632,638176
1687734632,640890
1687734632,658283
1687734632,665549
1687734632,677343
1687734632,682168
1687734632,691474
1687734632,694685
1687734632,696093
1687734632,696864
1687734633,366506
1687734633,368867
1687734633,381601
1687734633,388994
1687734633,391573
1687734633,394422
1687734633,422002
1687734633,424117
1687734633,424271
1687734633,427953
1687734633,449959
1687734633,451543
1687734633,477414
1687734633,483240
1687734633,486495
1687734633,516348
1687734633,519312
1687734633,547533
1687734633,560089
1687734633,596291
1687734633,619627
1687734633,622846
1687734633,649742
1687734633,664432
1687734633,675104
1687734633,676637
1687734633,680278
1687734633,683188
1687734633,686631
1687734633,694671
1687734634,364617
1687734634,369904
1687734634,374000
1687734634,378099
1687734634,379024
1687734634,392070
1687734634,427361
1687734634,453606
1687734634,458959
1687734634,471824
1687734634,483568
1687734634,486733
1687734634,515294
1687734634,516619
1687734634,553558
1687734634,559912
1687734634,580220
1687734634,588302
1687734634,594019
1687734634,615882
1687734634,623245
1687734634,649807
1687734634,660265
1687734634,664532
1687734634,684141
1687734634,689868
1687734634,690463
1687734634,696415
1687734634,696419
1687734634,701906
1687734635,364458
1687734635,369285
1687734635,373871
1687734635,378180
1687734635,378778
1687734635,381188
1687734635,398570
1687734635,400354
1687734635,404663
1687734635,406549
1687734635,412449
1687734635,443831
1687734635,446920
1687734635,462591
1687734635,481868
1687734635,492348
1687734635,509584
1687734635,526742
1687734635,543146
1687734635,583257
1687734635,595516
1687734635,617482
1687734635,629757
1687734635,640952
1687734635,651659
1687734635,651978
1687734635,652086
1687734635,670255
1687734635,675375
1687734635,675824
1687734635,686315
1687734635,688328
1687734635,688379
1687734636,364469
1687734636,374031
1687734636,376325
1687734636,384055
1687734636,386456
1687734636,388381
1687734636,406361
1687734636,411791
1687734636,427144
1687734636,429110
1687734636,454441
1687734636,460576
1687734636,472558
1687734636,496103
1687734636,510012
1687734636,528932
1687734636,534373
1687734636,535543
1687734636,543448
1687734636,556728
1687734636,576695
1687734636,582740
1687734636,595071
1687734636,607914
1687734636,619147
1687734636,630252
1687734636,639745
1687734636,670631
1687734636,672070
1687734636,677921
1687734636,688062
1687734636,688557
1687734636,693176
1687734636,694055
1687734637,369208
1687734637,370523
1687734637,371325
1687734637,381572
1687734637,384629
1687734637,384866
1687734637,385275
1687734637,390206
1687734637,408512
1687734637,413863
1687734637,426484
1687734637,436131
1687734637,468779
1687734637,471665
1687734637,494444
1687734637,506836
1687734637,534491
1687734637,538945
1687734637,565614
1687734637,569372
1687734637,604241
1687734637,607384
1687734637,633839
1687734637,639718
1687734637,644809
1687734637,659740
1687734637,661009
1687734637,682059
1687734637,685701
1687734637,687644
1687734637,692909
1687734638,361400
1687734638,378576
1687734638,378975
1687734638,395091
1687734638,400216
1687734638,413404
1687734638,431629
1687734638,437524
1687734638,460019
1687734638,473448
1687734638,477457
1687734638,505596
1687734638,509810
1687734638,523286
1687734638,531979
1687734638,536051
1687734638,563656
1687734638,574004
1687734638,577693
1687734638,602663
1687734638,607878
1687734638,630098
1687734638,635209
1687734638,635988
1687734638,662338
1687734638,662529
1687734638,679431
1687734638,681077
1687734638,687963
1687734638,691934
1687734638,695000
1687734638,695488
1687734639,366736
1687734639,368892
1687734639,371030
1687734639,372358
1687734639,374501
1687734639,375824
1687734639,398779
1687734639,399542
1687734639,399587
1687734639,416863
1687734639,432301
1687734639,441030
1687734639,449349
1687734639,453764
1687734639,456419
1687734639,492967
1687734639,512755
1687734639,527958
1687734639,544234
1687734639,552987
1687734639,558223
1687734639,569730
1687734639,593376
1687734639,611907
1687734639,614103
1687734639,629634
1687734639,645370
1687734639,657761
1687734639,665195
1687734639,666546
1687734639,677096
1687734639,680854
1687734639,683123
1687734639,686095
1687734639,688752
1687734639,689026
1687734639,691613
1687734639,703012
1687734640,360181
1687734640,372698
1687734640,378423
1687734640,381472
1687734640,388610
1687734640,393774
1687734640,394355
1687734640,395918
1687734640,416683
1687734640,418502
1687734640,423309
1687734640,451995
1687734640,480013
1687734640,482094
1687734640,489794
1687734640,515616
1687734640,520040
1687734640,547990
1687734640,551245
1687734640,585579
1687734640,589229
1687734640,590353
1687734640,614784
1687734640,624426
1687734640,644624
1687734640,648719
1687734640,672405
1687734640,672532
1687734640,673040
1687734640,690113
1687734640,690697
1687734640,700859
1687734641,364406
1687734641,367172
1687734641,367538
1687734641,369386
1687734641,388885
1687734641,389644
1687734641,397904
1687734641,412676
1687734641,415309
1687734641,428950
1687734641,449730
1687734641,458861
1687734641,481358
1687734641,487355
1687734641,514270
1687734641,517656
1687734641,550063
1687734641,552415
1687734641,554451
1687734641,560744
1687734641,579614
1687734641,584454
1687734641,591553
1687734641,618063
1687734641,621260
1687734641,648137
1687734641,651514
1687734641,673705
1687734641,677992
1687734641,682695
1687734641,683709
1687734641,685757
1687734641,691566
1687734641,699621
1687734642,367732
1687734642,372365
1687734642,372429
1687734642,379806
1687734642,387685
1687734642,397523
1687734642,397958
1687734642,408604
1687734642,428627
1687734642,434982
1687734642,445539
1687734642,462056
1687734642,481308
1687734642,488328
1687734642,505601
1687734642,509372
1687734642,521592
1687734642,527924
1687734642,547174
1687734642,548451
1687734642,561285
1687734642,595422
1687734642,610770
1687734642,612522
1687734642,624348
1687734642,648899
1687734642,653365
1687734642,666976
1687734642,682634
1687734642,684143
1687734642,686742
1687734642,689061
1687734642,692976
1687734642,696236
1687734642,698931
1687734643,356361
1687734643,375010
1687734643,376460
1687734643,380011
1687734643,383586
1687734643,386642
1687734643,392150
1687734643,399238
1687734643,399985
1687734643,432781
1687734643,438166
1687734643,464013
1687734643,468017
1687734643,470788
1687734643,496640
1687734643,501239
1687734643,502049
1687734643,534736
1687734643,574235
1687734643,597154
1687734643,609004
1687734643,629301
1687734643,634715
1687734643,640464
1687734643,652436
1687734643,656466
1687734643,661886
1687734643,675319
1687734643,693802
1687734643,694764
1687734643,696905
1687734644,363648
1687734644,375618
1687734644,383356
1687734644,383500
1687734644,407864
1687734644,409374
1687734644,432874
1687734644,466167
1687734644,467591
1687734644,472580
1687734644,500606
1687734644,502287
1687734644,535131
1687734644,535476
1687734644,537789
1687734644,567159
1687734644,578847
1687734644,596449
1687734644,603055
1687734644,636489
1687734644,636932
1687734644,657359
1687734644,661573
1687734644,667067
1687734644,674638
1687734644,679764
1687734644,682353
1687734644,682410
1687734644,683731
1687734644,684336
1687734644,684540
1687734644,695733
1687734644,696947
1687734645,366492
1687734645,373910
1687734645,378475
1687734645,385486
1687734645,389643
1687734645,391076
1687734645,394873
1687734645,407078
1687734645,418593
1687734645,430934
1687734645,440045
1687734645,485106
1687734645,504098
1687734645,511874
1687734645,533054
1687734645,542194
1687734645,558568
1687734645,578328
1687734645,595961
1687734645,601698
1687734645,607558
1687734645,615676
1687734645,622143
1687734645,629043
1687734645,636061
1687734645,639144
1687734645,662202
1687734645,676477
1687734645,679533
1687734645,688721
1687734645,689017
1687734645,691945
1687734645,692092
1687734645,696877
1687734645,697481
1687734646,364172
1687734646,370296
1687734646,371615
1687734646,376723
1687734646,384444
1687734646,395028
1687734646,418305
1687734646,427082
1687734646,441761
1687734646,443922
1687734646,451784
1687734646,456170
1687734646,477923
1687734646,480655
1687734646,492843
1687734646,510615
1687734646,525374
1687734646,525535
1687734646,542644
1687734646,558345
1687734646,579596
1687734646,586343
1687734646,618580
1687734646,640807
1687734646,653723
1687734646,655285
1687734646,665959
1687734646,669299
1687734646,688018
1687734646,690550
1687734646,697992
1687734647,372078
1687734647,373274
1687734647,374838
1687734647,385069
1687734647,398811
1687734647,404746
1687734647,416688
1687734647,419751
1687734647,422491
1687734647,445568
1687734647,454889
1687734647,479985
1687734647,491427
1687734647,512262
1687734647,518400
1687734647,518915
1687734647,547167
1687734647,550080
1687734647,555468
1687734647,557337
1687734647,559531
1687734647,583327
1687734647,619412
1687734647,622553
1687734647,643502
1687734647,652385
1687734647,672859
1687734647,677851
1687734647,678572
1687734647,683366
1687734647,686438
1687734647,690406
1687734647,693856
1687734647,702518
1687734648,364412
1687734648,364694
1687734648,366884
1687734648,382194
1687734648,396154
1687734648,399774
1687734648,404525
1687734648,415808
1687734648,434075
1687734648,440151
1687734648,456753
1687734648,483982
1687734648,494942
1687734648,513263
1687734648,531032
1687734648,546032
1687734648,556005
1687734648,579945
1687734648,580824
1687734648,590736
1687734648,593454
1687734648,618680
1687734648,629300
1687734648,645841
1687734648,649866
1687734648,652954
1687734648,659667
1687734648,670626
1687734648,670963
1687734648,672949
1687734648,673720
1687734648,674621
1687734648,687623
1687734648,687719
1687734648,690941
1687734648,692366
1687734648,697781
1687734649,366641
1687734649,371036
1687734649,376444
1687734649,377802
1687734649,389245
1687734649,405356
1687734649,412874
1687734649,413952
1687734649,432449
1687734649,433512
1687734649,467585
1687734649,468423
1687734649,479484
1687734649,496400
1687734649,527229
1687734649,541709
1687734649,570425
1687734649,574521
1687734649,575596
1687734649,598196
1687734649,607953
1687734649,610483
1687734649,626719
1687734649,650481
1687734649,672629
1687734649,683737
1687734649,684495
1687734649,688276
1687734649,697980
1687734650,365322
1687734650,371608
1687734650,371732
1687734650,389180
1687734650,389581
1687734650,411350
1687734650,435721
1687734650,437449
1687734650,461337
1687734650,465708
1687734650,473938
1687734650,494175
1687734650,495244
1687734650,505594
1687734650,506368
1687734650,532037
1687734650,537665
1687734650,567702
1687734650,569215
1687734650,597136
1687734650,609757
1687734650,630015
1687734650,634168
1687734650,649697
1687734650,658618
1687734650,660614
1687734650,663324
1687734650,675372
1687734650,682789
1687734650,690063
1687734650,693332
1687734650,699011
1687734651,366883
1687734651,370389
1687734651,373879
1687734651,378773
1687734651,383019
1687734651,394806
1687734651,408480
1687734651,408737
1687734651,411194
1687734651,413268
1687734651,440484
1687734651,442779
1687734651,457710
1687734651,474259
1687734651,494499
1687734651,504380
1687734651,507680
1687734651,510113
1687734651,542675
1687734651,564062
1687734651,566115
1687734651,575241
1687734651,593949
1687734651,598656
1687734651,606484
1687734651,613331
1687734651,644576
1687734651,658427
1687734651,664121
1687734651,669119
1687734651,678300
1687734651,688539
1687734651,690417
1687734651,692403
1687734651,692406
1687734651,694416
1687734652,368457
1687734652,371689
1687734652,372552
1687734652,373414
1687734652,376457
1687734652,382420
1687734652,391414
1687734652,392605
1687734652,432695
1687734652,450882
1687734652,452408
1687734652,455315
1687734652,461907
1687734652,487424
1687734652,532280
1687734652,541229
1687734652,567790
1687734652,587041
1687734652,610594
1687734652,636376
1687734652,642564
1687734652,676162
1687734652,682929
1687734652,691655
1687734652,694065
1687734652,696142
1687734653,366686
1687734653,370062
1687734653,389430
1687734653,392885
1687734653,393010
1687734653,420311
1687734653,425989
1687734653,426055
1687734653,426117
1687734653,451900
1687734653,453539
1687734653,475390
1687734653,485117
1687734653,488348
1687734653,517041
1687734653,518271
1687734653,527468
1687734653,549481
1687734653,558014
1687734653,594126
1687734653,620767
1687734653,621426
1687734653,638924
1687734653,651108
1687734653,651200
1687734653,663164
1687734653,674303
1687734653,676232
1687734653,683968
1687734653,687620
1687734653,693348
1687734653,694159
1687734653,697218
1687734654,365137
1687734654,369161
1687734654,374581
1687734654,375691
1687734654,377103
1687734654,379033
1687734654,393382
1687734654,411003
1687734654,429146
1687734654,451429
1687734654,484566
1687734654,485510
1687734654,512954
1687734654,518533
1687734654,551281
1687734654,556536
1687734654,562041
1687734654,582245
1687734654,590392
1687734654,591845
1687734654,614013
1687734654,625210
1687734654,658767
1687734654,665900
1687734654,682202
1687734654,683588
1687734654,690555
1687734654,696357
1687734654,696449
1687734654,702340
1687734655,364445
1687734655,372927
1687734655,378646
1687734655,378998
1687734655,385372
1687734655,398825
1687734655,400190
1687734655,404818
1687734655,406059
1687734655,445111
1687734655,464574
1687734655,470268
1687734655,479986
1687734655,494444
1687734655,507330
1687734655,528560
1687734655,559023
1687734655,580495
1687734655,581356
1687734655,597582
1687734655,615362
1687734655,631748
1687734655,649865
1687734655,653030
1687734655,653542
1687734655,671505
1687734655,674151
1687734655,674511
1687734655,678101
1687734655,687651
1687734655,689094
1687734656,365006
1687734656,374156
1687734656,383775
1687734656,385541
1687734656,388455
1687734656,407613
1687734656,410644
1687734656,422960
1687734656,427125
1687734656,436970
1687734656,462594
1687734656,498067
1687734656,504323
1687734656,507888
1687734656,532195
1687734656,537570
1687734656,541249
1687734656,562996
1687734656,574552
1687734656,597220
1687734656,606208
1687734656,616945
1687734656,632145
1687734656,638073
1687734656,653978
1687734656,670459
1687734656,678802
1687734656,685836
1687734656,687516
1687734656,687737
1687734656,693946
1687734656,694194
1687734657,368631
1687734657,371077
1687734657,371173
1687734657,381079
1687734657,383670
1687734657,386030
1687734657,386326
1687734657,386741
1687734657,389358
1687734657,409825
1687734657,412260
1687734657,424299
1687734657,428921
1687734657,437665
1687734657,466907
1687734657,469492
1687734657,469588
1687734657,491998
1687734657,504970
1687734657,536311
1687734657,563474
1687734657,571303
1687734657,605616
1687734657,606287
1687734657,635382
1687734657,637934
1687734657,642848
1687734657,660742
1687734657,683360
1687734657,684816
1687734657,687940
1687734657,693430
1687734657,696501
1687734658,361571
1687734658,378392
1687734658,379267
1687734658,384594
1687734658,394377
1687734658,396084
1687734658,399034
1687734658,400771
1687734658,415377
1687734658,429737
1687734658,439538
1687734658,475400
1687734658,479287
1687734658,493317
1687734658,507552
1687734658,511639
1687734658,529969
1687734658,538123
1687734658,561312
1687734658,576137
1687734658,579904
1687734658,600670
1687734658,609637
1687734658,628081
1687734658,637050
1687734658,637709
1687734658,659733
1687734658,663903
1687734658,678496
1687734658,682049
1687734658,688378
1687734658,692413
1687734658,694935
1687734658,694952
1687734659,367107
1687734659,369802
1687734659,370860
1687734659,373098
1687734659,374967
1687734659,397650
1687734659,397971
1687734659,398183
1687734659,400613
1687734659,401265
1687734659,418443
1687734659,430208
1687734659,442769
1687734659,451217
1687734659,451967
1687734659,454427
1687734659,490947
1687734659,508221
1687734659,514756
1687734659,520995
1687734659,525843
1687734659,546130
1687734659,549985
1687734659,550621
1687734659,555931
1687734659,591136
1687734659,613735
1687734659,615680
1687734659,627720
1687734659,646800
1687734659,681438
1687734659,683660
1687734659,685534
1687734659,687549
1687734659,692053
1687734660,359581
1687734660,364776
1687734660,372740
1687734660,377595
1687734660,382308
1687734660,387850
1687734660,393244
1687734660,395361
1687734660,411173
1687734660,414923
1687734660,416688
1687734660,418441
1687734660,421244
1687734660,480186
1687734660,482052
1687734660,491770
1687734660,517734
1687734660,517874
1687734660,548826
1687734660,587729
1687734660,588131
1687734660,591540
1687734660,593468
1687734660,616402
1687734660,622374
1687734660,646237
1687734660,646691
1687734660,666472
1687734660,671437
1687734660,673474
1687734660,674090
1687734660,686607
1687734660,690025
1687734660,690080
1687734660,693220
1687734660,700576
1687734661,367066
1687734661,368085
1687734661,369364
1687734661,388582
1687734661,389826
1687734661,399701
1687734661,416938
1687734661,430717
1687734661,441855
1687734661,447707
1687734661,460895
1687734661,460996
1687734661,479096
1687734661,489023
1687734661,512132
1687734661,519681
1687734661,547899
1687734661,554331
1687734661,577255
1687734661,582336
1687734661,616007
1687734661,622993
1687734661,646605
1687734661,653118
1687734661,673462
1687734661,673849
1687734661,676515
1687734661,681918
1687734661,691334
1687734661,699959
1687734662,356138
1687734662,366950
1687734662,371727
1687734662,372600
1687734662,381104
1687734662,396880
1687734662,398882
1687734662,407449
1687734662,412230
1687734662,430386
1687734662,443568
1687734662,464012
1687734662,479443
1687734662,490249
1687734662,503190
1687734662,507676
1687734662,523523
1687734662,530000
1687734662,545180
1687734662,563190
1687734662,572386
1687734662,597490
1687734662,608703
1687734662,610780
1687734662,626079
1687734662,646905
1687734662,654967
1687734662,665331
1687734662,674914
1687734662,683691
1687734662,687169
1687734662,689098
1687734662,690932
1687734662,692671
1687734662,697401
1687734662,699081
1687734663,365349
1687734663,373445
1687734663,375589
1687734663,380925
1687734663,384488
1687734663,387227
1687734663,391089
1687734663,401691
1687734663,409536
1687734663,431077
1687734663,461853
1687734663,468703
1687734663,470067
1687734663,498623
1687734663,503893
1687734663,532749
1687734663,572362
1687734663,599216
1687734663,605022
1687734663,607144
1687734663,631308
1687734663,632672
1687734663,638215
1687734663,657946
1687734663,660545
1687734663,669402
1687734663,676205
1687734663,693762
1687734663,694443
1687734663,696855
1687734664,362982
1687734664,370049
1687734664,376296
1687734664,381856
1687734664,384889
1687734664,407113
1687734664,410908
1687734664,431071
1687734664,442395
1687734664,468236
1687734664,470362
1687734664,498292
1687734664,506073
1687734664,533071
1687734664,537364
1687734664,539897
1687734664,569444
1687734664,576505
1687734664,594658
1687734664,638673
1687734664,658652
1687734664,663024
1687734664,665951
1687734664,680593
1687734664,681127
1687734664,683916
1687734664,683992
1687734664,695716
1687734664,697108
1687734665,365906
1687734665,374270
1687734665,379099
1687734665,390908
1687734665,392960
1687734665,405763
1687734665,420046
1687734665,428897
1687734665,442010
1687734665,453394
1687734665,457820
1687734665,476025
1687734665,482894
1687734665,513788
1687734665,530847
1687734665,531035
1687734665,544202
1687734665,556462
1687734665,561683
1687734665,580464
1687734665,594079
1687734665,609429
1687734665,617453
1687734665,620174
1687734665,626981
1687734665,634068
1687734665,638005
1687734665,640642
1687734665,660532
1687734665,675564
1687734665,678740
1687734665,683502
1687734665,688793
1687734665,689390
1687734665,691338
1687734665,691541
1687734665,697335
1687734666,364578
1687734666,370514
1687734666,372414
1687734666,376149
1687734666,383682
1687734666,396172
1687734666,420145
1687734666,425532
1687734666,443670
1687734666,453894
1687734666,454187
1687734666,480070
1687734666,482588
1687734666,490555
1687734666,512330
1687734666,523224
1687734666,523640
1687734666,544672
1687734666,556275
1687734666,581855
1687734666,584118
1687734666,620404
1687734666,642451
1687734666,652245
1687734666,653438
1687734666,664698
1687734666,667246
1687734666,670296
1687734666,689089
1687734666,690139
1687734666,698309
1687734667,372018
1687734667,373096
1687734667,375762
1687734667,384023
1687734667,397598
1687734667,405988
1687734667,415363
1687734667,420710
1687734667,421563
1687734667,443565
1687734667,450348
1687734667,456787
1687734667,477804
1687734667,493293
1687734667,510135
1687734667,520401
1687734667,520724
1687734667,545044
1687734667,554973
1687734667,557584
1687734667,585321
1687734667,620502
1687734667,644865
1687734667,650520
1687734667,669974
1687734667,676576
1687734667,678222
1687734667,684208
1687734667,687191
1687734667,690940
1687734667,702274
1687734668,364512
1687734668,365182
1687734668,366776
1687734668,383217
1687734668,384599
1687734668,394748
1687734668,398736
1687734668,405811
1687734668,414474
1687734668,436105
1687734668,438411
1687734668,441872
1687734668,458660
1687734668,467531
1687734668,482027
1687734668,496787
1687734668,511104
1687734668,532725
1687734668,541025
1687734668,543622
1687734668,558176
1687734668,566311
1687734668,577856
1687734668,578544
1687734668,592910
1687734668,595591
1687734668,620320
1687734668,621361
1687734668,627296
1687734668,644236
1687734668,651391
1687734668,654554
1687734668,669461
1687734668,674783
1687734668,675810
1687734668,684357
1687734668,687506
1687734668,688387
1687734668,690904
1687734668,691603
1687734668,697418
1687734669,367285
1687734669,370051
1687734669,376290
1687734669,377578
1687734669,390389
1687734669,406733
1687734669,411471
1687734669,430574
1687734669,435344
1687734669,466604
1687734669,469613
1687734669,477476
1687734669,498401
1687734669,502272
1687734669,529360
1687734669,539323
1687734669,572859
1687734669,573281
1687734669,599980
1687734669,605908
1687734669,628314
1687734669,649175
1687734669,671202
1687734669,673691
1687734669,682819
1687734669,684949
1687734669,687983
1687734669,693229
1687734669,698462
1687734669,703071
1687734670,371060
1687734670,372096
1687734670,376596
1687734670,388298
1687734670,390726
1687734670,413317
1687734670,435806
1687734670,437532
1687734670,454214
1687734670,459262
1687734670,496099
1687734670,503429
1687734670,504290
1687734670,512127
1687734670,534227
1687734670,535443
1687734670,566950
1687734670,569434
1687734670,599184
1687734670,608025
1687734670,615063
1687734670,628971
1687734670,631821
1687734670,635888
1687734670,647770
1687734670,659830
1687734670,661042
1687734670,661706
1687734670,662103
1687734670,676260
1687734670,681800
1687734670,690463
1687734670,692063
1687734670,693100
1687734670,697894
1687734670,699225
1687734671,366925
1687734671,370861
1687734671,374581
1687734671,377000
1687734671,377523
1687734671,381981
1687734671,388544
1687734671,395700
1687734671,399578
1687734671,406805
1687734671,413048
1687734671,428315
1687734671,439922
1687734671,444676
1687734671,455581
1687734671,472172
1687734671,476114
1687734671,492378
1687734671,509440
1687734671,526959
1687734671,544859
1687734671,563676
1687734671,577593
1687734671,591950
1687734671,596542
1687734671,608281
1687734671,646128
1687734671,657012
1687734671,665714
1687734671,668275
1687734671,678826
1687734671,687582
1687734671,688749
1687734671,690186
1687734671,692932
1687734672,371191
1687734672,372630
1687734672,374152
1687734672,383269
1687734672,385821
1687734672,390393
1687734672,391624
1687734672,392890
1687734672,414890
1687734672,430749
1687734672,452521
1687734672,459911
1687734672,485137
1687734672,499341
1687734672,510151
1687734672,530160
1687734672,565823
1687734672,574925
1687734672,588983
1687734672,612487
1687734672,634542
1687734672,636859
1687734672,644240
1687734672,652554
1687734672,666298
1687734672,674958
1687734672,683646
1687734672,691781
1687734672,693399
1687734672,696192
1687734672,698421
1687734673,366889
1687734673,374602
1687734673,381691
1687734673,389863
1687734673,391366
1687734673,394506
1687734673,418674
1687734673,424337
1687734673,427691
1687734673,427990
1687734673,449575
1687734673,450616
1687734673,453920
1687734673,455534
1687734673,473364
1687734673,486997
1687734673,490193
1687734673,514819
1687734673,520221
1687734673,525295
1687734673,549938
1687734673,551439
1687734673,555930
1687734673,558642
1687734673,591972
1687734673,599564
1687734673,618729
1687734673,623244
1687734673,652597
1687734673,656356
1687734673,661831
1687734673,666421
1687734673,667366
1687734673,673504
1687734673,675818
1687734673,684742
1687734673,688595
1687734673,693677
1687734673,697537
1687734674,365692
1687734674,368443
1687734674,375243
1687734674,376148
1687734674,379044
1687734674,392822
1687734674,394794
1687734674,397151
1687734674,409604
1687734674,424713
1687734674,430909
1687734674,449229
1687734674,463055
1687734674,482418
1687734674,487484
1687734674,510595
1687734674,520455
1687734674,548535
1687734674,548992
1687734674,552160
1687734674,564172
1687734674,584274
1687734674,589635
1687734674,592425
1687734674,612129
1687734674,627139
1687734674,645283
1687734674,655017
1687734674,657151
1687734674,667267
1687734674,674946
1687734674,681710
1687734674,683045
1687734674,691213
1687734674,696287
1687734674,696433
1687734674,696591
1687734675,364441
1687734675,372028
1687734675,375070
1687734675,378563
1687734675,379881
1687734675,388542
1687734675,397378
1687734675,403095
1687734675,407475
1687734675,429250
1687734675,430743
1687734675,439961
1687734675,443329
1687734675,466510
1687734675,469790
1687734675,478179
1687734675,496558
1687734675,505081
1687734675,530331
1687734675,561308
1687734675,578071
1687734675,579468
1687734675,599695
1687734675,613222
1687734675,633706
1687734675,647715
1687734675,654361
1687734675,672690
1687734675,673178
1687734675,679119
1687734675,687001
1687734675,689793
1687734676,365656
1687734676,374363
1687734676,384711
1687734676,388584
1687734676,408926
1687734676,409505
1687734676,425230
1687734676,438980
1687734676,464612
1687734676,468036
1687734676,500030
1687734676,505720
1687734676,506343
1687734676,524451
1687734676,530038
1687734676,539066
1687734676,539638
1687734676,572390
1687734676,578233
1687734676,599364
1687734676,604504
1687734676,614727
1687734676,634044
1687734676,636413
1687734676,655501
1687734676,668125
1687734676,668787
1687734676,679689
1687734676,685379
1687734676,686480
1687734676,687429
1687734676,694298
1687734676,694671
1687734677,368063
1687734677,371074
1687734677,371686
1687734677,380536
1687734677,382503
1687734677,387350
1687734677,387479
1687734677,388586
1687734677,402654
1687734677,410659
1687734677,411195
1687734677,413064
1687734677,422166
1687734677,439232
1687734677,465073
1687734677,471575
1687734677,489585
1687734677,503114
1687734677,538143
1687734677,561403
1687734677,573223
1687734677,603806
1687734677,608327
1687734677,608494
1687734677,636150
1687734677,636856
1687734677,640845
1687734677,661782
1687734677,683829
1687734677,684640
1687734677,688177
1687734677,693959
1687734677,696735
1687734678,361806
1687734678,378212
1687734678,379600
1687734678,383711
1687734678,397113
1687734678,397921
1687734678,417360
1687734678,427873
1687734678,441568
1687734678,455573
1687734678,477370
1687734678,481106
1687734678,509534
1687734678,513495
1687734678,527950
1687734678,540231
1687734678,559007
1687734678,578224
1687734678,582100
1687734678,598646
1687734678,611364
1687734678,626080
1687734678,638868
1687734678,639424
1687734678,654908
1687734678,658423
1687734678,665376
1687734678,677537
1687734678,683046
1687734678,688802
1687734678,692863
1687734678,694377
1687734678,694406
1687734678,694881
1687734679,367500
1687734679,370701
1687734679,370753
1687734679,373896
1687734679,374152
1687734679,396453
1687734679,401665
1687734679,420094
1687734679,428102
1687734679,444551
1687734679,450214
1687734679,452416
1687734679,453104
1687734679,488907
1687734679,516763
1687734679,518683
1687734679,523730
1687734679,548036
1687734679,548283
1687734679,552000
1687734679,588888
1687734679,617246
1687734679,625737
1687734679,648146
1687734679,667608
1687734679,682008
1687734679,684162
1687734679,684925
1687734679,686247
1687734679,690012
1687734679,692464
1687734680,359080
1687734680,365174
1687734680,367013
1687734680,372782
1687734680,376830
1687734680,383192
1687734680,387109
1687734680,392125
1687734680,396977
1687734680,414922
1687734680,419140
1687734680,420212
1687734680,478298
1687734680,484099
1687734680,493723
1687734680,515741
1687734680,519827
1687734680,546403
1687734680,585830
1687734680,589829
1687734680,593796
1687734680,613920
1687734680,618024
1687734680,620375
1687734680,644668
1687734680,647820
1687734680,670299
1687734680,674506
1687734680,675126
1687734680,687429
1687734680,689304
1687734680,692597
1687734680,697841
1687734680,700277
1687734681,368641
1687734681,387508
1687734681,390812
1687734681,401521
1687734681,409667
1687734681,418614
1687734681,432455
1687734681,445728
1687734681,462956
1687734681,476832
1687734681,510003
1687734681,521728
1687734681,533122
1687734681,545725
1687734681,556289
1687734681,580258
1687734681,595332
1687734681,624762
1687734681,645002
1687734681,652404
1687734681,654642
1687734681,675026
1687734681,681152
1687734681,684972
1687734681,691068
1687734681,700227
1687734681,702750
1687734682,356002
1687734682,366224
1687734682,371086
1687734682,372923
1687734682,382410
1687734682,395818
1687734682,400269
1687734682,401907
1687734682,410504
1687734682,432162
1687734682,441629
1687734682,465974
1687734682,477523
1687734682,492169
1687734682,505950
1687734682,525509
1687734682,532109
1687734682,543164
1687734682,543534
1687734682,565151
1687734682,570243
1687734682,599526
1687734682,606599
1687734682,627773
1687734682,644896
1687734682,656559
1687734682,663703
1687734682,676118
1687734682,683198
1687734682,687550
1687734682,689123
1687734682,691355
1687734682,692333
1687734682,696777
1687734683,365358
1687734683,371946
1687734683,374730
1687734683,381824
1687734683,383541
1687734683,385440
1687734683,387841
1687734683,390043
1687734683,429409
1687734683,441715
1687734683,459709
1687734683,467360
1687734683,472111
1687734683,505761
1687734683,530764
1687734683,563863
1687734683,568610
1687734683,570495
1687734683,601268
1687734683,605297
1687734683,630635
1687734683,633330
1687734683,635969
1687734683,659184
1687734683,659440
1687734683,683446
1687734683,683483
1687734683,692646
1687734683,693102
1687734683,695013
1687734684,362393
1687734684,369758
1687734684,376921
1687734684,377010
1687734684,380374
1687734684,386312
1687734684,392238
1687734684,405539
1687734684,412499
1687734684,429307
1687734684,444300
1687734684,468146
1687734684,470304
1687734684,495935
1687734684,530994
1687734684,539255
1687734684,542007
1687734684,571712
1687734684,574190
1687734684,592846
1687734684,606945
1687734684,639516
1687734684,640364
1687734684,659915
1687734684,664455
1687734684,664799
1687734684,672880
1687734684,679913
1687734684,695699
1687734684,697173
1687734684,703106
1687734685,365412
1687734685,374682
1687734685,379710
1687734685,389682
1687734685,391084
1687734685,404456
1687734685,421496
1687734685,426866
1687734685,443997
1687734685,451478
1687734685,456452
1687734685,480710
1687734685,515707
1687734685,521754
1687734685,528593
1687734685,546204
1687734685,554342
1687734685,565291
1687734685,582541
1687734685,592131
1687734685,611280
1687734685,619203
1687734685,624921
1687734685,632003
1687734685,642123
1687734685,658819
1687734685,674568
1687734685,677923
1687734685,684599
1687734685,688818
1687734685,689759
1687734685,691137
1687734685,697185
1687734686,365056
1687734686,370806
1687734686,373255
1687734686,375581
1687734686,382957
1687734686,391312
1687734686,397302
1687734686,421991
1687734686,424005
1687734686,445561
1687734686,452235
1687734686,456013
1687734686,482208
1687734686,484521
1687734686,488260
1687734686,514086
1687734686,521051
1687734686,538895
1687734686,546691
1687734686,554172
1687734686,581871
1687734686,584097
1687734686,597453
1687734686,621979
1687734686,622181
1687734686,644046
1687734686,650746
1687734686,651535
1687734686,662768
1687734686,668488
1687734686,671274
1687734686,689725
1687734686,690095
1687734686,698580
1687734687,368141
1687734687,371978
1687734687,372983
1687734687,382950
1687734687,396430
1687734687,407233
1687734687,414027
1687734687,418926
1687734687,426462
1687734687,441631
1687734687,458678
1687734687,475645
1687734687,491419
1687734687,495116
1687734687,508037
1687734687,522397
1687734687,522537
1687734687,542926
1687734687,552649
1687734687,553623
1687734687,554236
1687734687,559688
1687734687,587287
1687734687,618456
1687734687,623304
1687734687,646233
1687734687,648678
1687734687,652944
1687734687,675245
1687734687,677917
1687734687,685012
1687734687,687928
1687734687,691430
1687734687,701989
1687734688,364624
1687734688,365742
1687734688,366721
1687734688,383815
1687734688,384264
1687734688,393344
1687734688,407113
1687734688,410076
1687734688,413194
1687734688,436669
1687734688,438154
1687734688,460564
1687734688,480088
1687734688,490703
1687734688,497455
1687734688,498614
1687734688,508949
1687734688,534387
1687734688,541234
1687734688,560371
1687734688,575754
1687734688,576270
1687734688,595061
1687734688,597699
1687734688,625267
1687734688,642600
1687734688,656124
1687734688,668198
1687734688,668856
1687734688,675830
1687734688,676985
1687734688,687214
1687734688,689117
1687734688,690886
1687734688,697017
1687734689,367959
1687734689,369138
1687734689,376124
1687734689,377376
1687734689,391535
1687734689,396572
1687734689,403415
1687734689,408166
1687734689,411202
1687734689,428731
1687734689,437189
1687734689,464787
1687734689,466667
1687734689,471688
1687734689,475498
1687734689,500430
1687734689,531472
1687734689,536960
1687734689,570974
1687734689,575290
1687734689,601771
1687734689,603830
1687734689,606530
1687734689,629919
1687734689,647792
1687734689,662369
1687734689,669788
1687734689,674435
1687734689,677141
1687734689,681908
1687734689,685425
1687734689,687701
1687734689,688446
1687734689,698885
1687734690,369379
1687734690,370533
1687734690,372484
1687734690,376729
1687734690,387433
1687734690,391896
1687734690,406286
1687734690,411250
1687734690,434174
1687734690,439333
1687734690,457205
1687734690,469375
1687734690,498014
1687734690,500621
1687734690,500800
1687734690,501277
1687734690,514179
1687734690,533264
1687734690,536435
1687734690,564661
1687734690,571259
1687734690,616778
1687734690,626913
1687734690,633622
1687734690,637612
1687734690,645847
1687734690,660046
1687734690,661043
1687734690,663558
1687734690,672181
1687734690,674810
1687734690,677035
1687734690,680767
1687734690,690810
1687734690,692858
1687734690,697493
1687734690,699407
1687734691,367031
1687734691,371699
1687734691,374928
1687734691,375334
1687734691,376265
1687734691,376672
1687734691,381006
1687734691,389750
1687734691,396586
1687734691,398401
1687734691,405181
1687734691,414925
1687734691,426784
1687734691,439775
1687734691,446580
1687734691,453448
1687734691,474281
1687734691,477973
1687734691,490237
1687734691,508062
1687734691,511199
1687734691,525032
1687734691,528055
1687734691,547078
1687734691,561266
1687734691,574941
1687734691,579900
1687734691,594394
1687734691,610059
1687734691,647657
1687734691,655616
1687734691,667310
1687734691,667398
1687734691,679336
1687734691,681354
1687734691,686607
1687734691,689967
1687734691,691674
1687734691,693494
1687734691,694383
1687734692,370726
1687734692,372725
1687734692,384096
1687734692,390609
1687734692,394417
1687734692,416547
1687734692,428798
1687734692,454121
1687734692,457896
1687734692,482855
1687734692,488838
1687734692,512084
1687734692,563825
1687734692,577071
1687734692,590891
1687734692,601203
1687734692,614405
1687734692,632673
1687734692,634762
1687734692,645891
1687734692,650833
1687734692,667750
1687734692,673738
1687734692,684325
1687734692,691855
1687734692,692724
1687734692,696250
1687734692,698735
1687734692,699222
1687734693,367117
1687734693,375298
1687734693,381220
1687734693,389845
1687734693,390349
1687734693,417091
1687734693,422594
1687734693,429367
1687734693,429979
1687734693,447669
1687734693,452379
1687734693,455991
1687734693,457557
1687734693,471330
1687734693,492050
1687734693,512613
1687734693,522178
1687734693,523090
1687734693,547909
1687734693,553428
1687734693,553836
1687734693,589786
1687734693,615571
1687734693,616751
1687734693,618201
1687734693,625066
1687734693,653953
1687734693,660413
1687734693,668266
1687734693,672668
1687734693,675354
1687734693,685494
1687734693,689552
1687734693,690539
1687734693,693221
1687734693,697786
1687734693,698227
1687734694,366286
1687734694,367782
1687734694,375236
1687734694,375956
1687734694,379063
1687734694,396025
1687734694,396251
1687734694,432685
1687734694,447052
1687734694,465079
1687734694,478083
1687734694,480298
1687734694,489475
1687734694,508292
1687734694,522410
1687734694,546678
1687734694,550692
1687734694,560770
1687734694,566294
1687734694,586308
1687734694,587395
1687734694,594403
1687734694,610252
1687734694,629038
1687734694,645525
1687734694,653681
1687734694,655438
1687734694,668634
1687734694,673497
1687734694,673804
1687734694,681221
1687734694,682468
1687734694,691779
1687734694,691834
1687734694,696159
1687734694,696363
1687734694,696890
1687734694,703098
1687734695,364442
1687734695,371172
1687734695,375190
1687734695,376717
1687734695,378551
1687734695,380818
1687734695,383335
1687734695,387574
1687734695,396006
1687734695,401388
1687734695,403651
1687734695,408920
1687734695,423412
1687734695,431079
1687734695,432603
1687734695,438041
1687734695,441002
1687734695,441612
1687734695,465855
1687734695,467887
1687734695,468392
1687734695,476396
1687734695,502852
1687734695,532061
1687734695,563603
1687734695,575921
1687734695,577579
1687734695,601827
1687734695,611067
1687734695,635621
1687734695,655653
1687734695,656502
1687734695,680150
1687734695,686342
1687734695,690423
1687734695,690752
1687734696,366397
1687734696,372345
1687734696,374611
1687734696,383956
1687734696,397700
1687734696,404084
1687734696,408376
1687734696,410311
1687734696,448235
1687734696,465257
1687734696,502039
1687734696,503542
1687734696,508325
1687734696,526478
1687734696,527873
1687734696,536847
1687734696,541745
1687734696,570246
1687734696,575966
1687734696,601509
1687734696,601941
1687734696,602778
1687734696,608992
1687734696,612486
1687734696,626536
1687734696,634717
1687734696,635951
1687734696,656978
1687734696,666825
1687734696,667070
1687734696,680561
1687734696,684948
1687734696,685389
1687734696,687111
1687734696,689587
1687734696,694358
1687734696,694943
1687734696,695365
1687734697,367518
1687734697,371083
1687734697,372588
1687734697,379929
1687734697,381372
1687734697,387880
1687734697,388360
1687734697,388951
1687734697,403629
1687734697,407721
1687734697,409039
1687734697,412621
1687734697,420093
1687734697,440847
1687734697,463220
1687734697,466616
1687734697,473589
1687734697,487203
1687734697,495174
1687734697,501284
1687734697,502161
1687734697,502477
1687734697,539997
1687734697,545871
1687734697,559405
1687734697,575160
1687734697,601970
1687734697,606229
1687734697,606357
1687734697,610335
1687734697,634370
1687734697,638304
1687734697,662825
1687734697,682771
1687734697,685849
1687734697,688378
1687734697,694528
1687734697,696919
1687734698,362066
1687734698,378075
1687734698,379977
1687734698,382810
1687734698,388788
1687734698,396829
1687734698,398203
1687734698,419385
1687734698,426023
1687734698,443575
1687734698,453313
1687734698,479401
1687734698,482941
1687734698,500157
1687734698,511574
1687734698,515337
1687734698,520937
1687734698,521611
1687734698,525957
1687734698,542352
1687734698,551270
1687734698,556724
1687734698,580284
1687734698,584299
1687734698,596588
1687734698,613118
1687734698,624101
1687734698,625752
1687734698,640656
1687734698,641121
1687734698,653420
1687734698,657091
1687734698,666824
1687734698,676573
1687734698,680062
1687734698,684036
1687734698,689203
1687734698,693324
1687734698,693767
1687734698,694785
1687734698,696526
1687734698,703111
1687734699,367916
1687734699,370582
1687734699,371728
1687734699,373403
1687734699,374766
1687734699,376180
1687734699,378195
1687734699,394971
1687734699,396640
1687734699,402704
1687734699,419069
1687734699,421784
1687734699,425973
1687734699,446369
1687734699,448495
1687734699,450397
1687734699,454996
1687734699,477888
1687734699,486822
1687734699,513624
1687734699,516356
1687734699,518756
1687734699,546010
1687734699,549962
1687734699,582417
1687734699,586612
1687734699,589884
1687734699,618404
1687734699,618870
1687734699,623734
1687734699,649428
1687734699,650520
1687734699,668767
1687734699,682545
1687734699,684293
1687734699,684626
1687734699,684893
1687734699,692855
1687734700,358673
1687734700,366992
1687734700,372820
1687734700,376165
1687734700,384172
1687734700,386419
1687734700,391029
1687734700,398610
1687734700,413238
1687734700,417003
1687734700,422002
1687734700,443415
1687734700,458656
1687734700,476436
1687734700,486148
1687734700,495603
1687734700,521909
1687734700,543983
1687734700,546579
1687734700,554050
1687734700,583481
1687734700,591884
1687734700,596033
1687734700,619664
1687734700,642655
1687734700,666799
1687734700,669175
1687734700,671576
1687734700,675456
1687734700,676106
1687734700,688234
1687734700,688579
1687734700,689934
1687734700,691939
1687734700,696492
1687734700,699961
1687734701,369185
1687734701,377995
1687734701,386402
1687734701,391791
1687734701,401676
1687734701,403355
1687734701,408230
1687734701,408260
1687734701,420322
1687734701,423392
1687734701,434191
1687734701,443760
1687734701,465007
1687734701,474539
1687734701,492417
1687734701,507867
1687734701,523790
1687734701,543525
1687734701,558260
1687734701,567594
1687734701,578187
1687734701,597159
1687734701,611803
1687734701,626524
1687734701,643360
1687734701,647039
1687734701,656071
1687734701,671817
1687734701,673524
1687734701,680338
1687734701,685548
1687734701,690749
1687734701,700475
1687734702,355932
1687734702,365524
1687734702,370491
1687734702,373283
1687734702,383779
1687734702,384942
1687734702,394784
1687734702,405188
1687734702,408827
1687734702,433934
1687734702,439712
1687734702,464679
1687734702,467958
1687734702,494053
1687734702,498698
1687734702,504172
1687734702,527551
1687734702,534255
1687734702,541162
1687734702,566069
1687734702,567156
1687734702,568152
1687734702,601527
1687734702,604472
1687734702,629486
1687734702,642885
1687734702,658145
1687734702,660788
1687734702,682630
1687734702,687875
1687734702,689134
1687734702,691946
1687734703,365362
1687734703,367928
1687734703,370530
1687734703,372587
1687734703,373912
1687734703,382675
1687734703,386426
1687734703,388496
1687734703,389013
1687734703,396161
1687734703,405088
1687734703,413009
1687734703,427731
1687734703,457615
1687734703,474147
1687734703,489531
1687734703,498439
1687734703,502624
1687734703,507628
1687734703,528787
1687734703,535210
1687734703,568628
1687734703,570922
1687734703,603274
1687734703,603454
1687734703,628593
1687734703,633696
1687734703,635328
1687734703,657796
1687734703,660910
1687734703,677819
1687734703,683019
1687734703,691463
1687734703,695536
1687734703,696661
1687734704,361865
1687734704,369496
1687734704,377765
1687734704,378944
1687734704,387783
1687734704,395525
1687734704,404016
1687734704,414142
1687734704,415285
1687734704,427581
1687734704,446169
1687734704,465891
1687734704,472358
1687734704,493544
1687734704,510071
1687734704,528887
1687734704,536774
1687734704,541191
1687734704,544163
1687734704,571833
1687734704,573968
1687734704,591034
1687734704,608841
1687734704,641017
1687734704,641981
1687734704,661170
1687734704,663585
1687734704,665847
1687734704,678687
1687734704,682062
1687734704,682935
1687734704,695681
1687734704,697181
1687734705,364942
1687734705,375112
1687734705,380308
1687734705,388955
1687734705,389253
1687734705,393619
1687734705,403153
1687734705,423007
1687734705,424855
1687734705,446016
1687734705,447479
1687734705,449584
1687734705,478552
1687734705,517668
1687734705,519866
1687734705,526316
1687734705,548216
1687734705,552250
1687734705,584588
1687734705,590113
1687734705,620975
1687734705,629921
1687734705,638823
1687734705,643535
1687734705,657066
1687734705,669676
1687734705,670822
1687734705,673470
1687734705,677063
1687734705,685734
1687734705,688817
1687734705,690081
1687734705,690736
1687734705,697001
1687734706,365603
1687734706,369428
1687734706,371159
1687734706,374126
1687734706,375014
1687734706,382261
1687734706,389844
1687734706,398414
1687734706,422479
1687734706,423876
1687734706,437690
1687734706,450285
1687734706,458137
1687734706,484380
1687734706,486007
1687734706,486464
1687734706,495562
1687734706,515917
1687734706,518830
1687734706,552000
1687734706,579595
1687734706,586324
1687734706,595330
1687734706,616210
1687734706,623945
1687734706,645644
1687734706,649263
1687734706,649606
1687734706,663657
1687734706,673858
1687734706,675750
1687734706,689301
1687734706,689695
1687734706,691046
1687734706,698785
1687734707,365625
1687734707,371961
1687734707,372917
1687734707,381851
1687734707,395320
1687734707,408492
1687734707,412702
1687734707,417092
1687734707,425233
1687734707,428192
1687734707,439720
1687734707,460556
1687734707,473495
1687734707,475528
1687734707,496922
1687734707,505948
1687734707,524342
1687734707,524356
1687734707,540843
1687734707,550349
1687734707,556335
1687734707,561764
1687734707,589264
1687734707,616382
1687734707,625261
1687734707,646829
1687734707,647630
1687734707,649380
1687734707,667685
1687734707,672259
1687734707,677669
1687734707,685781
1687734707,688116
1687734707,688593
1687734707,691868
1687734707,701684
1687734708,364756
1687734708,366344
1687734708,366697
1687734708,383005
1687734708,385343
1687734708,391987
1687734708,408424
1687734708,411951
1687734708,434940
1687734708,440219
1687734708,462509
1687734708,500383
1687734708,506833
1687734708,536074
1687734708,538835
1687734708,562619
1687734708,573663
1687734708,573983
1687734708,597180
1687734708,599761
1687734708,623172
1687734708,623625
1687734708,640935
1687734708,654512
1687734708,657677
1687734708,662076
1687734708,666884
1687734708,676870
1687734708,678146
1687734708,687416
1687734708,689793
1687734708,689808
1687734708,690876
1687734708,696588
1687734709,368298
1687734709,368652
1687734709,375957
1687734709,377195
1687734709,392656
1687734709,396617
1687734709,409307
1687734709,409636
1687734709,426906
1687734709,439023
1687734709,462967
1687734709,473559
1687734709,473775
1687734709,502462
1687734709,533600
1687734709,534623
1687734709,568688
1687734709,572669
1687734709,577728
1687734709,601775
1687734709,604634
1687734709,631534
1687734709,646351
1687734709,668310
1687734709,675170
1687734709,677301
1687734709,680965
1687734709,685941
1687734709,699316
1687734709,699338
1687734710,367194
1687734710,370032
1687734710,372911
1687734710,376849
1687734710,386608
1687734710,393075
1687734710,417275
1687734710,432567
1687734710,441148
1687734710,443507
1687734710,455160
1687734710,471310
1687734710,480125
1687734710,499138
1687734710,499923
1687734710,500028
1687734710,516192
1687734710,531104
1687734710,538607
1687734710,562390
1687734710,573134
1687734710,603235
1687734710,604383
1687734710,624866
1687734710,635395
1687734710,639313
1687734710,643867
1687734710,658355
1687734710,662249
1687734710,664979
1687734710,678046
1687734710,679686
1687734710,691117
1687734710,691227
1687734710,692583
1687734710,699532
1687734711,375023
1687734711,375742
1687734711,376101
1687734711,376406
1687734711,380078
1687734711,391033
1687734711,397254
1687734711,397503
1687734711,403626
1687734711,416814
1687734711,425272
1687734711,426884
1687734711,448484
1687734711,451313
1687734711,476414
1687734711,479852
1687734711,488097
1687734711,512965
1687734711,523056
1687734711,525954
1687734711,549293
1687734711,558866
1687734711,582202
1687734711,592233
1687734711,611827
1687734711,613106
1687734711,617421
1687734711,649130
1687734711,654227
1687734711,666465
1687734711,668867
1687734711,685619
1687734711,689763
1687734711,694042
1687734711,694329
1687734711,696324
1687734712,372824
1687734712,377697
1687734712,384940
1687734712,389573
1687734712,395987
1687734712,418261
1687734712,446080
1687734712,455715
1687734712,455883
1687734712,480566
1687734712,514033
1687734712,548207
1687734712,555424
1687734712,561837
1687734712,579228
1687734712,587767
1687734712,592748
1687734712,616346
1687734712,622886
1687734712,630718
1687734712,632611
1687734712,647554
1687734712,649091
1687734712,669103
1687734712,672537
1687734712,685020
1687734712,691877
1687734712,692033
1687734712,699027
1687734713,367351
1687734713,376093
1687734713,380794
1687734713,388340
1687734713,390893
1687734713,397611
1687734713,405546
1687734713,415578
1687734713,431055
1687734713,432007
1687734713,445803
1687734713,454171
1687734713,458075
1687734713,469290
1687734713,490674
1687734713,493921
1687734713,510439
1687734713,524169
1687734713,545865
1687734713,548695
1687734713,551697
1687734713,587543
1687734713,614817
1687734713,626928
1687734713,655288
1687734713,658892
1687734713,669142
1687734713,671781
1687734713,674819
1687734713,686222
1687734713,690515
1687734713,692763
1687734713,692953
1687734713,697969
1687734713,698526
1687734714,366942
1687734714,367142
1687734714,374357
1687734714,376745
1687734714,379088
1687734714,379524
1687734714,397755
1687734714,406946
1687734714,434474
1687734714,444838
1687734714,467101
1687734714,478196
1687734714,491491
1687734714,498076
1687734714,506051
1687734714,524409
1687734714,544384
1687734714,552850
1687734714,562901
1687734714,568427
1687734714,575677
1687734714,585137
1687734714,596333
1687734714,607169
1687734714,608386
1687734714,648776
1687734714,653650
1687734714,654941
1687734714,670012
1687734714,670417
1687734714,672018
1687734714,674885
1687734714,680662
1687734714,681828
1687734714,692252
1687734714,692422
1687734714,695967
1687734714,696251
1687734714,697181
1687734714,703397
1687734715,364445
1687734715,370374
1687734715,375325
1687734715,378645
1687734715,381827
1687734715,383133
1687734715,386658
1687734715,389056
1687734715,394715
1687734715,399697
1687734715,405426
1687734715,410386
1687734715,432912
1687734715,434526
1687734715,436161
1687734715,439909
1687734715,463714
1687734715,466004
1687734715,470260
1687734715,474590
1687734715,478189
1687734715,500619
1687734715,500873
1687734715,528524
1687734715,533784
1687734715,565852
1687734715,573694
1687734715,573754
1687734715,603907
1687734715,608891
1687734715,633010
1687734715,637447
1687734715,643318
1687734715,656911
1687734715,657974
1687734715,670234
1687734715,681222
1687734715,685686
1687734715,686859
1687734715,691025
1687734716,367219
1687734716,374948
1687734716,379248
1687734716,383288
1687734716,407261
1687734716,408689
1687734716,411741
1687734716,421691
1687734716,443070
1687734716,463190
1687734716,468634
1687734716,501349
1687734716,504048
1687734716,510287
1687734716,525695
1687734716,534616
1687734716,537284
1687734716,543903
1687734716,599784
1687734716,601022
1687734716,603559
1687734716,603611
1687734716,610232
1687734716,628322
1687734716,637863
1687734716,658432
1687734716,665306
1687734716,665451
1687734716,681400
1687734716,684266
1687734716,684528
1687734716,686797
1687734716,688456
1687734716,694391
1687734716,695761
1687734716,696014
1687734717,367038
1687734717,371185
1687734717,372907
1687734717,373064
1687734717,380275
1687734717,384119
1687734717,387213
1687734717,389379
1687734717,390458
1687734717,402450
1687734717,407446
1687734717,414120
1687734717,461317
1687734717,475598
1687734717,484890
1687734717,492776
1687734717,499440
1687734717,504330
1687734717,541908
1687734717,557421
1687734717,577128
1687734717,600129
1687734717,608139
1687734717,612291
1687734717,632566
1687734717,636777
1687734717,639758
1687734717,663876
1687734717,681639
1687734717,687007
1687734717,688525
1687734717,695084
1687734717,695861
1687734717,697071
1687734718,362316
1687734718,377999
1687734718,380407
1687734718,381930
1687734718,393541
1687734718,395777
1687734718,399327
1687734718,421422
1687734718,424221
1687734718,445596
1687734718,451036
1687734718,481478
1687734718,484796
1687734718,487682
1687734718,513596
1687734718,517193
1687734718,519142
1687734718,519526
1687734718,523957
1687734718,544491
1687734718,548885
1687734718,554502
1687734718,582334
1687734718,586484
1687734718,594477
1687734718,614873
1687734718,622153
1687734718,623751
1687734718,642412
1687734718,642783
1687734718,651839
1687734718,655720
1687734718,668230
1687734718,675592
1687734718,679825
1687734718,681099
1687734718,685033
1687734718,687764
1687734718,689602
1687734718,693120
1687734718,693797
1687734718,694642
1687734718,697052
1687734718,703072
1687734719,368369
1687734719,370272
1687734719,370513
1687734719,372700
1687734719,372713
1687734719,375906
1687734719,394496
1687734719,395233
1687734719,397480
1687734719,403737
1687734719,417563
1687734719,420886
1687734719,423504
1687734719,423852
1687734719,446810
1687734719,448230
1687734719,448385
1687734719,456903
1687734719,459587
1687734719,479954
1687734719,484712
1687734719,511546
1687734719,514007
1687734719,520706
1687734719,520873
1687734719,543807
1687734719,551894
1687734719,584301
1687734719,584721
1687734719,616464
1687734719,619279
1687734719,620525
1687734719,621757
1687734719,650683
1687734719,669933
1687734719,683031
1687734719,683462
1687734719,683626
1687734719,685094
1687734719,693189
1687734719,696038
1687734720,358331
1687734720,367012
1687734720,367813
1687734720,372865
1687734720,375555
1687734720,385219
1687734720,385779
1687734720,389988
1687734720,400290
1687734720,406871
1687734720,411629
1687734720,414846
1687734720,423802
1687734720,441517
1687734720,474576
1687734720,488180
1687734720,497436
1687734720,523976
1687734720,541560
1687734720,544508
1687734720,556101
1687734720,576147
1687734720,581151
1687734720,593859
1687734720,598221
1687734720,618478
1687734720,621329
1687734720,640662
1687734720,648626
1687734720,650911
1687734720,658750
1687734720,668029
1687734720,668128
1687734720,669396
1687734720,676353
1687734720,677041
1687734720,687859
1687734720,689039
1687734720,689851
1687734720,690391
1687734720,691217
1687734720,699647
1687734721,369515
1687734721,369737
1687734721,373709
1687734721,377563
1687734721,385286
1687734721,386093
1687734721,392824
1687734721,405201
1687734721,422060
1687734721,435644
1687734721,435925
1687734721,441839
1687734721,457902
1687734721,467063
1687734721,472237
1687734721,473511
1687734721,494159
1687734721,505753
1687734721,525896
1687734721,534641
1687734721,541308
1687734721,557975
1687734721,560254
1687734721,598944
1687734721,609650
1687734721,628283
1687734721,641659
1687734721,651162
1687734721,657461
1687734721,671997
1687734721,676668
1687734721,679501
1687734721,686069
1687734721,699445
1687734721,700713
1687734722,364854
1687734722,369979
1687734722,385160
1687734722,386881
1687734722,393764
1687734722,407011
1687734722,407192
1687734722,435710
1687734722,437830
1687734722,445298
1687734722,462722
1687734722,464698
1687734722,469978
1687734722,495927
1687734722,502386
1687734722,529627
1687734722,536446
1687734722,539201
1687734722,566111
1687734722,568272
1687734722,569215
1687734722,570424
1687734722,572664
1687734722,602301
1687734722,603527
1687734722,605308
1687734722,631177
1687734722,631408
1687734722,640886
1687734722,659690
1687734722,660412
1687734722,672125
1687734722,678467
1687734722,682009
1687734722,688107
1687734722,689125
1687734722,691550
1687734722,697238
1687734723,365363
1687734723,369189
1687734723,371369
1687734723,373142
1687734723,373500
1687734723,383477
1687734723,387448
1687734723,387991
1687734723,389196
1687734723,403875
1687734723,414808
1687734723,426105
1687734723,435603
1687734723,455576
1687734723,476165
1687734723,493674
1687734723,496093
1687734723,504653
1687734723,509529
1687734723,526818
1687734723,533234
1687734723,566725
1687734723,573238
1687734723,588341
1687734723,601571
1687734723,605220
1687734723,626510
1687734723,633112
1687734723,637278
1687734723,656349
1687734723,662339
1687734723,677435
1687734723,678570
1687734723,682462
1687734723,682536
1687734723,689515
1687734723,690203
1687734723,696024
1687734723,696498
1687734724,361401
1687734724,369294
1687734724,377564
1687734724,378571
1687734724,389295
1687734724,402560
1687734724,415887
1687734724,418070
1687734724,422888
1687734724,425901
1687734724,442546
1687734724,447977
1687734724,463660
1687734724,474421
1687734724,488475
1687734724,491148
1687734724,512122
1687734724,526763
1687734724,543134
1687734724,546346
1687734724,569440
1687734724,576256
1687734724,589207
1687734724,598391
1687734724,610713
1687734724,614919
1687734724,630898
1687734724,642546
1687734724,643521
1687734724,662334
1687734724,662416
1687734724,667250
1687734724,682710
1687734724,683041
1687734724,695656
1687734724,697173
1687734725,364510
1687734725,375588
1687734725,380883
1687734725,387460
1687734725,388217
1687734725,395072
1687734725,401844
1687734725,415085
1687734725,424591
1687734725,447721
1687734725,448061
1687734725,449401
1687734725,476407
1687734725,511425
1687734725,517959
1687734725,519661
1687734725,550176
1687734725,550201
1687734725,568091
1687734725,586593
1687734725,611490
1687734725,620888
1687734725,622769
1687734725,627797
1687734725,644921
1687734725,655296
1687734725,672309
1687734725,676119
1687734725,686829
1687734725,688770
1687734725,690356
1687734725,690362
1687734725,696777
1687734726,360461
1687734726,366202
1687734726,371579
1687734726,374481
1687734726,375064
1687734726,381560
1687734726,388397
1687734726,399536
1687734726,425785
1687734726,448334
1687734726,460278
1687734726,483744
1687734726,486561
1687734726,488408
1687734726,516561
1687734726,517784
1687734726,549822
1687734726,550683
1687734726,577272
1687734726,588529
1687734726,593208
1687734726,614196
1687734726,623747
1687734726,625688
1687734726,647241
1687734726,647640
1687734726,647826
1687734726,670833
1687734726,681841
1687734726,688806
1687734726,688885
1687734726,690279
1687734726,691922
1687734727,366111
1687734727,371975
1687734727,372938
1687734727,378687
1687734727,380748
1687734727,394241
1687734727,409800
1687734727,411393
1687734727,415257
1687734727,427075
1687734727,429908
1687734727,437843
1687734727,443877
1687734727,462404
1687734727,471372
1687734727,498728
1687734727,503840
1687734727,526132
1687734727,526271
1687734727,538786
1687734727,548085
1687734727,558473
1687734727,563803
1687734727,588058
1687734727,591200
1687734727,614287
1687734727,627180
1687734727,645012
1687734727,649060
1687734727,666492
1687734727,672457
1687734727,673241
1687734727,677483
1687734727,686442
1687734727,686490
1687734727,689225
1687734727,692263
1687734727,701356
1687734728,364899
1687734728,366712
1687734728,366965
1687734728,382197
1687734728,386435
1687734728,390633
1687734728,403109
1687734728,409725
1687734728,410722
1687734728,433222
1687734728,442268
1687734728,464464
1687734728,476330
1687734728,502095
1687734728,504742
1687734728,536422
1687734728,537813
1687734728,564876
1687734728,569917
1687734728,571621
1687734728,571720
1687734728,599295
1687734728,601745
1687734728,625274
1687734728,639241
1687734728,644820
1687734728,656086
1687734728,659233
1687734728,665529
1687734728,677893
1687734728,679241
1687734728,688802
1687734728,690424
1687734728,690898
1687734728,692774
1687734728,696121
1687734729,355917
1687734729,367512
1687734729,369345
1687734729,375742
1687734729,377035
1687734729,393741
1687734729,395480
1687734729,407037
1687734729,407326
1687734729,411120
1687734729,425112
1687734729,440892
1687734729,461084
1687734729,471581
1687734729,475901
1687734729,496012
1687734729,504454
1687734729,535690
1687734729,566375
1687734729,580140
1687734729,599802
1687734729,602755
1687734729,605223
1687734729,605346
1687734729,633158
1687734729,664891
1687734729,666765
1687734729,686502
1687734729,687094
1687734729,699762
1687734730,367403
1687734730,369564
1687734730,376982
1687734730,385826
1687734730,394269
1687734730,419278
1687734730,430965
1687734730,442934
1687734730,453126
1687734730,460896
1687734730,473300
1687734730,497012
1687734730,497826
1687734730,501839
1687734730,518213
1687734730,528992
1687734730,540758
1687734730,560103
1687734730,575074
1687734730,602466
1687734730,637119
1687734730,640958
1687734730,641857
1687734730,656620
1687734730,663482
1687734730,666335
1687734730,678561
1687734730,678924
1687734730,691387
1687734730,692299
1687734730,699614
1687734731,373838
1687734731,376201
1687734731,376591
1687734731,376912
1687734731,379203
1687734731,383376
1687734731,392363
1687734731,396136
1687734731,398420
1687734731,402135
1687734731,409223
1687734731,418710
1687734731,423787
1687734731,449211
1687734731,450429
1687734731,478598
1687734731,481756
1687734731,485981
1687734731,514718
1687734731,521038
1687734731,523882
1687734731,524040
1687734731,550568
1687734731,551492
1687734731,556510
1687734731,584516
1687734731,590073
1687734731,613637
1687734731,620195
1687734731,621043
1687734731,650569
1687734731,652844
1687734731,665442
1687734731,670400
1687734731,680272
1687734731,684559
1687734731,689538
1687734731,690753
1687734731,694252
1687734731,694580
1687734732,367771
1687734732,369836
1687734732,372892
1687734732,385793
1687734732,388533
1687734732,397586
1687734732,419217
1687734732,420010
1687734732,420965
1687734732,425025
1687734732,453880
1687734732,457319
1687734732,461634
1687734732,478267
1687734732,482160
1687734732,495802
1687734732,516003
1687734732,518642
1687734732,557467
1687734732,559814
1687734732,581369
1687734732,585591
1687734732,594596
1687734732,618263
1687734732,630432
1687734732,647333
1687734732,649214
1687734732,670374
1687734732,671305
1687734732,685713
1687734732,691319
1687734732,691864
1687734732,696411
1687734732,699273
1687734733,367619
1687734733,375694
1687734733,376965
1687734733,380411
1687734733,386891
1687734733,391468
1687734733,399263
1687734733,414092
1687734733,432710
1687734733,434083
1687734733,443927
1687734733,455949
1687734733,460181
1687734733,467263
1687734733,492549
1687734733,508266
1687734733,526158
1687734733,543828
1687734733,549509
1687734733,585270
1687734733,590348
1687734733,612937
1687734733,628798
1687734733,656609
1687734733,657285
1687734733,670008
1687734733,670477
1687734733,670891
1687734733,674232
1687734733,686891
1687734733,691438
1687734733,692293
1687734733,698079
1687734733,698750
1687734733,698940
1687734734,366573
1687734734,367651
1687734734,373490
1687734734,377604
1687734734,379108
1687734734,380903
1687734734,394345
1687734734,399020
1687734734,399279
1687734734,405695
1687734734,436267
1687734734,442621
1687734734,469104
1687734734,476113
1687734734,493522
1687734734,503813
1687734734,526429
1687734734,542086
1687734734,554969
1687734734,565026
1687734734,570602
1687734734,573761
1687734734,582842
1687734734,598255
1687734734,606556
1687734734,650483
1687734734,651824
1687734734,656294
1687734734,668956
1687734734,675891
1687734734,680071
1687734734,681135
1687734734,692760
1687734734,692957
1687734734,695743
1687734734,696099
1687734734,697456
1687734734,703662
1687734735,364492
1687734735,369638
1687734735,375478
1687734735,378824
1687734735,382918
1687734735,382954
1687734735,385799
1687734735,389387
1687734735,393489
1687734735,398040
1687734735,407248
1687734735,411905
1687734735,434317
1687734735,434758
1687734735,436500
1687734735,438271
1687734735,472135
1687734735,472797
1687734735,498417
1687734735,503047
1687734735,532509
1687734735,535491
1687734735,568049
1687734735,571407
1687734735,571554
1687734735,605955
1687734735,606725
1687734735,639232
1687734735,641088
1687734735,658161
1687734735,659447
1687734735,668847
1687734735,682262
1687734735,684106
1687734735,685031
1687734735,691617
1687734735,696559
1687734736,368106
1687734736,375382
1687734736,378489
1687734736,379212
1687734736,382673
1687734736,406167
1687734736,413237
1687734736,420057
1687734736,445180
1687734736,461168
1687734736,470660
1687734736,499170
1687734736,506080
1687734736,512236
1687734736,523508
1687734736,530578
1687734736,532267
1687734736,532398
1687734736,539405
1687734736,546108
1687734736,572221
1687734736,597624
1687734736,599218
1687734736,605712
1687734736,607974
1687734736,622831
1687734736,630054
1687734736,639780
1687734736,663521
1687734736,664005
1687734736,675943
1687734736,680021
1687734736,682188
1687734736,683100
1687734736,686494
1687734736,687291
1687734736,694399
1687734736,696544
1687734736,696625
1687734737,366594
1687734737,371338
1687734737,373252
1687734737,373352
1687734737,373829
1687734737,386599
1687734737,390406
1687734737,392012
1687734737,401252
1687734737,405873
1687734737,415697
1687734737,444289
1687734737,459402
1687734737,482564
1687734737,490397
1687734737,497619
1687734737,506224
1687734737,543860
1687734737,555443
1687734737,579136
1687734737,598278
1687734737,609888
1687734737,614168
1687734737,630748
1687734737,634676
1687734737,641197
1687734737,644141
1687734737,664906
1687734737,680418
1687734737,688105
1687734737,688660
1687734737,695614
1687734737,697198
1687734738,362581
1687734738,377940
1687734738,380879
1687734738,381055
1687734738,394780
1687734738,400494
1687734738,422513
1687734738,423480
1687734738,447635
1687734738,448764
1687734738,483569
1687734738,486703
1687734738,515660
1687734738,517341
1687734738,517408
1687734738,519050
1687734738,521953
1687734738,546489
1687734738,546625
1687734738,552338
1687734738,584348
1687734738,588643
1687734738,592291
1687734738,616655
1687734738,620203
1687734738,621790
1687734738,628723
1687734738,644377
1687734738,650156
1687734738,654284
1687734738,669610
1687734738,674582
1687734738,682127
1687734738,686027
1687734738,690015
1687734738,692441
1687734738,694249
1687734738,694464
1687734738,695171
1687734739,368836
1687734739,370485
1687734739,372068
1687734739,372930
1687734739,373703
1687734739,375627
1687734739,392164
1687734739,393516
1687734739,398335
1687734739,404789
1687734739,416082
1687734739,421730
1687734739,425214
1687734739,445134
1687734739,446375
1687734739,450177
1687734739,458808
1687734739,482018
1687734739,482617
1687734739,511632
1687734739,522626
1687734739,541628
1687734739,553876
1687734739,581943
1687734739,587018
1687734739,619833
1687734739,622243
1687734739,632732
1687734739,651916
1687734739,671109
1687734739,671360
1687734739,682016
1687734739,682946
1687734739,683488
1687734739,685575
1687734739,687382
1687734739,693485
1687734740,358100
1687734740,367077
1687734740,374965
1687734740,385193
1687734740,386295
1687734740,389000
1687734740,402020
1687734740,405595
1687734740,410045
1687734740,412725
1687734740,425642
1687734740,439647
1687734740,472714
1687734740,490199
1687734740,499257
1687734740,526031
1687734740,539122
1687734740,542468
1687734740,558206
1687734740,574118
1687734740,578846
1687734740,595784
1687734740,600360
1687734740,622982
1687734740,638703
1687734740,646732
1687734740,652420
1687734740,666891
1687734740,667887
1687734740,669446
1687734740,677973
1687734740,687166
1687734740,689752
1687734740,689838
1687734740,690456
1687734740,695591
1687734740,699327
1687734741,370333
1687734741,377202
1687734741,384158
1687734741,386874
1687734741,393882
1687734741,404591
1687734741,407085
1687734741,423844
1687734741,433632
1687734741,437657
1687734741,439907
1687734741,459919
1687734741,464162
1687734741,469140
1687734741,469931
1687734741,471479
1687734741,495936
1687734741,497808
1687734741,503681
1687734741,528036
1687734741,539089
1687734741,560390
1687734741,562250
1687734741,565919
1687734741,600700
1687734741,605509
1687734741,607467
1687734741,630068
1687734741,639923
1687734741,656651
1687734741,658803
1687734741,670473
1687734741,678595
1687734741,686525
1687734741,689982
1687734741,700937
1687734742,355953
1687734742,364225
1687734742,369502
1687734742,374193
1687734742,385565
1687734742,386546
1687734742,405622
1687734742,407406
1687734742,408863
1687734742,435945
1687734742,437495
1687734742,447110
1687734742,460802
1687734742,461624
1687734742,462704
1687734742,472075
1687734742,500591
1687734742,531730
1687734742,537228
1687734742,538710
1687734742,564132
1687734742,568228
1687734742,570456
1687734742,570493
1687734742,571285
1687734742,600123
1687734742,603419
1687734742,632833
1687734742,638900
1687734742,658694
1687734742,661199
1687734742,670933
1687734742,679552
1687734742,681321
1687734742,688302
1687734742,689104
1687734742,697284
1687734743,365382
1687734743,367881
1687734743,371811
1687734743,372450
1687734743,374446
1687734743,384220
1687734743,388518
1687734743,389931
1687734743,402617
1687734743,416633
1687734743,424214
1687734743,437555
1687734743,453553
1687734743,477647
1687734743,478161
1687734743,491760
1687734743,493776
1687734743,506679
1687734743,511424
1687734743,524578
1687734743,524831
1687734743,535308
1687734743,545126
1687734743,575495
1687734743,599668
1687734743,607175
1687734743,624408
1687734743,629130
1687734743,631265
1687734743,634701
1687734743,639212
1687734743,654855
1687734743,663758
1687734743,679289
1687734743,688871
1687734743,690210
1687734743,692553
1687734743,696276
1687734743,696498
1687734743,699555
1687734744,360965
1687734744,366627
1687734744,369158
1687734744,376239
1687734744,379395
1687734744,390840
1687734744,396567
1687734744,397811
1687734744,401180
1687734744,416081
1687734744,417655
1687734744,449743
1687734744,461465
1687734744,476436
1687734744,486383
1687734744,488773
1687734744,514185
1687734744,521722
1687734744,548561
1687734744,567023
1687734744,578549
1687734744,587384
1687734744,596209
1687734744,612575
1687734744,616716
1687734744,625660
1687734744,645023
1687734744,659838
1687734744,661048
1687734744,663674
1687734744,668660
1687734744,676187
1687734744,682031
1687734744,682451
1687734744,683329
1687734744,695633
1687734744,697147
1687734745,364134
1687734745,373951
1687734745,376086
1687734745,381460
1687734745,387463
1687734745,400549
1687734745,416725
1687734745,419468
1687734745,420909
1687734745,426229
1687734745,445836
1687734745,450165
1687734745,451359
1687734745,463155
1687734745,474279
1687734745,484207
1687734745,509943
1687734745,513324
1687734745,516010
1687734745,521643
1687734745,548169
1687734745,585971
1687734745,588542
1687734745,613357
1687734745,618888
1687734745,624575
1687734745,646285
1687734745,648816
1687734745,653473
1687734745,671088
1687734745,675146
1687734745,687926
1687734745,688680
1687734745,690016
1687734745,690605
1687734745,696525
1687734746,365580
1687734746,366840
1687734746,372049
1687734746,376049
1687734746,380877
1687734746,387010
1687734746,400667
1687734746,411963
1687734746,427733
1687734746,446411
1687734746,462445
1687734746,481495
1687734746,488739
1687734746,490338
1687734746,514223
1687734746,519647
1687734746,547635
1687734746,552690
1687734746,574941
1687734746,590644
1687734746,591110
1687734746,612176
1687734746,621833
1687734746,627388
1687734746,645618
1687734746,646421
1687734746,671037
1687734746,671976
1687734746,674233
1687734746,682449
1687734746,687891
1687734746,688463
1687734746,690006
1687734746,692736
1687734746,699049
1687734746,702990
1687734747,372027
1687734747,373018
1687734747,379669
1687734747,379722
1687734747,393207
1687734747,396864
1687734747,410102
1687734747,411121
1687734747,413443
1687734747,428987
1687734747,431647
1687734747,436000
1687734747,441638
1687734747,464263
1687734747,469297
1687734747,487633
1687734747,500511
1687734747,501741
1687734747,509478
1687734747,527887
1687734747,528167
1687734747,536745
1687734747,545862
1687734747,560668
1687734747,565897
1687734747,591888
1687734747,593080
1687734747,603656
1687734747,612180
1687734747,614548
1687734747,618865
1687734747,629040
1687734747,643185
1687734747,650494
1687734747,665265
1687734747,677325
1687734747,685956
1687734747,687149
1687734747,689791
1687734747,692636
1687734747,701011
1687734748,365048
1687734748,366781
1687734748,367617
1687734748,381391
1687734748,386077
1687734748,387522
1687734748,389313
1687734748,409494
1687734748,411049
1687734748,431513
1687734748,432574
1687734748,444295
1687734748,466447
1687734748,474505
1687734748,485822
1687734748,502642
1687734748,503771
1687734748,506478
1687734748,533985
1687734748,537744
1687734748,539578
1687734748,567156
1687734748,569474
1687734748,569642
1687734748,601385
1687734748,621168
1687734748,626897
1687734748,637523
1687734748,640902
1687734748,657652
1687734748,660794
1687734748,664135
1687734748,671091
1687734748,677203
1687734748,678899
1687734748,680281
1687734748,687075
1687734748,687711
1687734748,690935
1687734748,691003
1687734748,691132
1687734748,692690
1687734748,695641
1687734749,366778
1687734749,367995
1687734749,370042
1687734749,375495
1687734749,376888
1687734749,377144
1687734749,392773
1687734749,394271
1687734749,394816
1687734749,406005
1687734749,408580
1687734749,410798
1687734749,412601
1687734749,423361
1687734749,442764
1687734749,459167
1687734749,462112
1687734749,469610
1687734749,478019
1687734749,529935
1687734749,537762
1687734749,564042
1687734749,568086
1687734749,582548
1687734749,597859
1687734749,600879
1687734749,607145
1687734749,634819
1687734749,639777
1687734749,643225
1687734749,656804
1687734749,665207
1687734749,676704
1687734749,679036
1687734749,686728
1687734749,700203
1687734750,369166
1687734750,369660
1687734750,373794
1687734750,376299
1687734750,385078
1687734750,395467
1687734750,421264
1687734750,424507
1687734750,429420
1687734750,444687
1687734750,451104
1687734750,454916
1687734750,475359
1687734750,494861
1687734750,495599
1687734750,503780
1687734750,520251
1687734750,526904
1687734750,542859
1687734750,557839
1687734750,561005
1687734750,564799
1687734750,577062
1687734750,600481
1687734750,607191
1687734750,638812
1687734750,642565
1687734750,652676
1687734750,654860
1687734750,664750
1687734750,666065
1687734750,667633
1687734750,677405
1687734750,679780
1687734750,682051
1687734750,691648
1687734750,692096
1687734750,696015
1687734750,699596
1687734751,367663
1687734751,371810
1687734751,372696
1687734751,372971
1687734751,376033
1687734751,376717
1687734751,377502
1687734751,377733
1687734751,378362
1687734751,382684
1687734751,393758
1687734751,395033
1687734751,399336
1687734751,400701
1687734751,420631
1687734751,437259
1687734751,447171
1687734751,452391
1687734751,480773
1687734751,483662
1687734751,483876
1687734751,516468
1687734751,518989
1687734751,521839
1687734751,539858
1687734751,553690
1687734751,554162
1687734751,586817
1687734751,587884
1687734751,615467
1687734751,621864
1687734751,626689
1687734751,639980
1687734751,651489
1687734751,651975
1687734751,664333
1687734751,671583
1687734751,671888
1687734751,677604
1687734751,680655
1687734751,683452
1687734751,689291
1687734751,690244
1687734751,694133
1687734751,695074
1687734751,696544
1687734752,367783
1687734752,369438
1687734752,386632
1687734752,386993
1687734752,387507
1687734752,399219
1687734752,417545
1687734752,421783
1687734752,423210
1687734752,451912
1687734752,458941
1687734752,463699
1687734752,475956
1687734752,494420
1687734752,497696
1687734752,516424
1687734752,517976
1687734752,552949
1687734752,557808
1687734752,559500
1687734752,583350
1687734752,583473
1687734752,596416
1687734752,620202
1687734752,628224
1687734752,644086
1687734752,645539
1687734752,650859
1687734752,670043
1687734752,686373
1687734752,690608
1687734752,691814
1687734752,691830
1687734752,698106
1687734752,699460
1687734753,367924
1687734753,377897
1687734753,380053
1687734753,392090
1687734753,400947
1687734753,412613
1687734753,434359
1687734753,436227
1687734753,442084
1687734753,457766
1687734753,462268
1687734753,465281
1687734753,506096
1687734753,528129
1687734753,541854
1687734753,547289
1687734753,582934
1687734753,592350
1687734753,611103
1687734753,630682
1687734753,655560
1687734753,657900
1687734753,668865
1687734753,669997
1687734753,670907
1687734753,672680
1687734753,673604
1687734753,687499
1687734753,691819
1687734753,692348
1687734753,698913
1687734754,366086
1687734754,368377
1687734754,372669
1687734754,378504
1687734754,379126
1687734754,382304
1687734754,400797
1687734754,404502
1687734754,438077
1687734754,440429
1687734754,462351
1687734754,471132
1687734754,474048
1687734754,495576
1687734754,501576
1687734754,528507
1687734754,539859
1687734754,557034
1687734754,567166
1687734754,569364
1687734754,571875
1687734754,572823
1687734754,580540
1687734754,604735
1687734754,652198
1687734754,657633
1687734754,667459
1687734754,676875
1687734754,679430
1687734754,680373
1687734754,693271
1687734754,693433
1687734754,695487
1687734754,695908
1687734754,697723
1687734754,703876
1687734755,364577
1687734755,368999
1687734755,375662
1687734755,379078
1687734755,382765
1687734755,384115
1687734755,389778
1687734755,392334
1687734755,396448
1687734755,409082
1687734755,413431
1687734755,432494
1687734755,436600
1687734755,436690
1687734755,438540
1687734755,459584
1687734755,470997
1687734755,473977
1687734755,496241
1687734755,505230
1687734755,530171
1687734755,530352
1687734755,537265
1687734755,569124
1687734755,570219
1687734755,604557
1687734755,608001
1687734755,620821
1687734755,638832
1687734755,640949
1687734755,659431
1687734755,660878
1687734755,667411
1687734755,684355
1687734755,692207
1687734756,369036
1687734756,374633
1687734756,375875
1687734756,377707
1687734756,378138
1687734756,382076
1687734756,385693
1687734756,405112
1687734756,414806
1687734756,417368
1687734756,418541
1687734756,447306
1687734756,459156
1687734756,472667
1687734756,497025
1687734756,508135
1687734756,514162
1687734756,521313
1687734756,532631
1687734756,541528
1687734756,548370
1687734756,563787
1687734756,574520
1687734756,595444
1687734756,597406
1687734756,605711
1687734756,607785
1687734756,629488
1687734756,631760
1687734756,641663
1687734756,661238
1687734756,662500
1687734756,665904
1687734756,681898
1687734756,682887
1687734756,686065
1687734756,686125
1687734756,691986
1687734756,694362
1687734756,697202
1687734756,697331
1687734757,366169
1687734757,371587
1687734757,373630
1687734757,386007
1687734757,391441
1687734757,393569
1687734757,400061
1687734757,404342
1687734757,412434
1687734757,446079
1687734757,457506
1687734757,480229
1687734757,488053
1687734757,495807
1687734757,508151
1687734757,520902
1687734757,545866
1687734757,553472
1687734757,581198
1687734757,596409
1687734757,611655
1687734757,616027
1687734757,628886
1687734757,632559
1687734757,642658
1687734757,661702
1687734757,679136
1687734757,688778
1687734757,689109
1687734757,697315
1687734758,362885
1687734758,377906
1687734758,380162
1687734758,381387
1687734758,393829
1687734758,401681
1687734758,405476
1687734758,420847
1687734758,425551
1687734758,446484
1687734758,449686
1687734758,485678
1687734758,488609
1687734758,493967
1687734758,515270
1687734758,515520
1687734758,517723
1687734758,519944
1687734758,544091
1687734758,548756
1687734758,550194
1687734758,586349
1687734758,590061
1687734758,590771
1687734758,618269
1687734758,618433
1687734758,619814
1687734758,645828
1687734758,645937
1687734758,648394
1687734758,652808
1687734758,670953
1687734758,673548
1687734758,683113
1687734758,686973
1687734758,687009
1687734758,690426
1687734758,691724
1687734758,694215
1687734758,694422
1687734758,694658
1687734759,369321
1687734759,370494
1687734759,371470
1687734759,374739
1687734759,375400
1687734759,377826
1687734759,390828
1687734759,392536
1687734759,399199
1687734759,405913
1687734759,414676
1687734759,419615
1687734759,426911
1687734759,443469
1687734759,444366
1687734759,452196
1687734759,460733
1687734759,480510
1687734759,484090
1687734759,492205
1687734759,509268
1687734759,524517
1687734759,539463
1687734759,552183
1687734759,555878
1687734759,579590
1687734759,589276
1687734759,617951
1687734759,624001
1687734759,653160
1687734759,659973
1687734759,672304
1687734759,680540
1687734759,682218
1687734759,683914
1687734759,686086
1687734759,693796
1687734759,702861
1687734760,357967
1687734760,360685
1687734760,367196
1687734760,373028
1687734760,374424
1687734760,384635
1687734760,385451
1687734760,387437
1687734760,388104
1687734760,403778
1687734760,408505
1687734760,410653
1687734760,425678
1687734760,427497
1687734760,437840
1687734760,465461
1687734760,470892
1687734760,501016
1687734760,507450
1687734760,528063
1687734760,536685
1687734760,540447
1687734760,560351
1687734760,572058
1687734760,576586
1687734760,597684
1687734760,602482
1687734760,612607
1687734760,624624
1687734760,636774
1687734760,644813
1687734760,653910
1687734760,665765
1687734760,666353
1687734760,670741
1687734760,678872
1687734760,686493
1687734760,689531
1687734760,689652
1687734760,689700
1687734760,690620
1687734760,695162
1687734760,696116
1687734760,698979
1687734761,367190
1687734761,370968
1687734761,376926
1687734761,383010
1687734761,387673
1687734761,394968
1687734761,404424
1687734761,406080
1687734761,408978
1687734761,431616
1687734761,437995
1687734761,439397
1687734761,461945
1687734761,467610
1687734761,469442
1687734761,471209
1687734761,497741
1687734761,501620
1687734761,530228
1687734761,536877
1687734761,562833
1687734761,564239
1687734761,566018
1687734761,600172
1687734761,605297
1687734761,631846
1687734761,634508
1687734761,638131
1687734761,660123
1687734761,668942
1687734761,677671
1687734761,686926
1687734761,690731
1687734761,699653
1687734761,701154
1687734762,356005
1687734762,363641
1687734762,369069
1687734762,374749
1687734762,384299
1687734762,385007
1687734762,387940
1687734762,391839
1687734762,404146
1687734762,410718
1687734762,434066
1687734762,439345
1687734762,458949
1687734762,460744
1687734762,474211
1687734762,498802
1687734762,499737
1687734762,533860
1687734762,535243
1687734762,562220
1687734762,562868
1687734762,568338
1687734762,572652
1687734762,573385
1687734762,597896
1687734762,607497
1687734762,634490
1687734762,636917
1687734762,656909
1687734762,662651
1687734762,667211
1687734762,669604
1687734762,680555
1687734762,680560
1687734762,683699
1687734762,688468
1687734762,689073
1687734762,697268
1687734763,365408
1687734763,366626
1687734763,371867
1687734763,372317
1687734763,375422
1687734763,384933
1687734763,389631
1687734763,390708
1687734763,401312
1687734763,418498
1687734763,422912
1687734763,439557
1687734763,448928
1687734763,451572
1687734763,480148
1687734763,483942
1687734763,489835
1687734763,491463
1687734763,508696
1687734763,513315
1687734763,522845
1687734763,537384
1687734763,547148
1687734763,577711
1687734763,597716
1687734763,609112
1687734763,622295
1687734763,626859
1687734763,636270
1687734763,646471
1687734763,653304
1687734763,665106
1687734763,679987
1687734763,681541
1687734763,687525
1687734763,690857
1687734763,692348
1687734763,696009
1687734763,696933
1687734763,697103
1687734764,360570
1687734764,369097
1687734764,375005
1687734764,380247
1687734764,392400
1687734764,393493
1687734764,396623
1687734764,399880
1687734764,414136
1687734764,419453
1687734764,422481
1687734764,451503
1687734764,459288
1687734764,478432
1687734764,479693
1687734764,484331
1687734764,486402
1687734764,516277
1687734764,519387
1687734764,522358
1687734764,550810
1687734764,564553
1687734764,580805
1687734764,585590
1687734764,594005
1687734764,614374
1687734764,618464
1687734764,623085
1687734764,641105
1687734764,645630
1687734764,659718
1687734764,664919
1687734764,670068
1687734764,674961
1687734764,681629
1687734764,681813
1687734764,683900
1687734764,695616
1687734765,363797
1687734765,376579
1687734765,382021
1687734765,386716
1687734765,398132
1687734765,418001
1687734765,418357
1687734765,427899
1687734765,443982
1687734765,452295
1687734765,453323
1687734765,472143
1687734765,486250
1687734765,514024
1687734765,515210
1687734765,523605
1687734765,546199
1687734765,554160
1687734765,583901
1687734765,590471
1687734765,592703
1687734765,615212
1687734765,616912
1687734765,626355
1687734765,643563
1687734765,647621
1687734765,651628
1687734765,669788
1687734765,674145
1687734765,688573
1687734765,688983
1687734765,689681
1687734765,690838
1687734765,696214
1687734766,369866
1687734766,372577
1687734766,377072
1687734766,380202
1687734766,385671
1687734766,401828
1687734766,410100
1687734766,422327
1687734766,429717
1687734766,444498
1687734766,464594
1687734766,479247
1687734766,492287
1687734766,507802
1687734766,511820
1687734766,521515
1687734766,543679
1687734766,545427
1687734766,554682
1687734766,572596
1687734766,588968
1687734766,610171
1687734766,619913
1687734766,629092
1687734766,645062
1687734766,650356
1687734766,654203
1687734766,669587
1687734766,673112
1687734766,678520
1687734766,683036
1687734766,686917
1687734766,688007
1687734766,689679
1687734766,693470
1687734766,699099
1687734767,372154
1687734767,373175
1687734767,378578
1687734767,380793
1687734767,392207
1687734767,398336
1687734767,408836
1687734767,411636
1687734767,412489
1687734767,430911
1687734767,434152
1687734767,439378
1687734767,466131
1687734767,499605
1687734767,502305
1687734767,529630
1687734767,530054
1687734767,534778
1687734767,540999
1687734767,562869
1687734767,568020
1687734767,593850
1687734767,594935
1687734767,605528
1687734767,610069
1687734767,616637
1687734767,630845
1687734767,641374
1687734767,651930
1687734767,663992
1687734767,675160
1687734767,677203
1687734767,678026
1687734767,685410
1687734767,687732
1687734767,690279
1687734767,692980
1687734767,700668
1687734768,365253
1687734768,368284
1687734768,380565
1687734768,386933
1687734768,388018
1687734768,388607
1687734768,408212
1687734768,412402
1687734768,429858
1687734768,430814
1687734768,446275
1687734768,468450
1687734768,472694
1687734768,500517
1687734768,505378
1687734768,508538
1687734768,531552
1687734768,535555
1687734768,541381
1687734768,567251
1687734768,567728
1687734768,569449
1687734768,602422
1687734768,603447
1687734768,628513
1687734768,635784
1687734768,638983
1687734768,659154
1687734768,662318
1687734768,662710
1687734768,672154
1687734768,679902
1687734768,686309
1687734768,686571
1687734768,690984
1687734768,691558
1687734768,692823
1687734768,695190
1687734769,366076
1687734769,367801
1687734769,370758
1687734769,375222
1687734769,376729
1687734769,393008
1687734769,395834
1687734769,404706
1687734769,410150
1687734769,414111
1687734769,421648
1687734769,444598
1687734769,457268
1687734769,463991
1687734769,467645
1687734769,480169
1687734769,527578
1687734769,539872
1687734769,561686
1687734769,570440
1687734769,584917
1687734769,595941
1687734769,599004
1687734769,608953
1687734769,636493
1687734769,637640
1687734769,641538
1687734769,649964
1687734769,658110
1687734769,663623
1687734769,677470
1687734769,678040
1687734769,683267
1687734769,687654
1687734769,691638
1687734769,700659
1687734770,368841
1687734770,374223
1687734770,375422
1687734770,377349
1687734770,384352
1687734770,386042
1687734770,396680
1687734770,403537
1687734770,423244
1687734770,446459
1687734770,449114
1687734770,452618
1687734770,477467
1687734770,492699
1687734770,505733
1687734770,522295
1687734770,544948
1687734770,555605
1687734770,558966
1687734770,579086
1687734770,598430
1687734770,609144
1687734770,640484
1687734770,644131
1687734770,653110
1687734770,666035
1687734770,668871
1687734770,676217
1687734770,680665
1687734770,691890
1687734770,692296
1687734770,695447
1687734770,699482
1687734771,367516
1687734771,367965
1687734771,371612
1687734771,372634
1687734771,377562
1687734771,378455
1687734771,378548
1687734771,393953
1687734771,395189
1687734771,399241
1687734771,399289
1687734771,400305
1687734771,400873
1687734771,420885
1687734771,422576
1687734771,439255
1687734771,445160
1687734771,454404
1687734771,481797
1687734771,482930
1687734771,485561
1687734771,516905
1687734771,518219
1687734771,542117
1687734771,551803
1687734771,555881
1687734771,585675
1687734771,589118
1687734771,617273
1687734771,618841
1687734771,623513
1687734771,623572
1687734771,624649
1687734771,641828
1687734771,650142
1687734771,653350
1687734771,663155
1687734771,673288
1687734771,681048
1687734771,682275
1687734771,689032
1687734771,689718
1687734771,692112
1687734771,693957
1687734771,695530
1687734771,696685
1687734772,367843
1687734772,369063
1687734772,373038
1687734772,382010
1687734772,386492
1687734772,387483
1687734772,392279
1687734772,415890
1687734772,418954
1687734772,421452
1687734772,423606
1687734772,449967
1687734772,460581
1687734772,465762
1687734772,473585
1687734772,476881
1687734772,490928
1687734772,496353
1687734772,499605
1687734772,514222
1687734772,517472
1687734772,519987
1687734772,555345
1687734772,555788
1687734772,581074
1687734772,585521
1687734772,586251
1687734772,598201
1687734772,622145
1687734772,625991
1687734772,643732
1687734772,652505
1687734772,654520
1687734772,668780
1687734772,672703
1687734772,675682
1687734772,686996
1687734772,689852
1687734772,691740
1687734772,699581
1687734773,365692
1687734773,368287
1687734773,369164
1687734773,373397
1687734773,378882
1687734773,379708
1687734773,392714
1687734773,411152
1687734773,420224
1687734773,433390
1687734773,436002
1687734773,438402
1687734773,440303
1687734773,459653
1687734773,463317
1687734773,464329
1687734773,499369
1687734773,503967
1687734773,530086
1687734773,539950
1687734773,545034
1687734773,580625
1687734773,594332
1687734773,607872
1687734773,609285
1687734773,618294
1687734773,632591
1687734773,653724
1687734773,659145
1687734773,669112
1687734773,671826
1687734773,672957
1687734773,673944
1687734773,684377
1687734773,686125
1687734773,688065
1687734773,691318
1687734773,693232
1687734773,698063
1687734773,699006
1687734774,363411
1687734774,365697
1687734774,371892
1687734774,375903
1687734774,379126
1687734774,379429
1687734774,383720
1687734774,402357
1687734774,403201
1687734774,403346
1687734774,438226
1687734774,439922
1687734774,460582
1687734774,467217
1687734774,472008
1687734774,473171
1687734774,489573
1687734774,491971
1687734774,497662
1687734774,530596
1687734774,559070
1687734774,569328
1687734774,569995
1687734774,575089
1687734774,578236
1687734774,602077
1687734774,602941
1687734774,648064
1687734774,653922
1687734774,658429
1687734774,658986
1687734774,665936
1687734774,677809
1687734774,678735
1687734774,679566
1687734774,681282
1687734774,693771
1687734774,693876
1687734774,695235
1687734774,695721
1687734774,697929
1687734774,704021
1687734775,360915
1687734775,364724
1687734775,366896
1687734775,368458
1687734775,379419
1687734775,382594
1687734775,385389
1687734775,390217
1687734775,391309
1687734775,394922
1687734775,398759
1687734775,410988
1687734775,414961
1687734775,430715
1687734775,435137
1687734775,438424
1687734775,440607
1687734775,457575
1687734775,469231
1687734775,475812
1687734775,494064
1687734775,494181
1687734775,507392
1687734775,528158
1687734775,566829
1687734775,572378
1687734775,598127
1687734775,601524
1687734775,602433
1687734775,610034
1687734775,636535
1687734775,642605
1687734775,660702
1687734775,662269
1687734775,665954
1687734775,675328
1687734775,683284
1687734775,683634
1687734775,684233
1687734775,688360
1687734775,692836
1687734776,365406
1687734776,367486
1687734776,370023
1687734776,376451
1687734776,376919
1687734776,377095
1687734776,381481
1687734776,383680
1687734776,383976
1687734776,404083
1687734776,416401
1687734776,417105
1687734776,449467
1687734776,457131
1687734776,474665
1687734776,494911
1687734776,510167
1687734776,516105
1687734776,519112
1687734776,525649
1687734776,527976
1687734776,534702
1687734776,543672
1687734776,550643
1687734776,561660
1687734776,576830
1687734776,583295
1687734776,593246
1687734776,595571
1687734776,603424
1687734776,609868
1687734776,627713
1687734776,633437
1687734776,633506
1687734776,643525
1687734776,660894
1687734776,662644
1687734776,666898
1687734776,680691
1687734776,683555
1687734776,684781
1687734776,685699
1687734776,694265
1687734776,696596
1687734776,697402
1687734776,697763
1687734776,698055
1687734777,365759
1687734777,371884
1687734777,374012
1687734777,385448
1687734777,392503
1687734777,395138
1687734777,398884
1687734777,402873
1687734777,412232
1687734777,419107
1687734777,424014
1687734777,427900
1687734777,447926
1687734777,455620
1687734777,477895
1687734777,481698
1687734777,485709
1687734777,494001
1687734777,510113
1687734777,524846
1687734777,547908
1687734777,594535
1687734777,613405
1687734777,617865
1687734777,626963
1687734777,630436
1687734777,644142
1687734777,647468
1687734777,659839
1687734777,672494
1687734777,677796
1687734777,688884
1687734777,690052
1687734778,363223
1687734778,377874
1687734778,379259
1687734778,381956
1687734778,392930
1687734778,402923
1687734778,419218
1687734778,427589
1687734778,444179
1687734778,451774
1687734778,482022
1687734778,487782
1687734778,490491
1687734778,493406
1687734778,513135
1687734778,513633
1687734778,517918
1687734778,519742
1687734778,522806
1687734778,541692
1687734778,548040
1687734778,550862
1687734778,587782
1687734778,588375
1687734778,592844
1687734778,616323
1687734778,617822
1687734778,620210
1687734778,646563
1687734778,647480
1687734778,651289
1687734778,672231
1687734778,684075
1687734778,686555
1687734778,688023
1687734778,690976
1687734778,693614
1687734778,693922
1687734778,695043
1687734779,367779
1687734779,369838
1687734779,370535
1687734779,370891
1687734779,375210
1687734779,375813
1687734779,375879
1687734779,378962
1687734779,389560
1687734779,391554
1687734779,392656
1687734779,400102
1687734779,407106
1687734779,413292
1687734779,417548
1687734779,428617
1687734779,441822
1687734779,442324
1687734779,454288
1687734779,462684
1687734779,478413
1687734779,486192
1687734779,494194
1687734779,506914
1687734779,526372
1687734779,537304
1687734779,557924
1687734779,577242
1687734779,591481
1687734779,616057
1687734779,625047
1687734779,625758
1687734779,654417
1687734779,673520
1687734779,679007
1687734779,681461
1687734779,684349
1687734779,686615
1687734779,694114
1687734779,702703
1687734780,357953
1687734780,367378
1687734780,373144
1687734780,373905
1687734780,384044
1687734780,384087
1687734780,387262
1687734780,388568
1687734780,402672
1687734780,405561
1687734780,407049
1687734780,408606
1687734780,429363
1687734780,436107
1687734780,467827
1687734780,469092
1687734780,502742
1687734780,505451
1687734780,530070
1687734780,532494
1687734780,534254
1687734780,538421
1687734780,561569
1687734780,562521
1687734780,569984
1687734780,574348
1687734780,599574
1687734780,604556
1687734780,610685
1687734780,626231
1687734780,634875
1687734780,642868
1687734780,655401
1687734780,664620
1687734780,664786
1687734780,672019
1687734780,679776
1687734780,685822
1687734780,688952
1687734780,689533
1687734780,691381
1687734780,694723
1687734780,698597
1687734781,370125
1687734781,371635
1687734781,376701
1687734781,381890
1687734781,388487
1687734781,396082
1687734781,403309
1687734781,407602
1687734781,410861
1687734781,429632
1687734781,436099
1687734781,441152
1687734781,463972
1687734781,465290
1687734781,467399
1687734781,473256
1687734781,499577
1687734781,499582
1687734781,534662
1687734781,539067
1687734781,563791
1687734781,565323
1687734781,566265
1687734781,567183
1687734781,603133
1687734781,604131
1687734781,633641
1687734781,636291
1687734781,655699
1687734781,661417
1687734781,667193
1687734781,667395
1687734781,676707
1687734781,679396
1687734781,687307
1687734781,689024
1687734781,690328
1687734781,699730
1687734781,701359
1687734782,356084
1687734782,363100
1687734782,368681
1687734782,375388
1687734782,383064
1687734782,384264
1687734782,389302
1687734782,390957
1687734782,402718
1687734782,412586
1687734782,432172
1687734782,441255
1687734782,457143
1687734782,458815
1687734782,476410
1687734782,497050
1687734782,501683
1687734782,533253
1687734782,536036
1687734782,543332
1687734782,560326
1687734782,560925
1687734782,566206
1687734782,574857
1687734782,575491
1687734782,595621
1687734782,599592
1687734782,609487
1687734782,624641
1687734782,634899
1687734782,636160
1687734782,636228
1687734782,655069
1687734782,664065
1687734782,668168
1687734782,668344
1687734782,679742
1687734782,681505
1687734782,688607
1687734782,689039
1687734782,697199
1687734783,365421
1687734783,365445
1687734783,371363
1687734783,372904
1687734783,376464
1687734783,385124
1687734783,385637
1687734783,390793
1687734783,391515
1687734783,399983
1687734783,420380
1687734783,421348
1687734783,441558
1687734783,449625
1687734783,450768
1687734783,482122
1687734783,487919
1687734783,489181
1687734783,504043
1687734783,510700
1687734783,515204
1687734783,519822
1687734783,520872
1687734783,539460
1687734783,549146
1687734783,579884
1687734783,595718
1687734783,611045
1687734783,620159
1687734783,637837
1687734783,647908
1687734783,651735
1687734783,666399
1687734783,673745
1687734783,680655
1687734783,681046
1687734783,686132
1687734783,691458
1687734783,692165
1687734783,697316
1687734784,360234
1687734784,361170
1687734784,369135
1687734784,373851
1687734784,375471
1687734784,381115
1687734784,393962
1687734784,395440
1687734784,397920
1687734784,398653
1687734784,420014
1687734784,420765
1687734784,421299
1687734784,453289
1687734784,457128
1687734784,480389
1687734784,482262
1687734784,484059
1687734784,517005
1687734784,518355
1687734784,520129
1687734784,537689
1687734784,553059
1687734784,562076
1687734784,583029
1687734784,583783
1687734784,591799
1687734784,616108
1687734784,620226
1687734784,621489
1687734784,647191
1687734784,658357
1687734784,666150
1687734784,671484
1687734784,678849
1687734784,681139
1687734784,681225
1687734784,684429
1687734784,690902
1687734784,695619
1687734784,697008
1687734785,363537
1687734785,377080
1687734785,382585
1687734785,385966
1687734785,399704
1687734785,416544
1687734785,417046
1687734785,429586
1687734785,442146
1687734785,454432
1687734785,455265
1687734785,470022
1687734785,488270
1687734785,493129
1687734785,494244
1687734785,511985
1687734785,517080
1687734785,525531
1687734785,544245
1687734785,556102
1687734785,581883
1687734785,592322
1687734785,614938
1687734785,628110
1687734785,648919
1687734785,649767
1687734785,668445
1687734785,673142
1687734785,674207
1687734785,688475
1687734785,689347
1687734785,690024
1687734785,691082
1687734785,695851
1687734786,372908
1687734786,373158
1687734786,378174
1687734786,379554
1687734786,384395
1687734786,399859
1687734786,403032
1687734786,408278
1687734786,414113
1687734786,435154
1687734786,442624
1687734786,466754
1687734786,505697
1687734786,509392
1687734786,541531
1687734786,543201
1687734786,556709
1687734786,570244
1687734786,586828
1687734786,608141
1687734786,617974
1687734786,630812
1687734786,641465
1687734786,643684
1687734786,651871
1687734786,668120
1687734786,676088
1687734786,685916
1687734786,687546
1687734786,689272
1687734786,694145
1687734786,699102
1687734787,372322
1687734787,373440
1687734787,377470
1687734787,381886
1687734787,391252
1687734787,407578
1687734787,409850
1687734787,413934
1687734787,427554
1687734787,432336
1687734787,432837
1687734787,437117
1687734787,465152
1687734787,468032
1687734787,491504
1687734787,497424
1687734787,504110
1687734787,531417
1687734787,532829
1687734787,565112
1687734787,570164
1687734787,595739
1687734787,596765
1687734787,607350
1687734787,607923
1687734787,614353
1687734787,632558
1687734787,639575
1687734787,653354
1687734787,662660
1687734787,677090
1687734787,682251
1687734787,683582
1687734787,684792
1687734787,688221
1687734787,690711
1687734787,693283
1687734787,700315
1687734788,365483
1687734788,368977
1687734788,379762
1687734788,386758
1687734788,387804
1687734788,389715
1687734788,406877
1687734788,413759
1687734788,419997
1687734788,428197
1687734788,429118
1687734788,431725
1687734788,448222
1687734788,470459
1687734788,470886
1687734788,489950
1687734788,498350
1687734788,506936
1687734788,529130
1687734788,533383
1687734788,543210
1687734788,551497
1687734788,565097
1687734788,565891
1687734788,571720
1687734788,593993
1687734788,605483
1687734788,617055
1687734788,630155
1687734788,634030
1687734788,637051
1687734788,660625
1687734788,661225
1687734788,663802
1687734788,677025
1687734788,680849
1687734788,685367
1687734788,685824
1687734788,691041
1687734788,692080
1687734788,692905
1687734788,694718
1687734789,365404
1687734789,367650
1687734789,371489
1687734789,374919
1687734789,376575
1687734789,391692
1687734789,396846
1687734789,403390
1687734789,411758
1687734789,446427
1687734789,455368
1687734789,465735
1687734789,465859
1687734789,482343
1687734789,525212
1687734789,541958
1687734789,559327
1687734789,572797
1687734789,587232
1687734789,597081
1687734789,610773
1687734789,635501
1687734789,638152
1687734789,639717
1687734789,652356
1687734789,656872
1687734789,659372
1687734789,662021
1687734789,678260
1687734789,691296
1687734789,695699
1687734789,701097
1687734790,368199
1687734790,368593
1687734790,374604
1687734790,374630
1687734790,377597
1687734790,383612
1687734790,397898
1687734790,401607
1687734790,425194
1687734790,426397
1687734790,441252
1687734790,447154
1687734790,448243
1687734790,450372
1687734790,479608
1687734790,490535
1687734790,491154
1687734790,507673
1687734790,514809
1687734790,522787
1687734790,524341
1687734790,547066
1687734790,553374
1687734790,556897
1687734790,581151
1687734790,596339
1687734790,611019
1687734790,616862
1687734790,642169
1687734790,645652
1687734790,651358
1687734790,667353
1687734790,670030
1687734790,674986
1687734790,681525
1687734790,688791
1687734790,692124
1687734790,692448
1687734790,694830
1687734790,699281
1687734791,365263
1687734791,368341
1687734791,370581
1687734791,373545
1687734791,376784
1687734791,379394
1687734791,379468
1687734791,382317
1687734791,392902
1687734791,397884
1687734791,401340
1687734791,415643
1687734791,419447
1687734791,424536
1687734791,443175
1687734791,456467
1687734791,479712
1687734791,517789
1687734791,519967
1687734791,544334
1687734791,549454
1687734791,558052
1687734791,583463
1687734791,591379
1687734791,619083
1687734791,622640
1687734791,625162
1687734791,643619
1687734791,648798
1687734791,654767
1687734791,661872
1687734791,674657
1687734791,681061
1687734791,681452
1687734791,689162
1687734791,692348
1687734791,693761
1687734791,695969
1687734791,696796
1687734792,367933
1687734792,368731
1687734792,373128
1687734792,381321
1687734792,385499
1687734792,388352
1687734792,390723
1687734792,402587
1687734792,414247
1687734792,419725
1687734792,425440
1687734792,448033
1687734792,462210
1687734792,467805
1687734792,471192
1687734792,474677
1687734792,485057
1687734792,501541
1687734792,512029
1687734792,522057
1687734792,557766
1687734792,578747
1687734792,579216
1687734792,584011
1687734792,587522
1687734792,594657
1687734792,599984
1687734792,623767
1687734792,624106
1687734792,641914
1687734792,654123
1687734792,667467
1687734792,673818
1687734792,674303
1687734792,687578
1687734792,689062
1687734792,691618
1687734792,699648
1687734793,366381
1687734793,368705
1687734793,369968
1687734793,379353
1687734793,379926
1687734793,391788
1687734793,393352
1687734793,404400
1687734793,409679
1687734793,422136
1687734793,437644
1687734793,438554
1687734793,440601
1687734793,461371
1687734793,461523
1687734793,466398
1687734793,476987
1687734793,501849
1687734793,519394
1687734793,532054
1687734793,532696
1687734793,538071
1687734793,542785
1687734793,563704
1687734793,578326
1687734793,596308
1687734793,605719
1687734793,607492
1687734793,619931
1687734793,634468
1687734793,651802
1687734793,660335
1687734793,668228
1687734793,672271
1687734793,672734
1687734793,675162
1687734793,685053
1687734793,685425
1687734793,688588
1687734793,690817
1687734793,694065
1687734793,697971
1687734793,699043
1687734794,363400
1687734794,365436
1687734794,367062
1687734794,371128
1687734794,379110
1687734794,380333
1687734794,383584
1687734794,385154
1687734794,401715
1687734794,402230
1687734794,403942
1687734794,436059
1687734794,440237
1687734794,441798
1687734794,458845
1687734794,469962
1687734794,475219
1687734794,497190
1687734794,499791
1687734794,535568
1687734794,540909
1687734794,561106
1687734794,565010
1687734794,568118
1687734794,571504
1687734794,575950
1687734794,577395
1687734794,601179
1687734794,603993
1687734794,634214
1687734794,637863
1687734794,646110
1687734794,655634
1687734794,660362
1687734794,664375
1687734794,665494
1687734794,673214
1687734794,678012
1687734794,678689
1687734794,678740
1687734794,694290
1687734794,694992
1687734794,695514
1687734794,698126
1687734794,704112
1687734795,364935
1687734795,367983
1687734795,375716
1687734795,376216
1687734795,379818
1687734795,382423
1687734795,386735
1687734795,390421
1687734795,390703
1687734795,393442
1687734795,400224
1687734795,412941
1687734795,416496
1687734795,428971
1687734795,433655
1687734795,442683
1687734795,455592
1687734795,467518
1687734795,477633
1687734795,491895
1687734795,495974
1687734795,509546
1687734795,531924
1687734795,536797
1687734795,564552
1687734795,574548
1687734795,600045
1687734795,600325
1687734795,612075
1687734795,644223
1687734795,661973
1687734795,663622
1687734795,664482
1687734795,676279
1687734795,682869
1687734795,682899
1687734795,685158
1687734795,687890
1687734795,693445
1687734796,366820
1687734796,371076
1687734796,376086
1687734796,376134
1687734796,377070
1687734796,380888
1687734796,384796
1687734796,396615
1687734796,403087
1687734796,415732
1687734796,418021
1687734796,451655
1687734796,455128
1687734796,474353
1687734796,476651
1687734796,492840
1687734796,510632
1687734796,512191
1687734796,518050
1687734796,523246
1687734796,525794
1687734796,545872
1687734796,552920
1687734796,559581
1687734796,579107
1687734796,591024
1687734796,593679
1687734796,601128
1687734796,611950
1687734796,625932
1687734796,631364
1687734796,635090
1687734796,642920
1687734796,645329
1687734796,659215
1687734796,664018
1687734796,679451
1687734796,683454
1687734796,684156
1687734796,685186
1687734796,688226
1687734796,694123
1687734796,694232
1687734796,697058
1687734796,697451
1687734796,698320
1687734796,698710
1687734797,365342
1687734797,372231
1687734797,374422
1687734797,376372
1687734797,382679
1687734797,384931
1687734797,393586
1687734797,396739
1687734797,397735
1687734797,401469
1687734797,410382
1687734797,420890
1687734797,449768
1687734797,453748
1687734797,475563
1687734797,483371
1687734797,483732
1687734797,487453
1687734797,492214
1687734797,512062
1687734797,549943
1687734797,553716
1687734797,574599
1687734797,585413
1687734797,592599
1687734797,615136
1687734797,619713
1687734797,625015
1687734797,628303
1687734797,645649
1687734797,649087
1687734797,651656
1687734797,657918
1687734797,661129
1687734797,667903
1687734797,676397
1687734797,688971
1687734797,689492
1687734797,690908
1687734797,691406
1687734798,363617
1687734798,373802
1687734798,377562
1687734798,377841
1687734798,378345
1687734798,382593
1687734798,392061
1687734798,404191
1687734798,417645
1687734798,429645
1687734798,441884
1687734798,445604
1687734798,448707
1687734798,453900
1687734798,480098
1687734798,489876
1687734798,492380
1687734798,510998
1687734798,511728
1687734798,515884
1687734798,521792
1687734798,524725
1687734798,539329
1687734798,545885
1687734798,549443
1687734798,552931
1687734798,585455
1687734798,590380
1687734798,614336
1687734798,615805
1687734798,622007
1687734798,644687
1687734798,649014
1687734798,649724
1687734798,673460
1687734798,685004
1687734798,686143
1687734798,689067
1687734798,690189
1687734798,692761
1687734798,693605
1687734798,695417
1687734799,370351
1687734799,370357
1687734799,370652
1687734799,375050
1687734799,376954
1687734799,380151
1687734799,384170
1687734799,388350
1687734799,401041
1687734799,408370
1687734799,411905
1687734799,415527
1687734799,430299
1687734799,440173
1687734799,440239
1687734799,456480
1687734799,464639
1687734799,476330
1687734799,488283
1687734799,501895
1687734799,504581
1687734799,528183
1687734799,535160
1687734799,549532
1687734799,560023
1687734799,574895
1687734799,577109
1687734799,593605
1687734799,614125
1687734799,627028
1687734799,627494
1687734799,645126
1687734799,650193
1687734799,655648
1687734799,665160
1687734799,674753
1687734799,677468
1687734799,680687
1687734799,684769
1687734799,687141
1687734799,694464
1687734799,702518
1687734800,358073
1687734800,367594
1687734800,368397
1687734800,373278
1687734800,373413
1687734800,383574
1687734800,386471
1687734800,389700
1687734800,405654
1687734800,407354
1687734800,424791
1687734800,429484
1687734800,431238
1687734800,434450
1687734800,467336
1687734800,470197
1687734800,496198
1687734800,498327
1687734800,503521
1687734800,504425
1687734800,531831
1687734800,532048
1687734800,534822
1687734800,536430
1687734800,564766
1687734800,567885
1687734800,572110
1687734800,601450
1687734800,606625
1687734800,608768
1687734800,627807
1687734800,632971
1687734800,656868
1687734800,663493
1687734800,679637
1687734800,680688
1687734800,685132
1687734800,688229
1687734800,689396
1687734800,692129
1687734800,694318
1687734800,698204
1687734801,370457
1687734801,372336
1687734801,376533
1687734801,380750
1687734801,389315
1687734801,397186
1687734801,402250
1687734801,409170
1687734801,412738
1687734801,427634
1687734801,434203
1687734801,442944
1687734801,462966
1687734801,465368
1687734801,466017
1687734801,475247
1687734801,497568
1687734801,501437
1687734801,523362
1687734801,526042
1687734801,532443
1687734801,561573
1687734801,567817
1687734801,568337
1687734801,600985
1687734801,605833
1687734801,627158
1687734801,634385
1687734801,635433
1687734801,657152
1687734801,662686
1687734801,665823
1687734801,675712
1687734801,677510
1687734801,680255
1687734801,684973
1687734801,687680
1687734801,688451
1687734801,689916
1687734801,699808
1687734801,701535
1687734802,356211
1687734802,362604
1687734802,368325
1687734802,370980
1687734802,376086
1687734802,381900
1687734802,390110
1687734802,390653
1687734802,396695
1687734802,401334
1687734802,414440
1687734802,415807
1687734802,430275
1687734802,443196
1687734802,455382
1687734802,456883
1687734802,478631
1687734802,495066
1687734802,495293
1687734802,503671
1687734802,525943
1687734802,531236
1687734802,538241
1687734802,558446
1687734802,558958
1687734802,564048
1687734802,577083
1687734802,577602
1687734802,593336
1687734802,597610
1687734802,601001
1687734802,611434
1687734802,622484
1687734802,632846
1687734802,637826
1687734802,644730
1687734802,653221
1687734802,665433
1687734802,666590
1687734802,669469
1687734802,678873
1687734802,682410
1687734802,688741
1687734802,689007
1687734802,695343
1687734802,697099
1687734802,697656
1687734803,364269
1687734803,365506
1687734803,373536
1687734803,377578
1687734803,384258
1687734803,386325
1687734803,392000
1687734803,398597
1687734803,419792
1687734803,422276
1687734803,447696
1687734803,452631
1687734803,484077
1687734803,485993
1687734803,486938
1687734803,512698
1687734803,517069
1687734803,541565
1687734803,551135
1687734803,581984
1687734803,582050
1687734803,593698
1687734803,612992
1687734803,618023
1687734803,639406
1687734803,650173
1687734803,667651
1687734803,672507
1687734803,680553
1687734803,681273
1687734803,691992
1687734803,691999
1687734804,359947
1687734804,361458
1687734804,369259
1687734804,372794
1687734804,382007
1687734804,392380
1687734804,394248
1687734804,395547
1687734804,396590
1687734804,397496
1687734804,419046
1687734804,423145
1687734804,454928
1687734804,455077
1687734804,480136
1687734804,481744
1687734804,482325
1687734804,514614
1687734804,517888
1687734804,520404
1687734804,555305
1687734804,559605
1687734804,585239
1687734804,589578
1687734804,617779
1687734804,619391
1687734804,622012
1687734804,648748
1687734804,656900
1687734804,667378
1687734804,672900
1687734804,680397
1687734804,680823
1687734804,684908
1687734804,695632
1687734804,696871
1687734805,363337
1687734805,377566
1687734805,380701
1687734805,383153
1687734805,385214
1687734805,401290
1687734805,415120
1687734805,415142
1687734805,421680
1687734805,422298
1687734805,431270
1687734805,433769
1687734805,440282
1687734805,456605
1687734805,457183
1687734805,467904
1687734805,474753
1687734805,490264
1687734805,495325
1687734805,509883
1687734805,516916
1687734805,518924
1687734805,527437
1687734805,542301
1687734805,558039
1687734805,579879
1687734805,594105
1687734805,596560
1687734805,612966
1687734805,618891
1687734805,642291
1687734805,647903
1687734805,650177
1687734805,667079
1687734805,671464
1687734805,672125
1687734805,688395
1687734805,688976
1687734805,691039
1687734805,691287
1687734805,695454
1687734806,365142
1687734806,372409
1687734806,373805
1687734806,378917
1687734806,379337
1687734806,383206
1687734806,401440
1687734806,404281
1687734806,406533
1687734806,436939
1687734806,440820
1687734806,468867
1687734806,496234
1687734806,503572
1687734806,506954
1687734806,525234
1687734806,539386
1687734806,540942
1687734806,558745
1687734806,567914
1687734806,584646
1687734806,594901
1687734806,606100
1687734806,616018
1687734806,639358
1687734806,653382
1687734806,666614
1687734806,673280
1687734806,677040
1687734806,684127
1687734806,684873
1687734806,688672
1687734806,694765
1687734806,699059
1687734807,368922
1687734807,372537
1687734807,373767
1687734807,376365
1687734807,383024
1687734807,390320
1687734807,406284
1687734807,406617
1687734807,408095
1687734807,415447
1687734807,430557
1687734807,434784
1687734807,434875
1687734807,463084
1687734807,469972
1687734807,493435
1687734807,495238
1687734807,505941
1687734807,530886
1687734807,533227
1687734807,549594
1687734807,567399
1687734807,572261
1687734807,597610
1687734807,605747
1687734807,609168
1687734807,612023
1687734807,634256
1687734807,637787
1687734807,654737
1687734807,661270
1687734807,674229
1687734807,676939
1687734807,683212
1687734807,684085
1687734807,691041
1687734807,693506
1687734808,365743
1687734808,369695
1687734808,378986
1687734808,385528
1687734808,388665
1687734808,390816
1687734808,397899
1687734808,405539
1687734808,415142
1687734808,417223
1687734808,426509
1687734808,427474
1687734808,450154
1687734808,469061
1687734808,469134
1687734808,472457
1687734808,496181
1687734808,508471
1687734808,526734
1687734808,531197
1687734808,533819
1687734808,545075
1687734808,562952
1687734808,564071
1687734808,573990
1687734808,607481
1687734808,631775
1687734808,632297
1687734808,635087
1687734808,662054
1687734808,663209
1687734808,665250
1687734808,681729
1687734808,684128
1687734808,685302
1687734808,691078
1687734808,692568
1687734808,692949
1687734808,694236
1687734809,363480
1687734809,364784
1687734809,367536
1687734809,372230
1687734809,374653
1687734809,376423
1687734809,390334
1687734809,402068
1687734809,413386
1687734809,418405
1687734809,448278
1687734809,453498
1687734809,463897
1687734809,467766
1687734809,484494
1687734809,487930
1687734809,512748
1687734809,522847
1687734809,544079
1687734809,556958
1687734809,575104
1687734809,589489
1687734809,591963
1687734809,595126
1687734809,612630
1687734809,625458
1687734809,633358
1687734809,637796
1687734809,639763
1687734809,655323
1687734809,660425
1687734809,660602
1687734809,668690
1687734809,675989
1687734809,678995
1687734809,688750
1687734809,690937
1687734809,691565
1687734809,701503
1687734810,367289
1687734810,368438
1687734810,373856
1687734810,375004
1687734810,375550
1687734810,377857
1687734810,382880
1687734810,399163
1687734810,399680
1687734810,402428
1687734810,424894
1687734810,427130
1687734810,443249
1687734810,445241
1687734810,448144
1687734810,450040
1687734810,481772
1687734810,488371
1687734810,488909
1687734810,489357
1687734810,509616
1687734810,512667
1687734810,518926
1687734810,520727
1687734810,526384
1687734810,545663
1687734810,549192
1687734810,551174
1687734810,554816
1687734810,583249
1687734810,594239
1687734810,612895
1687734810,614878
1687734810,640907
1687734810,643842
1687734810,645335
1687734810,647156
1687734810,649601
1687734810,671158
1687734810,673695
1687734810,682415
1687734810,692322
1687734810,692571
1687734810,694223
1687734810,699014
1687734811,368767
1687734811,369592
1687734811,374523
1687734811,376047
1687734811,380277
1687734811,380564
1687734811,391887
1687734811,396512
1687734811,398054
1687734811,418031
1687734811,426512
1687734811,441190
1687734811,443613
1687734811,458563
1687734811,477648
1687734811,487123
1687734811,515766
1687734811,521715
1687734811,546533
1687734811,547082
1687734811,560203
1687734811,581246
1687734811,593567
1687734811,620616
1687734811,620885
1687734811,626734
1687734811,647416
1687734811,656230
1687734811,660513
1687734811,675939
1687734811,679831
1687734811,681842
1687734811,684732
1687734811,688565
1687734811,688596
1687734811,692540
1687734811,693548
1687734811,696381
1687734811,696903
1687734812,368065
1687734812,368400
1687734812,373244
1687734812,380634
1687734812,384514
1687734812,389215
1687734812,390560
1687734812,404338
1687734812,412645
1687734812,418015
1687734812,427329
1687734812,446102
1687734812,463855
1687734812,468797
1687734812,469840
1687734812,472487
1687734812,503460
1687734812,509868
1687734812,524136
1687734812,560187
1687734812,576395
1687734812,601773
1687734812,621571
1687734812,626056
1687734812,640061
1687734812,655720
1687734812,666134
1687734812,672872
1687734812,674892
1687734812,688106
1687734812,688290
1687734812,691453
1687734812,699679
1687734813,367111
1687734813,369172
1687734813,370801
1687734813,379019
1687734813,381034
1687734813,381331
1687734813,394012
1687734813,406136
1687734813,408219
1687734813,424060
1687734813,436858
1687734813,439296
1687734813,442799
1687734813,459455
1687734813,463422
1687734813,468471
1687734813,499751
1687734813,500304
1687734813,521293
1687734813,534039
1687734813,534791
1687734813,536185
1687734813,540538
1687734813,565845
1687734813,576040
1687734813,598313
1687734813,598625
1687734813,603543
1687734813,605694
1687734813,621586
1687734813,636325
1687734813,649355
1687734813,649773
1687734813,661467
1687734813,667318
1687734813,671507
1687734813,673667
1687734813,675253
1687734813,676366
1687734813,684676
1687734813,685741
1687734813,687075
1687734813,689080
1687734813,690285
1687734813,694741
1687734813,694848
1687734813,697831
1687734813,698961
1687734814,363426
1687734814,365279
1687734814,370382
1687734814,379085
1687734814,381225
1687734814,382940
1687734814,386593
1687734814,400290
1687734814,401113
1687734814,405570
1687734814,432208
1687734814,433927
1687734814,443686
1687734814,453851
1687734814,457115
1687734814,467920
1687734814,477277
1687734814,479415
1687734814,495062
1687734814,499749
1687734814,501949
1687734814,533493
1687734814,542787
1687734814,551593
1687734814,562870
1687734814,563157
1687734814,566252
1687734814,573707
1687734814,573723
1687734814,579710
1687734814,599422
1687734814,605894
1687734814,639463
1687734814,644152
1687734814,657305
1687734814,661740
1687734814,662770
1687734814,663775
1687734814,677213
1687734814,677886
1687734814,679526
1687734814,694660
1687734814,695290
1687734814,698318
1687734814,699943
1687734814,704138
1687734815,365183
1687734815,376576
1687734815,380252
1687734815,382239
1687734815,389622
1687734815,390923
1687734815,391259
1687734815,392011
1687734815,401768
1687734815,414925
1687734815,418040
1687734815,427244
1687734815,442045
1687734815,444774
1687734815,453672
1687734815,465853
1687734815,489714
1687734815,497730
1687734815,511696
1687734815,520840
1687734815,562292
1687734815,576733
1687734815,598236
1687734815,601931
1687734815,614094
1687734815,629830
1687734815,631835
1687734815,645806
1687734815,663010
1687734815,663247
1687734815,664929
1687734815,677186
1687734815,682155
1687734815,682442
1687734815,686085
1687734815,687443
1687734815,688779
1687734815,694033
1687734816,366164
1687734816,372196
1687734816,375112
1687734816,375323
1687734816,377720
1687734816,380288
1687734816,385882
1687734816,396620
1687734816,402098
1687734816,414384
1687734816,419663
1687734816,453111
1687734816,476343
1687734816,478625
1687734816,490771
1687734816,514192
1687734816,520006
1687734816,523635
1687734816,538911
1687734816,548110
1687734816,555197
1687734816,557560
1687734816,581394
1687734816,588795
1687734816,591756
1687734816,598838
1687734816,614018
1687734816,624135
1687734816,629164
1687734816,636741
1687734816,647072
1687734816,657489
1687734816,678187
1687734816,682083
1687734816,684579
1687734816,684724
1687734816,693948
1687734816,697501
1687734816,698875
1687734816,699311
1687734817,364946
1687734817,372649
1687734817,374846
1687734817,377309
1687734817,384408
1687734817,394700
1687734817,398321
1687734817,400088
1687734817,408575
1687734817,417513
1687734817,422730
1687734817,451650
1687734817,451889
1687734817,473265
1687734817,481069
1687734817,485782
1687734817,490407
1687734817,514002
1687734817,551989
1687734817,576775
1687734817,587547
1687734817,590581
1687734817,616825
1687734817,621613
1687734817,623032
1687734817,626133
1687734817,632537
1687734817,647176
1687734817,650647
1687734817,655923
1687734817,662518
1687734817,668898
1687734817,689027
1687734817,689412
1687734817,691677
1687734817,691922
1687734818,364088
1687734818,374680
1687734818,376637
1687734818,377402
1687734818,377806
1687734818,387191
1687734818,391222
1687734818,405492
1687734818,416092
1687734818,431704
1687734818,439620
1687734818,443948
1687734818,450856
1687734818,456050
1687734818,478193
1687734818,491987
1687734818,494253
1687734818,508864
1687734818,509817
1687734818,513857
1687734818,523807
1687734818,526667
1687734818,536993
1687734818,547212
1687734818,555039
1687734818,583120
1687734818,592341
1687734818,596937
1687734818,612367
1687734818,613763
1687734818,623806
1687734818,642767
1687734818,648013
1687734818,648158
1687734818,650035
1687734818,650565
1687734818,659701
1687734818,670433
1687734818,674601
1687734818,685723
1687734818,685875
1687734818,689379
1687734818,690106
1687734818,691888
1687734818,693235
1687734818,695787
1687734819,369852
1687734819,370835
1687734819,370888
1687734819,373445
1687734819,374904
1687734819,378141
1687734819,383279
1687734819,389185
1687734819,402021
1687734819,409675
1687734819,410543
1687734819,413547
1687734819,431968
1687734819,438132
1687734819,438535
1687734819,458702
1687734819,466589
1687734819,474246
1687734819,490377
1687734819,498163
1687734819,502256
1687734819,529977
1687734819,533053
1687734819,543747
1687734819,551651
1687734819,562154
1687734819,572587
1687734819,574954
1687734819,581822
1687734819,595711
1687734819,612113
1687734819,628992
1687734819,629257
1687734819,646516
1687734819,656900
1687734819,664044
1687734819,674510
1687734819,675867
1687734819,675981
1687734819,679923
1687734819,685150
1687734819,687653
1687734819,693943
1687734819,694832
1687734819,702308
1687734820,358283
1687734820,367849
1687734820,369039
1687734820,372993
1687734820,382788
1687734820,383073
1687734820,385696
1687734820,390840
1687734820,404331
1687734820,404687
1687734820,409150
1687734820,426690
1687734820,431406
1687734820,432859
1687734820,433125
1687734820,465598
1687734820,466756
1687734820,472535
1687734820,501648
1687734820,506048
1687734820,529456
1687734820,533973
1687734820,534436
1687734820,565750
1687734820,567008
1687734820,569878
1687734820,603305
1687734820,606859
1687734820,608701
1687734820,629401
1687734820,631095
1687734820,658338
1687734820,661665
1687734820,662367
1687734820,680381
1687734820,681615
1687734820,684393
1687734820,687476
1687734820,689285
1687734820,692876
1687734820,697795
1687734821,370849
1687734821,373067
1687734821,376397
1687734821,379605
1687734821,390150
1687734821,398278
1687734821,401252
1687734821,410778
1687734821,414581
1687734821,420615
1687734821,425668
1687734821,428398
1687734821,432350
1687734821,444770
1687734821,463314
1687734821,468082
1687734821,477196
1687734821,495567
1687734821,503297
1687734821,527918
1687734821,530197
1687734821,537198
1687734821,559343
1687734821,570279
1687734821,570464
1687734821,598869
1687734821,607516
1687734821,628754
1687734821,632391
1687734821,637215
1687734821,658563
1687734821,663915
1687734821,664238
1687734821,674688
1687734821,677004
1687734821,681084
1687734821,685761
1687734821,687852
1687734821,688070
1687734821,689513
1687734821,699863
1687734821,701713
1687734822,356403
1687734822,359997
1687734822,368012
1687734822,376830
1687734822,380794
1687734822,389264
1687734822,391996
1687734822,395530
1687734822,399981
1687734822,406885
1687734822,416290
1687734822,445198
1687734822,453659
1687734822,454975
1687734822,460635
1687734822,480856
1687734822,492758
1687734822,493522
1687734822,504730
1687734822,505696
1687734822,514733
1687734822,523728
1687734822,529209
1687734822,540489
1687734822,547991
1687734822,556576
1687734822,561885
1687734822,579301
1687734822,579734
1687734822,591037
1687734822,595576
1687734822,598991
1687734822,613378
1687734822,620379
1687734822,630787
1687734822,639502
1687734822,646468
1687734822,651379
1687734822,664931
1687734822,666757
1687734822,670603
1687734822,677938
1687734822,683306
1687734822,688840
1687734822,688982
1687734822,694954
1687734822,696978
1687734823,363202
1687734823,365609
1687734823,370702
1687734823,374212
1687734823,378763
1687734823,383449
1687734823,387032
1687734823,393269
1687734823,393350
1687734823,397195
1687734823,418254
1687734823,424200
1687734823,445814
1687734823,454506
1687734823,484690
1687734823,486065
1687734823,514676
1687734823,517025
1687734823,518974
1687734823,543696
1687734823,547737
1687734823,553111
1687734823,556977
1687734823,584205
1687734823,591619
1687734823,608292
1687734823,614931
1687734823,615901
1687734823,623479
1687734823,640970
1687734823,648604
1687734823,650803
1687734823,665382
1687734823,668898
1687734823,678308
1687734823,680067
1687734823,681852
1687734823,683185
1687734823,691885
1687734823,692454
1687734823,697938
1687734824,359148
1687734824,359739
1687734824,361762
1687734824,369481
1687734824,371803
1687734824,382928
1687734824,393084
1687734824,393305
1687734824,395276
1687734824,396405
1687734824,397141
1687734824,416838
1687734824,417323
1687734824,425020
1687734824,452740
1687734824,456881
1687734824,478017
1687734824,479452
1687734824,481171
1687734824,484078
1687734824,484262
1687734824,512189
1687734824,515686
1687734824,517722
1687734824,522429
1687734824,557126
1687734824,557564
1687734824,580173
1687734824,587329
1687734824,587425
1687734824,589484
1687734824,617263
1687734824,619413
1687734824,623785
1687734824,650334
1687734824,655338
1687734824,668601
1687734824,674289
1687734824,674948
1687734824,679629
1687734824,680429
1687734824,685370
1687734824,688620
1687734824,695644
1687734824,696695
1687734824,697397
1687734825,363185
1687734825,364382
1687734825,379136
1687734825,383722
1687734825,384437
1687734825,402907
1687734825,413295
1687734825,413702
1687734825,432979
1687734825,435826
1687734825,438484
1687734825,458760
1687734825,459107
1687734825,465802
1687734825,472551
1687734825,492239
1687734825,497495
1687734825,507746
1687734825,520759
1687734825,529343
1687734825,540381
1687734825,544317
1687734825,559965
1687734825,577904
1687734825,583459
1687734825,595817
1687734825,598407
1687734825,611018
1687734825,620727
1687734825,638924
1687734825,645172
1687734825,646012
1687734825,651429
1687734825,664520
1687734825,665695
1687734825,671081
1687734825,671209
1687734825,684666
1687734825,688254
1687734825,688341
1687734825,691417
1687734825,691462
1687734825,691999
1687734825,694988
1687734826,361677
1687734826,365060
1687734826,369681
1687734826,371933
1687734826,374520
1687734826,378309
1687734826,379239
1687734826,380563
1687734826,381369
1687734826,382098
1687734826,403055
1687734826,404845
1687734826,432637
1687734826,433457
1687734826,438737
1687734826,439009
1687734826,457145
1687734826,470979
1687734826,498267
1687734826,501426
1687734826,527140
1687734826,537242
1687734826,538698
1687734826,560760
1687734826,565606
1687734826,582401
1687734826,600552
1687734826,604049
1687734826,634264
1687734826,637254
1687734826,654880
1687734826,665057
1687734826,676252
1687734826,677997
1687734826,683749
1687734826,695312
1687734826,698979
1687734827,372799
1687734827,374154
1687734827,375244
1687734827,384196
1687734827,389433
1687734827,404956
1687734827,406374
1687734827,417032
1687734827,428790
1687734827,436703
1687734827,461027
1687734827,471941
1687734827,492984
1687734827,495429
1687734827,507785
1687734827,528969
1687734827,535063
1687734827,559438
1687734827,569698
1687734827,574362
1687734827,599504
1687734827,603536
1687734827,609602
1687734827,610959
1687734827,635909
1687734827,636031
1687734827,647123
1687734827,656101
1687734827,659841
1687734827,662052
1687734827,675245
1687734827,676758
1687734827,683314
1687734827,683318
1687734827,684161
1687734827,689059
1687734827,691335
1687734827,691880
1687734827,693635
1687734827,694685
1687734827,699572
1687734828,362155
1687734828,366045
1687734828,367543
1687734828,367571
1687734828,370448
1687734828,378236
1687734828,384295
1687734828,389529
1687734828,389557
1687734828,391939
1687734828,404165
1687734828,416526
1687734828,418841
1687734828,424806
1687734828,425884
1687734828,445689
1687734828,452089
1687734828,467226
1687734828,474432
1687734828,494010
1687734828,509959
1687734828,524384
1687734828,529040
1687734828,546970
1687734828,560834
1687734828,562302
1687734828,576281
1687734828,591678
1687734828,609435
1687734828,630529
1687734828,633121
1687734828,633394
1687734828,663468
1687734828,666666
1687734828,674931
1687734828,682578
1687734828,682821
1687734828,684747
1687734828,691099
1687734828,693057
1687734828,693719
1687734829,364238
1687734829,367461
1687734829,372965
1687734829,374418
1687734829,388146
1687734829,388987
1687734829,398987
1687734829,400761
1687734829,416883
1687734829,450124
1687734829,451657
1687734829,462132
1687734829,469729
1687734829,485919
1687734829,486667
1687734829,514866
1687734829,520475
1687734829,546228
1687734829,554589
1687734829,577375
1687734829,589866
1687734829,593124
1687734829,614492
1687734829,631214
1687734829,635755
1687734829,641296
1687734829,653759
1687734829,658795
1687734829,661806
1687734829,679734
1687734829,689262
1687734829,690560
1687734829,701876
1687734830,368355
1687734830,373163
1687734830,375312
1687734830,378161
1687734830,382140
1687734830,395167
1687734830,397755
1687734830,400473
1687734830,403607
1687734830,423376
1687734830,429069
1687734830,443352
1687734830,445274
1687734830,445977
1687734830,451870
1687734830,483938
1687734830,486248
1687734830,486663
1687734830,491273
1687734830,510518
1687734830,511536
1687734830,518665
1687734830,528452
1687734830,548956
1687734830,551336
1687734830,552742
1687734830,585375
1687734830,592083
1687734830,612879
1687734830,614753
1687734830,631529
1687734830,645488
1687734830,646984
1687734830,647849
1687734830,648652
1687734830,670048
1687734830,672231
1687734830,672354
1687734830,683339
1687734830,688457
1687734830,692476
1687734830,692661
1687734830,698704
1687734831,368639
1687734831,369217
1687734831,375346
1687734831,375543
1687734831,381184
1687734831,381700
1687734831,390904
1687734831,399505
1687734831,416657
1687734831,428484
1687734831,439181
1687734831,460689
1687734831,475548
1687734831,489162
1687734831,513732
1687734831,523454
1687734831,544725
1687734831,548739
1687734831,549409
1687734831,562334
1687734831,579036
1687734831,591407
1687734831,595728
1687734831,613992
1687734831,618579
1687734831,622701
1687734831,628283
1687734831,646024
1687734831,657735
1687734831,659043
1687734831,677140
1687734831,678547
1687734831,682215
1687734831,687975
1687734831,692676
1687734831,693307
1687734831,696790
1687734831,696974
1687734832,368057
1687734832,368203
1687734832,373393
1687734832,378069
1687734832,379965
1687734832,383524
1687734832,387673
1687734832,390103
1687734832,406097
1687734832,411094
1687734832,416329
1687734832,423370
1687734832,429269
1687734832,444162
1687734832,465501
1687734832,466413
1687734832,470344
1687734832,471905
1687734832,507734
1687734832,526220
1687734832,562632
1687734832,574066
1687734832,579611
1687734832,603595
1687734832,619388
1687734832,627994
1687734832,657288
1687734832,664785
1687734832,687470
1687734832,688582
1687734832,691234
1687734832,699678
1687734833,367887
1687734833,369698
1687734833,371675
1687734833,378746
1687734833,380038
1687734833,382233
1687734833,388049
1687734833,390036
1687734833,394665
1687734833,406795
1687734833,407916
1687734833,435188
1687734833,440936
1687734833,444998
1687734833,457551
1687734833,465313
1687734833,470578
1687734833,497644
1687734833,502306
1687734833,523191
1687734833,534276
1687734833,536034
1687734833,536861
1687734833,538293
1687734833,568053
1687734833,573773
1687734833,600332
1687734833,601384
1687734833,603872
1687734833,623289
1687734833,638165
1687734833,640923
1687734833,647675
1687734833,658128
1687734833,662554
1687734833,666379
1687734833,670653
1687734833,674627
1687734833,677559
1687734833,683872
1687734833,686413
1687734833,686587
1687734833,688190
1687734833,689554
1687734833,689682
1687734833,694449
1687734833,694975
1687734833,695551
1687734833,697657
1687734833,698766
1687734834,363473
1687734834,365212
1687734834,367218
1687734834,369605
1687734834,379058
1687734834,382124
1687734834,382312
1687734834,398929
1687734834,400021
1687734834,405576
1687734834,407236
1687734834,430798
1687734834,431812
1687734834,445641
1687734834,455396
1687734834,465876
1687734834,479296
1687734834,493011
1687734834,497597
1687734834,504102
1687734834,504527
1687734834,521549
1687734834,531422
1687734834,535738
1687734834,544656
1687734834,560757
1687734834,564316
1687734834,565252
1687734834,571567
1687734834,575940
1687734834,582034
1687734834,597682
1687734834,607777
1687734834,642176
1687734834,647393
1687734834,658908
1687734834,661117
1687734834,662021
1687734834,663140
1687734834,676380
1687734834,676988
1687734834,680339
1687734834,681407
1687734834,692970
1687734834,695029
1687734834,695163
1687734834,698475
1687734834,704104
1687734835,365480
1687734835,376264
1687734835,376957
1687734835,380737
1687734835,382093
1687734835,388945
1687734835,389579
1687734835,390630
1687734835,391914
1687734835,403375
1687734835,416941
1687734835,419640
1687734835,425553
1687734835,443885
1687734835,446847
1687734835,451775
1687734835,464215
1687734835,481209
1687734835,487517
1687734835,488698
1687734835,499519
1687734835,513819
1687734835,518413
1687734835,560052
1687734835,578950
1687734835,596177
1687734835,603818
1687734835,616100
1687734835,661518
1687734835,664498
1687734835,666229
1687734835,678048
1687734835,682009
1687734835,686991
1687734835,687011
1687734835,699808
1687734836,365518
1687734836,373378
1687734836,374182
1687734836,374471
1687734836,378382
1687734836,379689
1687734836,386958
1687734836,395522
1687734836,401142
1687734836,413044
1687734836,415023
1687734836,418985
1687734836,421345
1687734836,451079
1687734836,456045
1687734836,478309
1687734836,480616
1687734836,487881
1687734836,516145
1687734836,521510
1687734836,521980
1687734836,541046
1687734836,550358
1687734836,555525
1687734836,557440
1687734836,583630
1687734836,586567
1687734836,589770
1687734836,596555
1687734836,616090
1687734836,622345
1687734836,623521
1687734836,626946
1687734836,638371
1687734836,648801
1687734836,655724
1687734836,666739
1687734836,676850
1687734836,680661
1687734836,683932
1687734836,685242
1687734836,693739
1687734836,697940
1687734836,699397
1687734837,364593
1687734837,373121
1687734837,375256
1687734837,378280
1687734837,383901
1687734837,384035
1687734837,395865
1687734837,399926
1687734837,406801
1687734837,419235
1687734837,424599
1687734837,449993
1687734837,453551
1687734837,459337
1687734837,470986
1687734837,478739
1687734837,488587
1687734837,512517
1687734837,515944
1687734837,541642
1687734837,545923
1687734837,554037
1687734837,578893
1687734837,588542
1687734837,589670
1687734837,618483
1687734837,621040
1687734837,623920
1687734837,648697
1687734837,652177
1687734837,653875
1687734837,663869
1687734837,669896
1687734837,673445
1687734837,689052
1687734837,689317
1687734837,692385
1687734837,692436
1687734837,693605
1687734837,697276
1687734838,364580
1687734838,371454
1687734838,375358
1687734838,375536
1687734838,375727
1687734838,376478
1687734838,377753
1687734838,386091
1687734838,390378
1687734838,406841
1687734838,414584
1687734838,433623
1687734838,437383
1687734838,442352
1687734838,453017
1687734838,476283
1687734838,494082
1687734838,496127
1687734838,506758
1687734838,507911
1687734838,511845
1687734838,525819
1687734838,528636
1687734838,531788
1687734838,534672
1687734838,544966
1687734838,557143
1687734838,580767
1687734838,594258
1687734838,598978
1687734838,610387
1687734838,611726
1687734838,625627
1687734838,632971
1687734838,640846
1687734838,646554
1687734838,648326
1687734838,652114
1687734838,669380
1687734838,671394
1687734838,675686
1687734838,685311
1687734838,686746
1687734838,688550
1687734838,691002
1687734838,691142
1687734838,692818
1687734838,696161
1687734839,369394
1687734839,371075
1687734839,373662
1687734839,374757
1687734839,379352
1687734839,382644
1687734839,388538
1687734839,403060
1687734839,409180
1687734839,411004
1687734839,411584
1687734839,425997
1687734839,436024
1687734839,436915
1687734839,460980
1687734839,468528
1687734839,472130
1687734839,492459
1687734839,499910
1687734839,500121
1687734839,530978
1687734839,553750
1687734839,564321
1687734839,570315
1687734839,572777
1687734839,597811
1687734839,610079
1687734839,630953
1687734839,636921
1687734839,647878
1687734839,658169
1687734839,662888
1687734839,674235
1687734839,675714
1687734839,677245
1687734839,679168
1687734839,685505
1687734839,688125
1687734839,691207
1687734839,695157
1687734839,702041
1687734840,358605
1687734840,368119
1687734840,369686
1687734840,372647
1687734840,376289
1687734840,381406
1687734840,382608
1687734840,384915
1687734840,391950
1687734840,402835
1687734840,403071
1687734840,410961
1687734840,431345
1687734840,433373
1687734840,435031
1687734840,458301
1687734840,463892
1687734840,464334
1687734840,474806
1687734840,499783
1687734840,505382
1687734840,507677
1687734840,527103
1687734840,532456
1687734840,535883
1687734840,563596
1687734840,567641
1687734840,569284
1687734840,605003
1687734840,605137
1687734840,610746
1687734840,629227
1687734840,630996
1687734840,638183
1687734840,659752
1687734840,660132
1687734840,661280
1687734840,681078
1687734840,682547
1687734840,683607
1687734840,686668
1687734840,689172
1687734840,693606
1687734840,693636
1687734840,697389
1687734841,361730
1687734841,371285
1687734841,373831
1687734841,378457
1687734841,390997
1687734841,399364
1687734841,400288
1687734841,412467
1687734841,416391
1687734841,423723
1687734841,426517
1687734841,430552
1687734841,446631
1687734841,461248
1687734841,470156
1687734841,479108
1687734841,493578
1687734841,505190
1687734841,527943
1687734841,529783
1687734841,539596
1687734841,557117
1687734841,572654
1687734841,572744
1687734841,581496
1687734841,588742
1687734841,596747
1687734841,609225
1687734841,630339
1687734841,630342
1687734841,638993
1687734841,659929
1687734841,662629
1687734841,665117
1687734841,673641
1687734841,676462
1687734841,681899
1687734841,686505
1687734841,687206
1687734841,688459
1687734841,689116
1687734841,699902
1687734842,356656
1687734842,360170
1687734842,367732
1687734842,377615
1687734842,379701
1687734842,388386
1687734842,393358
1687734842,394382
1687734842,398661
1687734842,407906
1687734842,418111
1687734842,447196
1687734842,451960
1687734842,453060
1687734842,483087
1687734842,490427
1687734842,491747
1687734842,506587
1687734842,507740
1687734842,527222
1687734842,542775
1687734842,550298
1687734842,554706
1687734842,559733
1687734842,581895
1687734842,589507
1687734842,593475
1687734842,596950
1687734842,615290
1687734842,618323
1687734842,628676
1687734842,629470
1687734842,641025
1687734842,641146
1687734842,648163
1687734842,649553
1687734842,663217
1687734842,668045
1687734842,671679
1687734842,676929
1687734842,681831
1687734842,684146
1687734842,688928
1687734842,688963
1687734842,694510
1687734842,694602
1687734842,696777
1687734843,362248
1687734843,365343
1687734843,365760
1687734843,370511
1687734843,374930
1687734843,380041
1687734843,382680
1687734843,387767
1687734843,394402
1687734843,394577
1687734843,395768
1687734843,416773
1687734843,426171
1687734843,443980
1687734843,447753
1687734843,456401
1687734843,482469
1687734843,488067
1687734843,515144
1687734843,516639
1687734843,520871
1687734843,545878
1687734843,554986
1687734843,555078
1687734843,586326
1687734843,610200
1687734843,613788
1687734843,616859
1687734843,642539
1687734843,647045
1687734843,652253
1687734843,669855
1687734843,679334
1687734843,679584
1687734843,682408
1687734843,682768
1687734843,691731
1687734843,692886
1687734843,698183
1687734844,358898
1687734844,359579
1687734844,362113
1687734844,369824
1687734844,370881
1687734844,383887
1687734844,394010
1687734844,395358
1687734844,398768
1687734844,415294
1687734844,415633
1687734844,426906
1687734844,434753
1687734844,450536
1687734844,458668
1687734844,475878
1687734844,477154
1687734844,483365
1687734844,486174
1687734844,509760
1687734844,513511
1687734844,515581
1687734844,524429
1687734844,554647
1687734844,559842
1687734844,585016
1687734844,589595
1687734844,615076
1687734844,621073
1687734844,625592
1687734844,651944
1687734844,653710
1687734844,669859
1687734844,675634
1687734844,678802
1687734844,680016
1687734844,685827
1687734844,687724
1687734844,695648
1687734844,696509
1687734845,363091
1687734845,377606
1687734845,377727
1687734845,378623
1687734845,383656
1687734845,384335
1687734845,404531
1687734845,411489
1687734845,412297
1687734845,425091
1687734845,433764
1687734845,436681
1687734845,437875
1687734845,460952
1687734845,461067
1687734845,463751
1687734845,494201
1687734845,499621
1687734845,505604
1687734845,522579
1687734845,531261
1687734845,538487
1687734845,542053
1687734845,561874
1687734845,575971
1687734845,585544
1687734845,597489
1687734845,600213
1687734845,609026
1687734845,611903
1687734845,622588
1687734845,631026
1687734845,633248
1687734845,635160
1687734845,643385
1687734845,644105
1687734845,652683
1687734845,664320
1687734845,669999
1687734845,675921
1687734845,685244
1687734845,686085
1687734845,688283
1687734845,691608
1687734845,692942
1687734845,694437
1687734846,361069
1687734846,364999
1687734846,370450
1687734846,371535
1687734846,374172
1687734846,375299
1687734846,380323
1687734846,381056
1687734846,381888
1687734846,398716
1687734846,403201
1687734846,418663
1687734846,430448
1687734846,431404
1687734846,437225
1687734846,440543
1687734846,459389
1687734846,473092
1687734846,500326
1687734846,502112
1687734846,529088
1687734846,535110
1687734846,536473
1687734846,561725
1687734846,562822
1687734846,563316
1687734846,580156
1687734846,601985
1687734846,602495
1687734846,621506
1687734846,635946
1687734846,639544
1687734846,645820
1687734846,656415
1687734846,663445
1687734846,676542
1687734846,677204
1687734846,678997
1687734846,682583
1687734846,691581
1687734846,695813
1687734846,698882
1687734847,368810
1687734847,373106
1687734847,374601
1687734847,385413
1687734847,388563
1687734847,403588
1687734847,404688
1687734847,404709
1687734847,427059
1687734847,438642
1687734847,459015
1687734847,473906
1687734847,490711
1687734847,497398
1687734847,509612
1687734847,527024
1687734847,537641
1687734847,567897
1687734847,572053
1687734847,576435
1687734847,601319
1687734847,601387
1687734847,607139
1687734847,612723
1687734847,634291
1687734847,637522
1687734847,648558
1687734847,656522
1687734847,657472
1687734847,658380
1687734847,660885
1687734847,676248
1687734847,682509
1687734847,685076
1687734847,689410
1687734847,691974
1687734847,692949
1687734847,693679
1687734847,699194
1687734848,366378
1687734848,367416
1687734848,367832
1687734848,371218
1687734848,376161
1687734848,376452
1687734848,377510
1687734848,383058
1687734848,390400
1687734848,393103
1687734848,402771
1687734848,417916
1687734848,420487
1687734848,423083
1687734848,424324
1687734848,435424
1687734848,454027
1687734848,458205
1687734848,465403
1687734848,476428
1687734848,488813
1687734848,491836
1687734848,499269
1687734848,511419
1687734848,522053
1687734848,526895
1687734848,536364
1687734848,548873
1687734848,558740
1687734848,560526
1687734848,578581
1687734848,611374
1687734848,628740
1687734848,631195
1687734848,635051
1687734848,664907
1687734848,668072
1687734848,673836
1687734848,681453
1687734848,683367
1687734848,684134
1687734848,691098
1687734848,693134
1687734848,693510
1687734848,701900
1687734849,363752
1687734849,373707
1687734849,374216
1687734849,387649
1687734849,392306
1687734849,399475
1687734849,400136
1687734849,415405
1687734849,416704
1687734849,449843
1687734849,451999
1687734849,460415
1687734849,471740
1687734849,483876
1687734849,484116
1687734849,516977
1687734849,518104
1687734849,548368
1687734849,552227
1687734849,579630
1687734849,587519
1687734849,587741
1687734849,591092
1687734849,593824
1687734849,596624
1687734849,616333
1687734849,633621
1687734849,642810
1687734849,652186
1687734849,657162
1687734849,662990
1687734849,671376
1687734849,676079
1687734849,680458
1687734849,688718
1687734849,689762
1687734849,702197
1687734850,366182
1687734850,367741
1687734850,368315
1687734850,372522
1687734850,375519
1687734850,378532
1687734850,381424
1687734850,395831
1687734850,401827
1687734850,404830
1687734850,413724
1687734850,421879
1687734850,430992
1687734850,441477
1687734850,443847
1687734850,453720
1687734850,482638
1687734850,484402
1687734850,486146
1687734850,493169
1687734850,508365
1687734850,513461
1687734850,513907
1687734850,516582
1687734850,530510
1687734850,546711
1687734850,550668
1687734850,553534
1687734850,589884
1687734850,610855
1687734850,616556
1687734850,629024
1687734850,646093
1687734850,647125
1687734850,650171
1687734850,670128
1687734850,670964
1687734850,673240
1687734850,684279
1687734850,688333
1687734850,692605
1687734850,692688
1687734850,692956
1687734850,698371
1687734851,369691
1687734851,373568
1687734851,374671
1687734851,375172
1687734851,376543
1687734851,382147
1687734851,382898
1687734851,389946
1687734851,393878
1687734851,394670
1687734851,400942
1687734851,406900
1687734851,415311
1687734851,430440
1687734851,437169
1687734851,442228
1687734851,462831
1687734851,473435
1687734851,491179
1687734851,506293
1687734851,511703
1687734851,525190
1687734851,542373
1687734851,547173
1687734851,550918
1687734851,564412
1687734851,576825
1687734851,593279
1687734851,614133
1687734851,616526
1687734851,617578
1687734851,624536
1687734851,629774
1687734851,644589
1687734851,648601
1687734851,657443
1687734851,659278
1687734851,669895
1687734851,677239
1687734851,678303
1687734851,682540
1687734851,686058
1687734851,687349
1687734851,692755
1687734851,693069
1687734851,697028
1687734851,697202
1687734852,363504
1687734852,367718
1687734852,368337
1687734852,379325
1687734852,382541
1687734852,386194
1687734852,391038
1687734852,391925
1687734852,396950
1687734852,407287
1687734852,407881
1687734852,409583
1687734852,414653
1687734852,427933
1687734852,428625
1687734852,431208
1687734852,457405
1687734852,464060
1687734852,467186
1687734852,468250
1687734852,473945
1687734852,490556
1687734852,505629
1687734852,507309
1687734852,528303
1687734852,565072
1687734852,571770
1687734852,577467
1687734852,592984
1687734852,617182
1687734852,629898
1687734852,636279
1687734852,658810
1687734852,663375
1687734852,665585
1687734852,676933
1687734852,686656
1687734852,688272
1687734852,689015
1687734852,690188
1687734852,691015
1687734852,699661
1687734853,368656
1687734853,370312
1687734853,372559
1687734853,378555
1687734853,378820
1687734853,383499
1687734853,389150
1687734853,395325
1687734853,405400
1687734853,409738
1687734853,433544
1687734853,442570
1687734853,447186
1687734853,455668
1687734853,467169
1687734853,470386
1687734853,472725
1687734853,495505
1687734853,504323
1687734853,525063
1687734853,532301
1687734853,536057
1687734853,570274
1687734853,571448
1687734853,595940
1687734853,599267
1687734853,602029
1687734853,602389
1687734853,624994
1687734853,639924
1687734853,645524
1687734853,663631
1687734853,665446
1687734853,669729
1687734853,678743
1687734853,683028
1687734853,687058
1687734853,687547
1687734853,689025
1687734853,689985
1687734853,696150
1687734853,697460
1687734853,698453
1687734854,363556
1687734854,365215
1687734854,366907
1687734854,368805
1687734854,379009
1687734854,381738
1687734854,383000
1687734854,397620
1687734854,398953
1687734854,408932
1687734854,429747
1687734854,447599
1687734854,453683
1687734854,481297
1687734854,490987
1687734854,495421
1687734854,506244
1687734854,519393
1687734854,529362
1687734854,536906
1687734854,538911
1687734854,546527
1687734854,558675
1687734854,562337
1687734854,567343
1687734854,569474
1687734854,578192
1687734854,584360
1687734854,609668
1687734854,634572
1687734854,640204
1687734854,659415
1687734854,660238
1687734854,660446
1687734854,664569
1687734854,675472
1687734854,675600
1687734854,676048
1687734854,680681
1687734854,681141
1687734854,694731
1687734854,695227
1687734854,695661
1687734854,698633
1687734854,704004
1687734855,365812
1687734855,377367
1687734855,381271
1687734855,381975
1687734855,388393
1687734855,389305
1687734855,389518
1687734855,391083
1687734855,392662
1687734855,405041
1687734855,418988
1687734855,421303
1687734855,423902
1687734855,445775
1687734855,448914
1687734855,449942
1687734855,462594
1687734855,483024
1687734855,485351
1687734855,486603
1687734855,501330
1687734855,515923
1687734855,538052
1687734855,557809
1687734855,581179
1687734855,594121
1687734855,605454
1687734855,605650
1687734855,618068
1687734855,627105
1687734855,648988
1687734855,660007
1687734855,665750
1687734855,667534
1687734855,678850
1687734855,681571
1687734855,686529
1687734855,687893
1687734855,695127
1687734856,364894
1687734856,373277
1687734856,373582
1687734856,374608
1687734856,379040
1687734856,379093
1687734856,388052
1687734856,394458
1687734856,411729
1687734856,417382
1687734856,423067
1687734856,426500
1687734856,449035
1687734856,458242
1687734856,480270
1687734856,482152
1687734856,482605
1687734856,490037
1687734856,518079
1687734856,519391
1687734856,523946
1687734856,552563
1687734856,553531
1687734856,559676
1687734856,580992
1687734856,584347
1687734856,585844
1687734856,587734
1687734856,594335
1687734856,618108
1687734856,620524
1687734856,624753
1687734856,640002
1687734856,650496
1687734856,653941
1687734856,668057
1687734856,674993
1687734856,675468
1687734856,679181
1687734856,683235
1687734856,685691
1687734856,693514
1687734856,698341
1687734856,699887
1687734856,700250
1687734857,364261
1687734857,373624
1687734857,375668
1687734857,379270
1687734857,383419
1687734857,384815
1687734857,397088
1687734857,401558
1687734857,405064
1687734857,421009
1687734857,448090
1687734857,455478
1687734857,460397
1687734857,468726
1687734857,476432
1687734857,486719
1687734857,510261
1687734857,517895
1687734857,527865
1687734857,539586
1687734857,544152
1687734857,556100
1687734857,578349
1687734857,586443
1687734857,591781
1687734857,619050
1687734857,620153
1687734857,621681
1687734857,625439
1687734857,650186
1687734857,651821
1687734857,653640
1687734857,665228
1687734857,670869
1687734857,671858
1687734857,689052
1687734857,689204
1687734857,692323
1687734857,692900
1687734857,692993
1687734857,697058
1687734858,365095
1687734858,372010
1687734858,374771
1687734858,375577
1687734858,376378
1687734858,377696
1687734858,385030
1687734858,389543
1687734858,408208
1687734858,413139
1687734858,435188
1687734858,435278
1687734858,435828
1687734858,440785
1687734858,447303
1687734858,455173
1687734858,474387
1687734858,496187
1687734858,498040
1687734858,504656
1687734858,505985
1687734858,509810
1687734858,530625
1687734858,532377
1687734858,542718
1687734858,578425
1687734858,596098
1687734858,597834
1687734858,601022
1687734858,608391
1687734858,609710
1687734858,627451
1687734858,632825
1687734858,638900
1687734858,644935
1687734858,646516
1687734858,653628
1687734858,668317
1687734858,676713
1687734858,684883
1687734858,685795
1687734858,687598
1687734858,687722
1687734858,690127
1687734858,692145
1687734858,696527
1687734859,368974
1687734859,371395
1687734859,373939
1687734859,374647
1687734859,383963
1687734859,387499
1687734859,404156
1687734859,407856
1687734859,409641
1687734859,412329
1687734859,433937
1687734859,435298
1687734859,463325
1687734859,470007
1687734859,470470
1687734859,494539
1687734859,497551
1687734859,502088
1687734859,528941
1687734859,533654
1687734859,555868
1687734859,566544
1687734859,568095
1687734859,570581
1687734859,599914
1687734859,608044
1687734859,632902
1687734859,634891
1687734859,642583
1687734859,643579
1687734859,649235
1687734859,659466
1687734859,661681
1687734859,672573
1687734859,676917
1687734859,678397
1687734859,678501
1687734859,688602
1687734859,695429
1687734859,701740
1687734860,359002
1687734860,368428
1687734860,370343
1687734860,372375
1687734860,380008
1687734860,382167
1687734860,384097
1687734860,393063
1687734860,401098
1687734860,401846
1687734860,412825
1687734860,429868
1687734860,430579
1687734860,435388
1687734860,436942
1687734860,455967
1687734860,461897
1687734860,462213
1687734860,463824
1687734860,477021
1687734860,497927
1687734860,509303
1687734860,524774
1687734860,530498
1687734860,537794
1687734860,561437
1687734860,565412
1687734860,571583
1687734860,603197
1687734860,606943
1687734860,612768
1687734860,627401
1687734860,632550
1687734860,658575
1687734860,660191
1687734860,661133
1687734860,681717
1687734860,682792
1687734860,683448
1687734860,685793
1687734860,689049
1687734860,694382
1687734860,696985
1687734861,361327
1687734861,366358
1687734861,371755
1687734861,376216
1687734861,377282
1687734861,379722
1687734861,391891
1687734861,399358
1687734861,400471
1687734861,408938
1687734861,414230
1687734861,418170
1687734861,421760
1687734861,424654
1687734861,428795
1687734861,429431
1687734861,448501
1687734861,459200
1687734861,472223
1687734861,481011
1687734861,491589
1687734861,507059
1687734861,525680
1687734861,541989
1687734861,554929
1687734861,574851
1687734861,575164
1687734861,583663
1687734861,586491
1687734861,594613
1687734861,610932
1687734861,628256
1687734861,631893
1687734861,640742
1687734861,661011
1687734861,661285
1687734861,666264
1687734861,669309
1687734861,672587
1687734861,675864
1687734861,682706
1687734861,686527
1687734861,687196
1687734861,688710
1687734861,688806
1687734861,694120
1687734861,699930
1687734861,702108
1687734862,356970
1687734862,360341
1687734862,367483
1687734862,378453
1687734862,378693
1687734862,387532
1687734862,393201
1687734862,394729
1687734862,397341
1687734862,397370
1687734862,419944
1687734862,449218
1687734862,450295
1687734862,451124
1687734862,485268
1687734862,488081
1687734862,508412
1687734862,509813
1687734862,525185
1687734862,543193
1687734862,545098
1687734862,552858
1687734862,557586
1687734862,584084
1687734862,591300
1687734862,594890
1687734862,616301
1687734862,617195
1687734862,626556
1687734862,642765
1687734862,647737
1687734862,649834
1687734862,661412
1687734862,672738
1687734862,675838
1687734862,680301
1687734862,684916
1687734862,688949
1687734862,688990
1687734862,694019
1687734862,696513
1687734863,361425
1687734863,365967
1687734863,370419
1687734863,375686
1687734863,381316
1687734863,381933
1687734863,388536
1687734863,394303
1687734863,395541
1687734863,395935
1687734863,400207
1687734863,415351
1687734863,428172
1687734863,442156
1687734863,449835
1687734863,458318
1687734863,480218
1687734863,480282
1687734863,488088
1687734863,490044
1687734863,513266
1687734863,515976
1687734863,518568
1687734863,522735
1687734863,552977
1687734863,557094
1687734863,587321
1687734863,588407
1687734863,611693
1687734863,612088
1687734863,618797
1687734863,619549
1687734863,644094
1687734863,645473
1687734863,653689
1687734863,668451
1687734863,671364
1687734863,679108
1687734863,680322
1687734863,682381
1687734863,682943
1687734863,691501
1687734863,693309
1687734863,698429
1687734864,358671
1687734864,359449
1687734864,362514
1687734864,370031
1687734864,380587
1687734864,384890
1687734864,390794
1687734864,392811
1687734864,394381
1687734864,395975
1687734864,400431
1687734864,413712
1687734864,413951
1687734864,428785
1687734864,436572
1687734864,448332
1687734864,460426
1687734864,473755
1687734864,485558
1687734864,507348
1687734864,511351
1687734864,513456
1687734864,526410
1687734864,552187
1687734864,559301
1687734864,562153
1687734864,582646
1687734864,587587
1687734864,612836
1687734864,622788
1687734864,627393
1687734864,671124
1687734864,676926
1687734864,677929
1687734864,679560
1687734864,686252
1687734864,695637
1687734864,696377
1687734865,363060
1687734865,376157
1687734865,379227
1687734865,382881
1687734865,384969
1687734865,406209
1687734865,409678
1687734865,410916
1687734865,426819
1687734865,434906
1687734865,439905
1687734865,461728
1687734865,463066
1687734865,463190
1687734865,496169
1687734865,501700
1687734865,503427
1687734865,524446
1687734865,533206
1687734865,536617
1687734865,563832
1687734865,574036
1687734865,599159
1687734865,602028
1687734865,606994
1687734865,609802
1687734865,624456
1687734865,634949
1687734865,641540
1687734865,642173
1687734865,653938
1687734865,662960
1687734865,666625
1687734865,668871
1687734865,685586
1687734865,685860
1687734865,687170
1687734865,687949
1687734865,688197
1687734865,691714
1687734865,693796
1687734865,693808
1687734866,360521
1687734866,364965
1687734866,371171
1687734866,371269
1687734866,376147
1687734866,377173
1687734866,380108
1687734866,381479
1687734866,401633
1687734866,408251
1687734866,428312
1687734866,429408
1687734866,435445
1687734866,442338
1687734866,461640
1687734866,468243
1687734866,475160
1687734866,497071
1687734866,499706
1687734866,502417
1687734866,531062
1687734866,532956
1687734866,534257
1687734866,561057
1687734866,564880
1687734866,577891
1687734866,599931
1687734866,604466
1687734866,637549
1687734866,638182
1687734866,657970
1687734866,661783
1687734866,676300
1687734866,678129
1687734866,679965
1687734866,681383
1687734866,686839
1687734866,689743
1687734866,690949
1687734866,696253
1687734866,698771
1687734867,373162
1687734867,373464
1687734867,375093
1687734867,386691
1687734867,387747
1687734867,402138
1687734867,403104
1687734867,406318
1687734867,420284
1687734867,425410
1687734867,440594
1687734867,455448
1687734867,457056
1687734867,475873
1687734867,499388
1687734867,511400
1687734867,525101
1687734867,531654
1687734867,538715
1687734867,539587
1687734867,564003
1687734867,565555
1687734867,574396
1687734867,578543
1687734867,599087
1687734867,603267
1687734867,604673
1687734867,614487
1687734867,639110
1687734867,650013
1687734867,654936
1687734867,656870
1687734867,658840
1687734867,659653
1687734867,677234
1687734867,681614
1687734867,685982
1687734867,691988
1687734867,692858
1687734867,693304
1687734867,693629
1687734867,698785
1687734868,366752
1687734868,368149
1687734868,372008
1687734868,375481
1687734868,376073
1687734868,376818
1687734868,381831
1687734868,391284
1687734868,394258
1687734868,401348
1687734868,419356
1687734868,421372
1687734868,422166
1687734868,422788
1687734868,437483
1687734868,448054
1687734868,455979
1687734868,463628
1687734868,473786
1687734868,478436
1687734868,489642
1687734868,490929
1687734868,512854
1687734868,519757
1687734868,524699
1687734868,538582
1687734868,550823
1687734868,556708
1687734868,558735
1687734868,580902
1687734868,613329
1687734868,626907
1687734868,629261
1687734868,636177
1687734868,636691
1687734868,666367
1687734868,669449
1687734868,672714
1687734868,680008
1687734868,683492
1687734868,684153
1687734868,691082
1687734868,692510
1687734868,693952
1687734869,363345
1687734869,374046
1687734869,374454
1687734869,374612
1687734869,386311
1687734869,391381
1687734869,398226
1687734869,401371
1687734869,413950
1687734869,418402
1687734869,453873
1687734869,458687
1687734869,481844
1687734869,481994
1687734869,489949
1687734869,515714
1687734869,519103
1687734869,549873
1687734869,550544
1687734869,552567
1687734869,581814
1687734869,589030
1687734869,594357
1687734869,595888
1687734869,618152
1687734869,626807
1687734869,631396
1687734869,644289
1687734869,650582
1687734869,655560
1687734869,664152
1687734869,674206
1687734869,675218
1687734869,681150
1687734869,689405
1687734869,689807
1687734869,690252
1687734869,697999
1687734869,702474
1687734870,366613
1687734870,368305
1687734870,371941
1687734870,375636
1687734870,378950
1687734870,380734
1687734870,392653
1687734870,393949
1687734870,403232
1687734870,406106
1687734870,415389
1687734870,420357
1687734870,432907
1687734870,439632
1687734870,441730
1687734870,455588
1687734870,480425
1687734870,482138
1687734870,488394
1687734870,495073
1687734870,506175
1687734870,515414
1687734870,515760
1687734870,526945
1687734870,532582
1687734870,544494
1687734870,548563
1687734870,555737
1687734870,587638
1687734870,589657
1687734870,608842
1687734870,618343
1687734870,644329
1687734870,648739
1687734870,651696
1687734870,651983
1687734870,669542
1687734870,672651
1687734870,675761
1687734870,685242
1687734870,688199
1687734870,692290
1687734870,692707
1687734870,692711
1687734871,366899
1687734871,370142
1687734871,370273
1687734871,374051
1687734871,374947
1687734871,377513
1687734871,383163
1687734871,384180
1687734871,389041
1687734871,402382
1687734871,413995
1687734871,432391
1687734871,435180
1687734871,449341
1687734871,465011
1687734871,471325
1687734871,493172
1687734871,504075
1687734871,509702
1687734871,540020
1687734871,544899
1687734871,548106
1687734871,553118
1687734871,566493
1687734871,574579
1687734871,591730
1687734871,595107
1687734871,614429
1687734871,615685
1687734871,615866
1687734871,626385
1687734871,643075
1687734871,650160
1687734871,655744
1687734871,660811
1687734871,668369
1687734871,675866
1687734871,679397
1687734871,682826
1687734871,685576
1687734871,686713
1687734871,692781
1687734871,692836
1687734871,697090
1687734871,697615
1687734872,363475
1687734872,367390
1687734872,368493
1687734872,369445
1687734872,373776
1687734872,378723
1687734872,381520
1687734872,384772
1687734872,392013
1687734872,398398
1687734872,405849
1687734872,408143
1687734872,409674
1687734872,412993
1687734872,429866
1687734872,433158
1687734872,440284
1687734872,461743
1687734872,466180
1687734872,468938
1687734872,469027
1687734872,474855
1687734872,475997
1687734872,492600
1687734872,503566
1687734872,509202
1687734872,530407
1687734872,539724
1687734872,567509
1687734872,569490
1687734872,575301
1687734872,594900
1687734872,614938
1687734872,631224
1687734872,631748
1687734872,633099
1687734872,634378
1687734872,660320
1687734872,661911
1687734872,667131
1687734872,668754
1687734872,676597
1687734872,677895
1687734872,685844
1687734872,689399
1687734872,690740
1687734872,699608
1687734873,363677
1687734873,365463
1687734873,371027
1687734873,373476
1687734873,377647
1687734873,378417
1687734873,383280
1687734873,384821
1687734873,388289
1687734873,390990
1687734873,395997
1687734873,404018
1687734873,411588
1687734873,426858
1687734873,431927
1687734873,444171
1687734873,449357
1687734873,453817
1687734873,461806
1687734873,474895
1687734873,493315
1687734873,506341
1687734873,526932
1687734873,530890
1687734873,533824
1687734873,540090
1687734873,569081
1687734873,572496
1687734873,594207
1687734873,597202
1687734873,600148
1687734873,604465
1687734873,607347
1687734873,626695
1687734873,641697
1687734873,643338
1687734873,664493
1687734873,664656
1687734873,679914
1687734873,682130
1687734873,687678
1687734873,688292
1687734873,689971
1687734873,690390
1687734873,691780
1687734873,696636
1687734873,697222
1687734874,365318
1687734874,366664
1687734874,368014
1687734874,378922
1687734874,381181
1687734874,383838
1687734874,396333
1687734874,397908
1687734874,410656
1687734874,427739
1687734874,428102
1687734874,449577
1687734874,451962
1687734874,467128
1687734874,483258
1687734874,484819
1687734874,488986
1687734874,493237
1687734874,508366
1687734874,517230
1687734874,527317
1687734874,540913
1687734874,548398
1687734874,556606
1687734874,560323
1687734874,567388
1687734874,569428
1687734874,572392
1687734874,586663
1687734874,611534
1687734874,638263
1687734874,644118
1687734874,653589
1687734874,655125
1687734874,657654
1687734874,658409
1687734874,661955
1687734874,666025
1687734874,666991
1687734874,674482
1687734874,675051
1687734874,679924
1687734874,681924
1687734874,693719
1687734874,694426
1687734874,695406
1687734874,696170
1687734874,698745
1687734874,703838
1687734875,366161
1687734875,367396
1687734875,369586
1687734875,373137
1687734875,377780
1687734875,381837
1687734875,381904
1687734875,387934
1687734875,388027
1687734875,392636
1687734875,393531
1687734875,406743
1687734875,421056
1687734875,422258
1687734875,423004
1687734875,447680
1687734875,448178
1687734875,450998
1687734875,451048
1687734875,460971
1687734875,483185
1687734875,484508
1687734875,488447
1687734875,503196
1687734875,517975
1687734875,545341
1687734875,555569
1687734875,556677
1687734875,582145
1687734875,583416
1687734875,585598
1687734875,592061
1687734875,607454
1687734875,620030
1687734875,624758
1687734875,650570
1687734875,658465
1687734875,668788
1687734875,679576
1687734875,681088
1687734875,686089
1687734875,688736
1687734875,695629
1687734876,364307
1687734876,369604
1687734876,372377
1687734876,372671
1687734876,375899
1687734876,378480
1687734876,379710
1687734876,389137
1687734876,393403
1687734876,396036
1687734876,399271
1687734876,410434
1687734876,415815
1687734876,428432
1687734876,442610
1687734876,446969
1687734876,460412
1687734876,474089
1687734876,482211
1687734876,484573
1687734876,492189
1687734876,513546
1687734876,517280
1687734876,519984
1687734876,525927
1687734876,546286
1687734876,551555
1687734876,554710
1687734876,561910
1687734876,576534
1687734876,585696
1687734876,588032
1687734876,592119
1687734876,618699
1687734876,620109
1687734876,622606
1687734876,641608
1687734876,642377
1687734876,652152
1687734876,652170
1687734876,669425
1687734876,674044
1687734876,677649
1687734876,682540
1687734876,684852
1687734876,686128
1687734876,698689
1687734876,700342
1687734876,700649
1687734877,363957
1687734877,374151
1687734877,376084
1687734877,380281
1687734877,382970
1687734877,384292
1687734877,385630
1687734877,398357
1687734877,403169
1687734877,403353
1687734877,422840
1687734877,446182
1687734877,457454
1687734877,462564
1687734877,466487
1687734877,474502
1687734877,484795
1687734877,508012
1687734877,519861
1687734877,529914
1687734877,532647
1687734877,537572
1687734877,542373
1687734877,558186
1687734877,582097
1687734877,583087
1687734877,584299
1687734877,593907
1687734877,617016
1687734877,619422
1687734877,621791
1687734877,627333
1687734877,629315
1687734877,649735
1687734877,651662
1687734877,655020
1687734877,666573
1687734877,670193
1687734877,671832
1687734877,689039
1687734877,689069
1687734877,691741
1687734877,693109
1687734877,693338
1687734877,693520
1687734877,696731
1687734878,365244
1687734878,365641
1687734878,372610
1687734878,373759
1687734878,374651
1687734878,377201
1687734878,377636
1687734878,381843
1687734878,383992
1687734878,388713
1687734878,409604
1687734878,411731
1687734878,419771
1687734878,433028
1687734878,437856
1687734878,439207
1687734878,457317
1687734878,472506
1687734878,498289
1687734878,499963
1687734878,502573
1687734878,504039
1687734878,507755
1687734878,530087
1687734878,540454
1687734878,561489
1687734878,576104
1687734878,597864
1687734878,599903
1687734878,603049
1687734878,605999
1687734878,606423
1687734878,607742
1687734878,634651
1687734878,636978
1687734878,643337
1687734878,644616
1687734878,655118
1687734878,667185
1687734878,677671
1687734878,686867
1687734878,688439
1687734878,689259
1687734878,696872
1687734879,368565
1687734879,371785
1687734879,374560
1687734879,385309
1687734879,394164
1687734879,405299
1687734879,406557
1687734879,407747
1687734879,413662
1687734879,431893
1687734879,433680
1687734879,436989
1687734879,465687
1687734879,467881
1687734879,472392
1687734879,495203
1687734879,496631
1687734879,504025
1687734879,526959
1687734879,530310
1687734879,558001
1687734879,565948
1687734879,568374
1687734879,601988
1687734879,632816
1687734879,634806
1687734879,641276
1687734879,650539
1687734879,660437
1687734879,660787
1687734879,670857
1687734879,677589
1687734879,678103
1687734879,679747
1687734879,686026
1687734879,689042
1687734879,695639
1687734879,701407
1687734880,359471
1687734880,367434
1687734880,368727
1687734880,371010
1687734880,372153
1687734880,376175
1687734880,378595
1687734880,381767
1687734880,383250
1687734880,399431
1687734880,400682
1687734880,414717
1687734880,428414
1687734880,432577
1687734880,437432
1687734880,438867
1687734880,453638
1687734880,459438
1687734880,460511
1687734880,479218
1687734880,496051
1687734880,510932
1687734880,522477
1687734880,528554
1687734880,539690
1687734880,559268
1687734880,563207
1687734880,573856
1687734880,580455
1687734880,601446
1687734880,608783
1687734880,614764
1687734880,625634
1687734880,634092
1687734880,635520
1687734880,657011
1687734880,659072
1687734880,662510
1687734880,681931
1687734880,682310
1687734880,684354
1687734880,684829
1687734880,688924
1687734880,693008
1687734880,695089
1687734880,696557
1687734881,360955
1687734881,372250
1687734881,375432
1687734881,376102
1687734881,380414
1687734881,392844
1687734881,398449
1687734881,401606
1687734881,416023
1687734881,419820
1687734881,419922
1687734881,422818
1687734881,427074
1687734881,450362
1687734881,457139
1687734881,474308
1687734881,482897
1687734881,489562
1687734881,508938
1687734881,514480
1687734881,523409
1687734881,544433
1687734881,552777
1687734881,577036
1687734881,577545
1687734881,584277
1687734881,585812
1687734881,592454
1687734881,612649
1687734881,626157
1687734881,632549
1687734881,642472
1687734881,659325
1687734881,662638
1687734881,667352
1687734881,671461
1687734881,675224
1687734881,683508
1687734881,685817
1687734881,688277
1687734881,689163
1687734881,699939
1687734881,702329
1687734882,357332
1687734882,360520
1687734882,367257
1687734882,377702
1687734882,379347
1687734882,386717
1687734882,392020
1687734882,396045
1687734882,396119
1687734882,410027
1687734882,421795
1687734882,448652
1687734882,449233
1687734882,451272
1687734882,485724
1687734882,487400
1687734882,488150
1687734882,510225
1687734882,511906
1687734882,523102
1687734882,547461
1687734882,551036
1687734882,554800
1687734882,555403
1687734882,586303
1687734882,589063
1687734882,592815
1687734882,614309
1687734882,619114
1687734882,624453
1687734882,644361
1687734882,645927
1687734882,651436
1687734882,659562
1687734882,670568
1687734882,673778
1687734882,674683
1687734882,678742
1687734882,685653
1687734882,687895
1687734882,688938
1687734882,689036
1687734882,691319
1687734882,693499
1687734882,696172
1687734883,360702
1687734883,366206
1687734883,370411
1687734883,370771
1687734883,376506
1687734883,381220
1687734883,382573
1687734883,389340
1687734883,392798
1687734883,396763
1687734883,397347
1687734883,413960
1687734883,424854
1687734883,430185
1687734883,440375
1687734883,451923
1687734883,460288
1687734883,478072
1687734883,478285
1687734883,490015
1687734883,492001
1687734883,511347
1687734883,520450
1687734883,524603
1687734883,550967
1687734883,559107
1687734883,585042
1687734883,590427
1687734883,609623
1687734883,613952
1687734883,617623
1687734883,620782
1687734883,643876
1687734883,645635
1687734883,650209
1687734883,655129
1687734883,667036
1687734883,669329
1687734883,672573
1687734883,678168
1687734883,678683
1687734883,681283
1687734883,681993
1687734883,683476
1687734883,691224
1687734883,693688
1687734883,698661
1687734884,358464
1687734884,359355
1687734884,362994
1687734884,369231
1687734884,385917
1687734884,389674
1687734884,391654
1687734884,393452
1687734884,397251
1687734884,402114
1687734884,412136
1687734884,412289
1687734884,430665
1687734884,438434
1687734884,446163
1687734884,462213
1687734884,471673
1687734884,472540
1687734884,487733
1687734884,504906
1687734884,509199
1687734884,511345
1687734884,534765
1687734884,549730
1687734884,564491
1687734884,580245
1687734884,589593
1687734884,593800
1687734884,610546
1687734884,624543
1687734884,629208
1687734884,633436
1687734884,672381
1687734884,676983
1687734884,679053
1687734884,686661
1687734884,691840
1687734884,695622
1687734884,696284
1687734884,697987
1687734885,363106
1687734885,374800
1687734885,382107
1687734885,385643
1687734885,407905
1687734885,407913
1687734885,409516
1687734885,428574
1687734885,433165
1687734885,433657
1687734885,441901
1687734885,459754
1687734885,465111
1687734885,465468
1687734885,498148
1687734885,501256
1687734885,503723
1687734885,526326
1687734885,528396
1687734885,535197
1687734885,537426
1687734885,565799
1687734885,572106
1687734885,600806
1687734885,603809
1687734885,604917
1687734885,607663
1687734885,626346
1687734885,631033
1687734885,636611
1687734885,639665
1687734885,655205
1687734885,661615
1687734885,667647
1687734885,667729
1687734885,685107
1687734885,686489
1687734885,686610
1687734885,687680
1687734885,688098
1687734885,693035
1687734885,694590
1687734886,360022
1687734886,364966
1687734886,370853
1687734886,372088
1687734886,372170
1687734886,374250
1687734886,376638
1687734886,377010
1687734886,379253
1687734886,379880
1687734886,382652
1687734886,384730
1687734886,400125
1687734886,405295
1687734886,409614
1687734886,426218
1687734886,427448
1687734886,444142
1687734886,463889
1687734886,466116
1687734886,477242
1687734886,494844
1687734886,497327
1687734886,504499
1687734886,530824
1687734886,532087
1687734886,533081
1687734886,533584
1687734886,535559
1687734886,558846
1687734886,566969
1687734886,575661
1687734886,597917
1687734886,606460
1687734886,636804
1687734886,639118
1687734886,659495
1687734886,660091
1687734886,676029
1687734886,679000
1687734886,680150
1687734886,680940
1687734886,686060
1687734886,690029
1687734886,691966
1687734886,696650
1687734886,698648
1687734887,373851
1687734887,375652
1687734887,387002
1687734887,388025
1687734887,401556
1687734887,407952
1687734887,421903
1687734887,423854
1687734887,442574
1687734887,453500
1687734887,455144
1687734887,477837
1687734887,501394
1687734887,513201
1687734887,523176
1687734887,540502
1687734887,541562
1687734887,550346
1687734887,563239
1687734887,566284
1687734887,576740
1687734887,580686
1687734887,596857
1687734887,602202
1687734887,605125
1687734887,616210
1687734887,630801
1687734887,640615
1687734887,651444
1687734887,655297
1687734887,658360
1687734887,660231
1687734887,678205
1687734887,680696
1687734887,686878
1687734887,690648
1687734887,691934
1687734887,692702
1687734887,693504
1687734887,698356
1687734888,367152
1687734888,367384
1687734888,368489
1687734888,372827
1687734888,374555
1687734888,375979
1687734888,376143
1687734888,380648
1687734888,392190
1687734888,395458
1687734888,399878
1687734888,419680
1687734888,420827
1687734888,421262
1687734888,423850
1687734888,439550
1687734888,457916
1687734888,461893
1687734888,480427
1687734888,487436
1687734888,514272
1687734888,517467
1687734888,540812
1687734888,552818
1687734888,554734
1687734888,556909
1687734888,583258
1687734888,583428
1687734888,615286
1687734888,625066
1687734888,627327
1687734888,637726
1687734888,638335
1687734888,654729
1687734888,667849
1687734888,670777
1687734888,671584
1687734888,678496
1687734888,682821
1687734888,684949
1687734888,691039
1687734888,691862
1687734888,693239
1687734888,694383
1687734889,363008
1687734889,373898
1687734889,375237
1687734889,375675
1687734889,384995
1687734889,390469
1687734889,397012
1687734889,402628
1687734889,412534
1687734889,420172
1687734889,437852
1687734889,446305
1687734889,455709
1687734889,456980
1687734889,479789
1687734889,479894
1687734889,493059
1687734889,512355
1687734889,513348
1687734889,521273
1687734889,547565
1687734889,552773
1687734889,586958
1687734889,592039
1687734889,597898
1687734889,619937
1687734889,624584
1687734889,629102
1687734889,645755
1687734889,648958
1687734889,653943
1687734889,655246
1687734889,665285
1687734889,674305
1687734889,681877
1687734889,689427
1687734889,690038
1687734889,691592
1687734889,697562
1687734889,702690
1687734890,367055
1687734890,368336
1687734890,371393
1687734890,379440
1687734890,380064
1687734890,391476
1687734890,392093
1687734890,404672
1687734890,407463
1687734890,417083
1687734890,418811
1687734890,434808
1687734890,439651
1687734890,457473
1687734890,478218
1687734890,479860
1687734890,490659
1687734890,496958
1687734890,504001
1687734890,517390
1687734890,517605
1687734890,534655
1687734890,542290
1687734890,546411
1687734890,557952
1687734890,585352
1687734890,591784
1687734890,606778
1687734890,620109
1687734890,632643
1687734890,650371
1687734890,653174
1687734890,653965
1687734890,668094
1687734890,673853
1687734890,685087
1687734890,686203
1687734890,688054
1687734890,692732
1687734890,692804
1687734891,366118
1687734891,370598
1687734891,373475
1687734891,374009
1687734891,374644
1687734891,378149
1687734891,378482
1687734891,384204
1687734891,385519
1687734891,388204
1687734891,403832
1687734891,412704
1687734891,434334
1687734891,451419
1687734891,467191
1687734891,469209
1687734891,486193
1687734891,495153
1687734891,501862
1687734891,507683
1687734891,528697
1687734891,537681
1687734891,542602
1687734891,555340
1687734891,568623
1687734891,572304
1687734891,596885
1687734891,612310
1687734891,613761
1687734891,617566
1687734891,628218
1687734891,640205
1687734891,641517
1687734891,651660
1687734891,662342
1687734891,666825
1687734891,674390
1687734891,676505
1687734891,680450
1687734891,683105
1687734891,686044
1687734891,692585
1687734891,692781
1687734891,697164
1687734891,698021
1687734892,363477
1687734892,367085
1687734892,368685
1687734892,380484
1687734892,383393
1687734892,393079
1687734892,399876
1687734892,402635
1687734892,404435
1687734892,406766
1687734892,411365
1687734892,411505
1687734892,431801
1687734892,435130
1687734892,438356
1687734892,459438
1687734892,464162
1687734892,470707
1687734892,478035
1687734892,494599
1687734892,501553
1687734892,511083
1687734892,528293
1687734892,532521
1687734892,567248
1687734892,569950
1687734892,573099
1687734892,574683
1687734892,596757
1687734892,609237
1687734892,612688
1687734892,632468
1687734892,633572
1687734892,660394
1687734892,661797
1687734892,668127
1687734892,678825
1687734892,684426
1687734892,684992
1687734892,690433
1687734892,690762
1687734892,697428
1687734892,699517
1687734893,364915
1687734893,371838
1687734893,374426
1687734893,376547
1687734893,378313
1687734893,381201
1687734893,386177
1687734893,386479
1687734893,387428
1687734893,392434
1687734893,396673
1687734893,413459
1687734893,425296
1687734893,445766
1687734893,451500
1687734893,451967
1687734893,459756
1687734893,470905
1687734893,477045
1687734893,486991
1687734893,491101
1687734893,508366
1687734893,528676
1687734893,528831
1687734893,531614
1687734893,542172
1687734893,566656
1687734893,568841
1687734893,571514
1687734893,574735
1687734893,582777
1687734893,595203
1687734893,598256
1687734893,606552
1687734893,628418
1687734893,633675
1687734893,643423
1687734893,663496
1687734893,665658
1687734893,667748
1687734893,681081
1687734893,681149
1687734893,687521
1687734893,688244
1687734893,689836
1687734893,696964
1687734893,697025
1687734894,363840
1687734894,365529
1687734894,366461
1687734894,367239
1687734894,378794
1687734894,380645
1687734894,384642
1687734894,395054
1687734894,396889
1687734894,400633
1687734894,412410
1687734894,425762
1687734894,426799
1687734894,450228
1687734894,451579
1687734894,469257
1687734894,485222
1687734894,491051
1687734894,510493
1687734894,515090
1687734894,525302
1687734894,542913
1687734894,550278
1687734894,554549
1687734894,558286
1687734894,565361
1687734894,574585
1687734894,588907
1687734894,592453
1687734894,613357
1687734894,636299
1687734894,645604
1687734894,652890
1687734894,655836
1687734894,656371
1687734894,656524
1687734894,663480
1687734894,667485
1687734894,673464
1687734894,673974
1687734894,682694
1687734894,693271
1687734894,694093
1687734894,695515
1687734894,698821
1687734894,703618
1687734895,366510
1687734895,372332
1687734895,378247
1687734895,381884
1687734895,382458
1687734895,386781
1687734895,387610
1687734895,394227
1687734895,394498
1687734895,408514
1687734895,420673
1687734895,423112
1687734895,424736
1687734895,446417
1687734895,449609
1687734895,453088
1687734895,459326
1687734895,481004
1687734895,482423
1687734895,486649
1687734895,505105
1687734895,519995
1687734895,547528
1687734895,553336
1687734895,554523
1687734895,579937
1687734895,585673
1687734895,589867
1687734895,589956
1687734895,601925
1687734895,609224
1687734895,621994
1687734895,622478
1687734895,652127
1687734895,653325
1687734895,656892
1687734895,668199
1687734895,669979
1687734895,679121
1687734895,680253
1687734895,680584
1687734895,685630
1687734895,689579
1687734895,691286
1687734895,696110
1687734896,363745
1687734896,370197
1687734896,370376
1687734896,371501
1687734896,371780
1687734896,377224
1687734896,377825
1687734896,390252
1687734896,392357
1687734896,394746
1687734896,398355
1687734896,409178
1687734896,414272
1687734896,426684
1687734896,430386
1687734896,444753
1687734896,444891
1687734896,462564
1687734896,471730
1687734896,472461
1687734896,475836
1687734896,484119
1687734896,486542
1687734896,511110
1687734896,515139
1687734896,521839
1687734896,522515
1687734896,527883
1687734896,548453
1687734896,549577
1687734896,556789
1687734896,564147
1687734896,583606
1687734896,583981
1687734896,590203
1687734896,616851
1687734896,620508
1687734896,622114
1687734896,643230
1687734896,644018
1687734896,653775
1687734896,668300
1687734896,670572
1687734896,672571
1687734896,675114
1687734896,676070
1687734896,681839
1687734896,685313
1687734896,686556
1687734896,698975
1687734896,700745
1687734896,700993
1687734897,363720
1687734897,374710
1687734897,376498
1687734897,381361
1687734897,382562
1687734897,383178
1687734897,386473
1687734897,399643
1687734897,401674
1687734897,404800
1687734897,424675
1687734897,444218
1687734897,459441
1687734897,464303
1687734897,464726
1687734897,482846
1687734897,494357
1687734897,505748
1687734897,521831
1687734897,531964
1687734897,535591
1687734897,540572
1687734897,560275
1687734897,579689
1687734897,582076
1687734897,585152
1687734897,596029
1687734897,614936
1687734897,617155
1687734897,623440
1687734897,629181
1687734897,642574
1687734897,642630
1687734897,647656
1687734897,653140
1687734897,656356
1687734897,667907
1687734897,668494
1687734897,672809
1687734897,688890
1687734897,689027
1687734897,693775
1687734897,693962
1687734897,694014
1687734897,696293
1687734898,365565
1687734898,366189
1687734898,372689
1687734898,373235
1687734898,373738
1687734898,377567
1687734898,377985
1687734898,382991
1687734898,383081
1687734898,387917
1687734898,410354
1687734898,411016
1687734898,421584
1687734898,430891
1687734898,433222
1687734898,437634
1687734898,439879
1687734898,459442
1687734898,470642
1687734898,500377
1687734898,500571
1687734898,501884
1687734898,502068
1687734898,505651
1687734898,524515
1687734898,527773
1687734898,534676
1687734898,538191
1687734898,563641
1687734898,573767
1687734898,599562
1687734898,604453
1687734898,605089
1687734898,605751
1687734898,622372
1687734898,631214
1687734898,635061
1687734898,636435
1687734898,641700
1687734898,656590
1687734898,666059
1687734898,677620
1687734898,678578
1687734898,683996
1687734898,685972
1687734898,686242
1687734898,688372
1687734898,689287
1687734898,689768
1687734898,690783
1687734898,697194
1687734899,360026
1687734899,368169
1687734899,370208
1687734899,372230
1687734899,374514
1687734899,374607
1687734899,385481
1687734899,386678
1687734899,403643
1687734899,405285
1687734899,405922
1687734899,406481
1687734899,415010
1687734899,429867
1687734899,430343
1687734899,432060
1687734899,438761
1687734899,465747
1687734899,468089
1687734899,474343
1687734899,492860
1687734899,498736
1687734899,498799
1687734899,505957
1687734899,525014
1687734899,537485
1687734899,560171
1687734899,563846
1687734899,566180
1687734899,603961
1687734899,603979
1687734899,605451
1687734899,630750
1687734899,636704
1687734899,638913
1687734899,651820
1687734899,659144
1687734899,662092
1687734899,669117
1687734899,676787
1687734899,679252
1687734899,680983
1687734899,682003
1687734899,682125
1687734899,689444
1687734899,690302
1687734899,695787
1687734899,701054
1687734900,366823
1687734900,368564
1687734900,369013
1687734900,371691
1687734900,371964
1687734900,376154
1687734900,377179
1687734900,381403
1687734900,382389
1687734900,397834
1687734900,399595
1687734900,399774
1687734900,416621
1687734900,426976
1687734900,434588
1687734900,439553
1687734900,440783
1687734900,451300
1687734900,456991
1687734900,458789
1687734900,481415
1687734900,494184
1687734900,498959
1687734900,512597
1687734900,520194
1687734900,526602
1687734900,541614
1687734900,557124
1687734900,561002
1687734900,576100
1687734900,599681
1687734900,602087
1687734900,610603
1687734900,616700
1687734900,623922
1687734900,635617
1687734900,641141
1687734900,655419
1687734900,657939
1687734900,663856
1687734900,671763
1687734900,681038
1687734900,682882
1687734900,683404
1687734900,683793
1687734900,685214
1687734900,688799
1687734900,692714
1687734900,695765
1687734900,696125
1687734901,360573
1687734901,367586
1687734901,372756
1687734901,374931
1687734901,376284
1687734901,393846
1687734901,395257
1687734901,397538
1687734901,402783
1687734901,417836
1687734901,417880
1687734901,421666
1687734901,421803
1687734901,425393
1687734901,452236
1687734901,455087
1687734901,476397
1687734901,484768
1687734901,487500
1687734901,510833
1687734901,521144
1687734901,525523
1687734901,546878
1687734901,550665
1687734901,579199
1687734901,579896
1687734901,582063
1687734901,587982
1687734901,590269
1687734901,614398
1687734901,624074
1687734901,628623
1687734901,644157
1687734901,657589
1687734901,663969
1687734901,668417
1687734901,670325
1687734901,671827
1687734901,684289
1687734901,685022
1687734901,687814
1687734901,688600
1687734901,689498
1687734901,699920
1687734901,702515
1687734902,357743
1687734902,360730
1687734902,367059
1687734902,376723
1687734902,380279
1687734902,380538
1687734902,382207
1687734902,385959
1687734902,390817
1687734902,394764
1687734902,397535
1687734902,411154
1687734902,423632
1687734902,447020
1687734902,447351
1687734902,453342
1687734902,476840
1687734902,483388
1687734902,486328
1687734902,489512
1687734902,493933
1687734902,512013
1687734902,513991
1687734902,520994
1687734902,535563
1687734902,549262
1687734902,549811
1687734902,553184
1687734902,557000
1687734902,578661
1687734902,586776
1687734902,588494
1687734902,612332
1687734902,621035
1687734902,622358
1687734902,642257
1687734902,644122
1687734902,647606
1687734902,653020
1687734902,657634
1687734902,660806
1687734902,673450
1687734902,674764
1687734902,677153
1687734902,686355
1687734902,688921
1687734902,689062
1687734902,692923
1687734902,695741
1687734903,360114
1687734903,366484
1687734903,370509
1687734903,371337
1687734903,377417
1687734903,380351
1687734903,383794
1687734903,390156
1687734903,391224
1687734903,398048
1687734903,398780
1687734903,412605
1687734903,432210
1687734903,438591
1687734903,444005
1687734903,444931
1687734903,454006
1687734903,462286
1687734903,475864
1687734903,476337
1687734903,491951
1687734903,509367
1687734903,522338
1687734903,526416
1687734903,548922
1687734903,549345
1687734903,552623
1687734903,561115
1687734903,566870
1687734903,582702
1687734903,592381
1687734903,607547
1687734903,615744
1687734903,615775
1687734903,622778
1687734903,634921
1687734903,647158
1687734903,648404
1687734903,650407
1687734903,656544
1687734903,665633
1687734903,673771
1687734903,678282
1687734903,679388
1687734903,681626
1687734903,682234
1687734903,683999
1687734903,690886
1687734903,691764
1687734903,694034
1687734903,698910
1687734904,358257
1687734904,359299
1687734904,363577
1687734904,368531
1687734904,380566
1687734904,386989
1687734904,388566
1687734904,390506
1687734904,392594
1687734904,398494
1687734904,403802
1687734904,410534
1687734904,410635
1687734904,432538
1687734904,440324
1687734904,464009
1687734904,469593
1687734904,470255
1687734904,489884
1687734904,502478
1687734904,507047
1687734904,509249
1687734904,530402
1687734904,547267
1687734904,572807
1687734904,577834
1687734904,595842
1687734904,608218
1687734904,626278
1687734904,631058
1687734904,638248
1687734904,656888
1687734904,673648
1687734904,675980
1687734904,678519
1687734904,687031
1687734904,695574
1687734904,696243
1687734905,363218
1687734905,373544
1687734905,381347
1687734905,386357
1687734905,406181
1687734905,408135
1687734905,409629
1687734905,430342
1687734905,431415
1687734905,431905
1687734905,443899
1687734905,449180
1687734905,457879
1687734905,467166
1687734905,467770
1687734905,499076
1687734905,500125
1687734905,505677
1687734905,528197
1687734905,532889
1687734905,535114
1687734905,537236
1687734905,567775
1687734905,570172
1687734905,602420
1687734905,602811
1687734905,605498
1687734905,605539
1687734905,628233
1687734905,628969
1687734905,637730
1687734905,638266
1687734905,656489
1687734905,660301
1687734905,666597
1687734905,668692
1687734905,684627
1687734905,686054
1687734905,687142
1687734905,687400
1687734905,687988
1687734905,691976
1687734905,692179
1687734905,695307
1687734906,359575
1687734906,365006
1687734906,370580
1687734906,372937
1687734906,376100
1687734906,377924
1687734906,378488
1687734906,383856
1687734906,386250
1687734906,398669
1687734906,411015
1687734906,424197
1687734906,425547
1687734906,445950
1687734906,463989
1687734906,466128
1687734906,479320
1687734906,483972
1687734906,492610
1687734906,495001
1687734906,506591
1687734906,528682
1687734906,529950
1687734906,556656
1687734906,569068
1687734906,573478
1687734906,594636
1687734906,595892
1687734906,608424
1687734906,635361
1687734906,640647
1687734906,658341
1687734906,661031
1687734906,675729
1687734906,678931
1687734906,679817
1687734906,681868
1687734906,685234
1687734906,692086
1687734906,697033
1687734906,698519
1687734907,367569
1687734907,371214
1687734907,374253
1687734907,376274
1687734907,379537
1687734907,386305
1687734907,389399
1687734907,398399
1687734907,399063
1687734907,400123
1687734907,409604
1687734907,422305
1687734907,422359
1687734907,423538
1687734907,444572
1687734907,451606
1687734907,453256
1687734907,479795
1687734907,503367
1687734907,514998
1687734907,521240
1687734907,542295
1687734907,543562
1687734907,560935
1687734907,568559
1687734907,579087
1687734907,582819
1687734907,599781
1687734907,617959
1687734907,629024
1687734907,642059
1687734907,652865
1687734907,653655
1687734907,657013
1687734907,661640
1687734907,679145
1687734907,679757
1687734907,687761
1687734907,690289
1687734907,691819
1687734907,692458
1687734907,693295
1687734907,697900
1687734908,367407
1687734908,368868
1687734908,371233
1687734908,373644
1687734908,373674
1687734908,375496
1687734908,375865
1687734908,393117
1687734908,396691
1687734908,418029
1687734908,419731
1687734908,425575
1687734908,441636
1687734908,459809
1687734908,460190
1687734908,482417
1687734908,485215
1687734908,515202
1687734908,515715
1687734908,543008
1687734908,552834
1687734908,554847
1687734908,555064
1687734908,581253
1687734908,585624
1687734908,590683
1687734908,617267
1687734908,623221
1687734908,625378
1687734908,639251
1687734908,639989
1687734908,651718
1687734908,652307
1687734908,669311
1687734908,672048
1687734908,674525
1687734908,676949
1687734908,682120
1687734908,685723
1687734908,690958
1687734908,691210
1687734908,692920
1687734908,694765
1687734909,362755
1687734909,373766
1687734909,376108
1687734909,383656
1687734909,389544
1687734909,395793
1687734909,403908
1687734909,411171
1687734909,421011
1687734909,421988
1687734909,444586
1687734909,455261
1687734909,457551
1687734909,476037
1687734909,477735
1687734909,477898
1687734909,495151
1687734909,510178
1687734909,510980
1687734909,523430
1687734909,545310
1687734909,555009
1687734909,584886
1687734909,586109
1687734909,589696
1687734909,599870
1687734909,621737
1687734909,622347
1687734909,626772
1687734909,647247
1687734909,647309
1687734909,670468
1687734909,673331
1687734909,675969
1687734909,682621
1687734909,689049
1687734909,690654
1687734909,696657
1687734909,697056
1687734909,702853
1687734910,368399
1687734910,370851
1687734910,375682
1687734910,379437
1687734910,380016
1687734910,385293
1687734910,390298
1687734910,390361
1687734910,406127
1687734910,408862
1687734910,417265
1687734910,418805
1687734910,436130
1687734910,436718
1687734910,437589
1687734910,459333
1687734910,477570
1687734910,492915
1687734910,498856
1687734910,501830
1687734910,519390
1687734910,519455
1687734910,535345
1687734910,536691
1687734910,540093
1687734910,544243
1687734910,560149
1687734910,583067
1687734910,593862
1687734910,604702
1687734910,621862
1687734910,634029
1687734910,640827
1687734910,652015
1687734910,652154
1687734910,654648
1687734910,666681
1687734910,674959
1687734910,684563
1687734910,687179
1687734910,687895
1687734910,690864
1687734910,692759
1687734910,692888
1687734911,365425
1687734911,371076
1687734911,372941
1687734911,374284
1687734911,374324
1687734911,379458
1687734911,386912
1687734911,387422
1687734911,405265
1687734911,411446
1687734911,431291
1687734911,436252
1687734911,453496
1687734911,467124
1687734911,469362
1687734911,497102
1687734911,499646
1687734911,505678
1687734911,530451
1687734911,540303
1687734911,557531
1687734911,570018
1687734911,570786
1687734911,591581
1687734911,598617
1687734911,603881
1687734911,610179
1687734911,611768
1687734911,630022
1687734911,639903
1687734911,653093
1687734911,663872
1687734911,665291
1687734911,672879
1687734911,677228
1687734911,681457
1687734911,683383
1687734911,685310
1687734911,690107
1687734911,692322
1687734911,692751
1687734911,697255
1687734911,698429
1687734912,363510
1687734912,366813
1687734912,368918
1687734912,370936
1687734912,377602
1687734912,379463
1687734912,382048
1687734912,394178
1687734912,401344
1687734912,403074
1687734912,405432
1687734912,409747
1687734912,413378
1687734912,433728
1687734912,436459
1687734912,437098
1687734912,450115
1687734912,457137
1687734912,462166
1687734912,472503
1687734912,480048
1687734912,496603
1687734912,499556
1687734912,512974
1687734912,526254
1687734912,534639
1687734912,565013
1687734912,570963
1687734912,571177
1687734912,572385
1687734912,598569
1687734912,610394
1687734912,630557
1687734912,635364
1687734912,658839
1687734912,663269
1687734912,669105
1687734912,679687
1687734912,684170
1687734912,690120
1687734912,691066
1687734912,691129
1687734912,696777
1687734912,699361
1687734913,364421
1687734913,372750
1687734913,375408
1687734913,375489
1687734913,378218
1687734913,382072
1687734913,386606
1687734913,393882
1687734913,397398
1687734913,401270
1687734913,415349
1687734913,423742
1687734913,447383
1687734913,453614
1687734913,457681
1687734913,472850
1687734913,479164
1687734913,484979
1687734913,488897
1687734913,510413
1687734913,520326
1687734913,526480
1687734913,530753
1687734913,544317
1687734913,564208
1687734913,576759
1687734913,576950
1687734913,585096
1687734913,593202
1687734913,596364
1687734913,608627
1687734913,611154
1687734913,630140
1687734913,631809
1687734913,638936
1687734913,645133
1687734913,645938
1687734913,662463
1687734913,666671
1687734913,666707
1687734913,680077
1687734913,682213
1687734913,686718
1687734913,688760
1687734913,689684
1687734913,696666
1687734913,697295
1687734914,364059
1687734914,365858
1687734914,366283
1687734914,366484
1687734914,378612
1687734914,380144
1687734914,385419
1687734914,387398
1687734914,387553
1687734914,393776
1687734914,395889
1687734914,410318
1687734914,414205
1687734914,423821
1687734914,425545
1687734914,448495
1687734914,453574
1687734914,487187
1687734914,488870
1687734914,512629
1687734914,512938
1687734914,523308
1687734914,535131
1687734914,544897
1687734914,552182
1687734914,552488
1687734914,556255
1687734914,563342
1687734914,573613
1687734914,590702
1687734914,591080
1687734914,615178
1687734914,634313
1687734914,647060
1687734914,653975
1687734914,654643
1687734914,657579
1687734914,665027
1687734914,668943
1687734914,672378
1687734914,672872
1687734914,683432
1687734914,691307
1687734914,692796
1687734914,693751
1687734914,695575
1687734914,697083
1687734914,698881
1687734914,703346
1687734915,366871
1687734915,371557
1687734915,378775
1687734915,381931
1687734915,383137
1687734915,395525
1687734915,395863
1687734915,419145
1687734915,425175
1687734915,426504
1687734915,444711
1687734915,451526
1687734915,455208
1687734915,457665
1687734915,478805
1687734915,480346
1687734915,507068
1687734915,521998
1687734915,523688
1687734915,529400
1687734915,549722
1687734915,551108
1687734915,552330
1687734915,587589
1687734915,587764
1687734915,587869
1687734915,610976
1687734915,620216
1687734915,623969
1687734915,648613
1687734915,651016
1687734915,653644
1687734915,655262
1687734915,669386
1687734915,671098
1687734915,678288
1687734915,680047
1687734915,680881
1687734915,685181
1687734915,690393
1687734915,691200
1687734915,696548
1687734915,701100
1687734916,363235
1687734916,370669
1687734916,370923
1687734916,376961
1687734916,377155
1687734916,378593
1687734916,380989
1687734916,391311
1687734916,391381
1687734916,397475
1687734916,407943
1687734916,412751
1687734916,428538
1687734916,428750
1687734916,446928
1687734916,464698
1687734916,477803
1687734916,486003
1687734916,488472
1687734916,508687
1687734916,512966
1687734916,529834
1687734916,547638
1687734916,550608
1687734916,558867
1687734916,566383
1687734916,577737
1687734916,581470
1687734916,592361
1687734916,614994
1687734916,618472
1687734916,624125
1687734916,644842
1687734916,645617
1687734916,655336
1687734916,666413
1687734916,667164
1687734916,671071
1687734916,671770
1687734916,674480
1687734916,681131
1687734916,686989
1687734916,688675
1687734916,699218
1687734916,701275
1687734917,363525
1687734917,367524
1687734917,370877
1687734917,375266
1687734917,382141
1687734917,382188
1687734917,382531
1687734917,387326
1687734917,400056
1687734917,400967
1687734917,406436
1687734917,426518
1687734917,442246
1687734917,461466
1687734917,462168
1687734917,466860
1687734917,480848
1687734917,496529
1687734917,503542
1687734917,523816
1687734917,533629
1687734917,534016
1687734917,535976
1687734917,538757
1687734917,562382
1687734917,579772
1687734917,587223
1687734917,598150
1687734917,612814
1687734917,614862
1687734917,619231
1687734917,625060
1687734917,630982
1687734917,640534
1687734917,645532
1687734917,654614
1687734917,657633
1687734917,669268
1687734917,673792
1687734917,685054
1687734917,689019
1687734917,690323
1687734917,694205
1687734917,694280
1687734917,695727
1687734918,365906
1687734918,366773
1687734918,371560
1687734918,372843
1687734918,373894
1687734918,377524
1687734918,378753
1687734918,382018
1687734918,384342
1687734918,387138
1687734918,409006
1687734918,412440
1687734918,423400
1687734918,428807
1687734918,436056
1687734918,441898
1687734918,442819
1687734918,461545
1687734918,468823
1687734918,470497
1687734918,498640
1687734918,500031
1687734918,502472
1687734918,503494
1687734918,503791
1687734918,525467
1687734918,526549
1687734918,536742
1687734918,565782
1687734918,571432
1687734918,601225
1687734918,602503
1687734918,603729
1687734918,607120
1687734918,624066
1687734918,633087
1687734918,638163
1687734918,640058
1687734918,658062
1687734918,663374
1687734918,664940
1687734918,679423
1687734918,682593
1687734918,683581
1687734918,686445
1687734918,687487
1687734918,690109
1687734918,694886
1687734918,697511
1687734919,360620
1687734919,367800
1687734919,372738
1687734919,374501
1687734919,374978
1687734919,384547
1687734919,388042
1687734919,396355
1687734919,401962
1687734919,404027
1687734919,404156
1687734919,407678
1687734919,416432
1687734919,427848
1687734919,430466
1687734919,440580
1687734919,463618
1687734919,476322
1687734919,490546
1687734919,496571
1687734919,500878
1687734919,507870
1687734919,523083
1687734919,539372
1687734919,561813
1687734919,562353
1687734919,563975
1687734919,603765
1687734919,605866
1687734919,628670
1687734919,636519
1687734919,638587
1687734919,653076
1687734919,657838
1687734919,666753
1687734919,667332
1687734919,676009
1687734919,680392
1687734919,681318
1687734919,682169
1687734919,689827
1687734919,689960
1687734919,700726
1687734920,366696
1687734920,369305
1687734920,369737
1687734920,371802
1687734920,372391
1687734920,375759
1687734920,376144
1687734920,381054
1687734920,381500
1687734920,396301
1687734920,398579
1687734920,401407
1687734920,425548
1687734920,436602
1687734920,441705
1687734920,442683
1687734920,448980
1687734920,454560
1687734920,457042
1687734920,483626
1687734920,492356
1687734920,500936
1687734920,514256
1687734920,517924
1687734920,524638
1687734920,537546
1687734920,543537
1687734920,555031
1687734920,558823
1687734920,578306
1687734920,581321
1687734920,597894
1687734920,603780
1687734920,612407
1687734920,618598
1687734920,622265
1687734920,637144
1687734920,653759
1687734920,656740
1687734920,665216
1687734920,669414
1687734920,672638
1687734920,678609
1687734920,680095
1687734920,682700
1687734920,683100
1687734920,683440
1687734920,686046
1687734920,688681
1687734920,692416
1687734920,695687
1687734920,696376
1687734921,360181
1687734921,360947
1687734921,367226
1687734921,373293
1687734921,373786
1687734921,377166
1687734921,389576
1687734921,394867
1687734921,396624
1687734921,403961
1687734921,415950
1687734921,419635
1687734921,419929
1687734921,423378
1687734921,423723
1687734921,453047
1687734921,454125
1687734921,471389
1687734921,478489
1687734921,485399
1687734921,486610
1687734921,512744
1687734921,518903
1687734921,523335
1687734921,548613
1687734921,549349
1687734921,579910
1687734921,582197
1687734921,588087
1687734921,588564
1687734921,590120
1687734921,616164
1687734921,622012
1687734921,626980
1687734921,636379
1687734921,645822
1687734921,647509
1687734921,655798
1687734921,665280
1687734921,669146
1687734921,673089
1687734921,684219
1687734921,685045
1687734921,687356
1687734921,689276
1687734921,689830
1687734921,695240
1687734921,699873
1687734921,702666
1687734922,358216
1687734922,366895
1687734922,375802
1687734922,381240
1687734922,383255
1687734922,385265
1687734922,393494
1687734922,398949
1687734922,412377
1687734922,419227
1687734922,425478
1687734922,445415
1687734922,445501
1687734922,447300
1687734922,455455
1687734922,478884
1687734922,481091
1687734922,484453
1687734922,491589
1687734922,495827
1687734922,513815
1687734922,516070
1687734922,518821
1687734922,547513
1687734922,550981
1687734922,552147
1687734922,559185
1687734922,584472
1687734922,590635
1687734922,606924
1687734922,610384
1687734922,620306
1687734922,622942
1687734922,642363
1687734922,646346
1687734922,654566
1687734922,655631
1687734922,661962
1687734922,672177
1687734922,675534
1687734922,675743
1687734922,687036
1687734922,688891
1687734922,689058
1687734922,692331
1687734923,359603
1687734923,366771
1687734923,367879
1687734923,370695
1687734923,371202
1687734923,371924
1687734923,378382
1687734923,379862
1687734923,384960
1687734923,389618
1687734923,390970
1687734923,399399
1687734923,400274
1687734923,411284
1687734923,434176
1687734923,436799
1687734923,442710
1687734923,456095
1687734923,464267
1687734923,473684
1687734923,474396
1687734923,493901
1687734923,507371
1687734923,524212
1687734923,528214
1687734923,546831
1687734923,547271
1687734923,554892
1687734923,563142
1687734923,580315
1687734923,594288
1687734923,605468
1687734923,613871
1687734923,617581
1687734923,624798
1687734923,646527
1687734923,648669
1687734923,657940
1687734923,664216
1687734923,674960
1687734923,677919
1687734923,680568
1687734923,681254
1687734923,683168
1687734923,684501
1687734923,685783
1687734923,690513
1687734923,691376
1687734923,694325
1687734923,699146
1687734924,358095
1687734924,359273
1687734924,364244
1687734924,370923
1687734924,381257
1687734924,387466
1687734924,388072
1687734924,389391
1687734924,391825
1687734924,393514
1687734924,399718
1687734924,405467
1687734924,408915
1687734924,408988
1687734924,432349
1687734924,434423
1687734924,441897
1687734924,442217
1687734924,454114
1687734924,465787
1687734924,467512
1687734924,468028
1687734924,470430
1687734924,492013
1687734924,499987
1687734924,504891
1687734924,507151
1687734924,532413
1687734924,544823
1687734924,554091
1687734924,569289
1687734924,570945
1687734924,575433
1687734924,593526
1687734924,597849
1687734924,605880
1687734924,627971
1687734924,632897
1687734924,633121
1687734924,636261
1687734924,647877
1687734924,658534
1687734924,674882
1687734924,674899
1687734924,677968
1687734924,687368
1687734924,691329
1687734924,692576
1687734924,695494
1687734924,696244
1687734925,363420
1687734925,372408
1687734925,380589
1687734925,382886
1687734925,385581
1687734925,387070
1687734925,404478
1687734925,406774
1687734925,411388
1687734925,429702
1687734925,432132
1687734925,445868
1687734925,456065
1687734925,463734
1687734925,468348
1687734925,469210
1687734925,470081
1687734925,496845
1687734925,502102
1687734925,507580
1687734925,530078
1687734925,532787
1687734925,539312
1687734925,568189
1687734925,568419
1687734925,569751
1687734925,571340
1687734925,600714
1687734925,603297
1687734925,603947
1687734925,607236
1687734925,626894
1687734925,630124
1687734925,635762
1687734925,639858
1687734925,657754
1687734925,659023
1687734925,665436
1687734925,667402
1687734925,669707
1687734925,684150
1687734925,685479
1687734925,687102
1687734925,687762
1687734925,687875
1687734925,691249
1687734925,692120
1687734926,365065
1687734926,370351
1687734926,373841
1687734926,375582
1687734926,377854
1687734926,378855
1687734926,385072
1687734926,387826
1687734926,397248
1687734926,398773
1687734926,412459
1687734926,422219
1687734926,430557
1687734926,447759
1687734926,461864
1687734926,481411
1687734926,481760
1687734926,490385
1687734926,492711
1687734926,508697
1687734926,526536
1687734926,527825
1687734926,531707
1687734926,554492
1687734926,571156
1687734926,593891
1687734926,610392
1687734926,629482
1687734926,633863
1687734926,642153
1687734926,656582
1687734926,662544
1687734926,675385
1687734926,676757
1687734926,677701
1687734926,680569
1687734926,682785
1687734926,684350
1687734926,685841
1687734926,692147
1687734926,695909
1687734926,697386
1687734926,698356
1687734927,365571
1687734927,368030
1687734927,370254
1687734927,374648
1687734927,376936
1687734927,385678
1687734927,390803
1687734927,396661
1687734927,397439
1687734927,411289
1687734927,418536
1687734927,420922
1687734927,423816
1687734927,425175
1687734927,446583
1687734927,449742
1687734927,451398
1687734927,481782
1687734927,489474
1687734927,505359
1687734927,516789
1687734927,519320
1687734927,544123
1687734927,545590
1687734927,553245
1687734927,558673
1687734927,570811
1687734927,581413
1687734927,584983
1687734927,592401
1687734927,595148
1687734927,597343
1687734927,608734
1687734927,619710
1687734927,627204
1687734927,643461
1687734927,651956
1687734927,654265
1687734927,655612
1687734927,663040
1687734927,673777
1687734927,678790
1687734927,680039
1687734927,688626
1687734927,690495
1687734927,691627
1687734927,692146
1687734927,693030
1687734927,697410
1687734928,367449
1687734928,369278
1687734928,372161
1687734928,372772
1687734928,374551
1687734928,374902
1687734928,375720
1687734928,378498
1687734928,394073
1687734928,396918
1687734928,397955
1687734928,411599
1687734928,416414
1687734928,418174
1687734928,427319
1687734928,443741
1687734928,458528
1687734928,461718
1687734928,482980
1687734928,484387
1687734928,488455
1687734928,507109
1687734928,512979
1687734928,518147
1687734928,545188
1687734928,550966
1687734928,556929
1687734928,573555
1687734928,579066
1687734928,587960
1687734928,601910
1687734928,606650
1687734928,619206
1687734928,621400
1687734928,623421
1687734928,640726
1687734928,641623
1687734928,650100
1687734928,670742
1687734928,673268
1687734928,675365
1687734928,676161
1687734928,681417
1687734928,685586
1687734928,686470
1687734928,690571
1687734928,690868
1687734928,695175
1687734929,362601
1687734929,373638
1687734929,377035
1687734929,382290
1687734929,388576
1687734929,394594
1687734929,405188
1687734929,409854
1687734929,423829
1687734929,434454
1687734929,442899
1687734929,453545
1687734929,459388
1687734929,469400
1687734929,473852
1687734929,475689
1687734929,475762
1687734929,479961
1687734929,497222
1687734929,507988
1687734929,508630
1687734929,525553
1687734929,537908
1687734929,543106
1687734929,557268
1687734929,580878
1687734929,582853
1687734929,587315
1687734929,588217
1687734929,601777
1687734929,620092
1687734929,623552
1687734929,624384
1687734929,645630
1687734929,648693
1687734929,650656
1687734929,667488
1687734929,669327
1687734929,672296
1687734929,676760
1687734929,683354
1687734929,688631
1687734929,691218
1687734929,691817
1687734929,692788
1687734929,696470
1687734929,702965
1687734930,368007
1687734930,368519
1687734930,370337
1687734930,372467
1687734930,375676
1687734930,378837
1687734930,380655
1687734930,388559
1687734930,389300
1687734930,407581
1687734930,410317
1687734930,415689
1687734930,420581
1687734930,435555
1687734930,438598
1687734930,461190
1687734930,475293
1687734930,495146
1687734930,499655
1687734930,500780
1687734930,521291
1687734930,521367
1687734930,538725
1687734930,542064
1687734930,562351
1687734930,580777
1687734930,595900
1687734930,602595
1687734930,620896
1687734930,623635
1687734930,635390
1687734930,639061
1687734930,640613
1687734930,650290
1687734930,653643
1687734930,656089
1687734930,665279
1687734930,665378
1687734930,676008
1687734930,684010
1687734930,687709
1687734930,688151
1687734930,690115
1687734930,692956
1687734931,364782
1687734931,371553
1687734931,373956
1687734931,374625
1687734931,380458
1687734931,386428
1687734931,386662
1687734931,388367
1687734931,401786
1687734931,406729
1687734931,410189
1687734931,429369
1687734931,438170
1687734931,455600
1687734931,465057
1687734931,471543
1687734931,497420
1687734931,499056
1687734931,503659
1687734931,530964
1687734931,532230
1687734931,533007
1687734931,537230
1687734931,538001
1687734931,559710
1687734931,567735
1687734931,573038
1687734931,574826
1687734931,577295
1687734931,600347
1687734931,605772
1687734931,608062
1687734931,609754
1687734931,631825
1687734931,638257
1687734931,654458
1687734931,663757
1687734931,671334
1687734931,677946
1687734931,682400
1687734931,683689
1687734931,684574
1687734931,690409
1687734931,692053
1687734931,692686
1687734931,697381
1687734931,698848
1687734932,359947
1687734932,363597
1687734932,366596
1687734932,369200
1687734932,371654
1687734932,377090
1687734932,378476
1687734932,380747
1687734932,395299
1687734932,402852
1687734932,404139
1687734932,408135
1687734932,415277
1687734932,423705
1687734932,434613
1687734932,435642
1687734932,439082
1687734932,454818
1687734932,460171
1687734932,474287
1687734932,482063
1687734932,486682
1687734932,497579
1687734932,498587
1687734932,514864
1687734932,524246
1687734932,536777
1687734932,562755
1687734932,568813
1687734932,600359
1687734932,608043
1687734932,613074
1687734932,628623
1687734932,637138
1687734932,657291
1687734932,664739
1687734932,670034
1687734932,680496
1687734932,683336
1687734932,685878
1687734932,689765
1687734932,691518
1687734932,695943
1687734932,696063
1687734932,699141
1687734933,359213
1687734933,363994
1687734933,373693
1687734933,374456
1687734933,376435
1687734933,378134
1687734933,383044
1687734933,385806
1687734933,398173
1687734933,399901
1687734933,417252
1687734933,422187
1687734933,430175
1687734933,448289
1687734933,449057
1687734933,455601
1687734933,455698
1687734933,474851
1687734933,481275
1687734933,482984
1687734933,512424
1687734933,524264
1687734933,527235
1687734933,532736
1687734933,546536
1687734933,561770
1687734933,579179
1687734933,587409
1687734933,591181
1687734933,594494
1687734933,610657
1687734933,629955
1687734933,631875
1687734933,636680
1687734933,646868
1687734933,661326
1687734933,665608
1687734933,667693
1687734933,678918
1687734933,679578
1687734933,683305
1687734933,689273
1687734933,689483
1687734933,696330
1687734933,697491
1687734934,364294
1687734934,366166
1687734934,367252
1687734934,378417
1687734934,379672
1687734934,386172
1687734934,392523
1687734934,394910
1687734934,395331
1687734934,415991
1687734934,421930
1687734934,424337
1687734934,427139
1687734934,446750
1687734934,455581
1687734934,473523
1687734934,486669
1687734934,489138
1687734934,510784
1687734934,514747
1687734934,521302
1687734934,546892
1687734934,550429
1687734934,554089
1687734934,554219
1687734934,561340
1687734934,575730
1687734934,578890
1687734934,588946
1687734934,593179
1687734934,616994
1687734934,632260
1687734934,648448
1687734934,652058
1687734934,652726
1687734934,658733
1687734934,666544
1687734934,670370
1687734934,671260
1687734934,671720
1687734934,684140
1687734934,692269
1687734934,693391
1687734934,695577
1687734934,697437
1687734934,698920
1687734934,703028
1687734935,370768
1687734935,371595
1687734935,376479
1687734935,379356
1687734935,379990
1687734935,382036
1687734935,383832
1687734935,387265
1687734935,396607
1687734935,397502
1687734935,412165
1687734935,417649
1687734935,427203
1687734935,428280
1687734935,442979
1687734935,445425
1687734935,453435
1687734935,455972
1687734935,457369
1687734935,476605
1687734935,478261
1687734935,490222
1687734935,509091
1687734935,523974
1687734935,548871
1687734935,550144
1687734935,551898
1687734935,585257
1687734935,585513
1687734935,590040
1687734935,612719
1687734935,617970
1687734935,625958
1687734935,626169
1687734935,646805
1687734935,649123
1687734935,653570
1687734935,655121
1687734935,670533
1687734935,672136
1687734935,677427
1687734935,679452
1687734935,681478
1687734935,684765
1687734935,691068
1687734935,691176
1687734935,696937
1687734936,362787
1687734936,369896
1687734936,370114
1687734936,377458
1687734936,381627
1687734936,390265
1687734936,392528
1687734936,396631
1687734936,406727
1687734936,411286
1687734936,430410
1687734936,449112
1687734936,467079
1687734936,487839
1687734936,490391
1687734936,506285
1687734936,510753
1687734936,517188
1687734936,525544
1687734936,531800
1687734936,545656
1687734936,552713
1687734936,560944
1687734936,568631
1687734936,575521
1687734936,579296
1687734936,594432
1687734936,613123
1687734936,616447
1687734936,643319
1687734936,646449
1687734936,647165
1687734936,656859
1687734936,664970
1687734936,666022
1687734936,669532
1687734936,672892
1687734936,672927
1687734936,680390
1687734936,686270
1687734936,687432
1687734936,692208
1687734936,699451
1687734936,701428
1687734936,701519
1687734937,363405
1687734937,375863
1687734937,381174
1687734937,381822
1687734937,383777
1687734937,388195
1687734937,392310
1687734937,398499
1687734937,402298
1687734937,408086
1687734937,413870
1687734937,428371
1687734937,434313
1687734937,460056
1687734937,463561
1687734937,468397
1687734937,468957
1687734937,478852
1687734937,498679
1687734937,501395
1687734937,525793
1687734937,531652
1687734937,533803
1687734937,536065
1687734937,536942
1687734937,564511
1687734937,574888
1687734937,577454
1687734937,589273
1687734937,600305
1687734937,610680
1687734937,612544
1687734937,626649
1687734937,632741
1687734937,635012
1687734937,638348
1687734937,656101
1687734937,658906
1687734937,659550
1687734937,670628
1687734937,674760
1687734937,684069
1687734937,688407
1687734937,689051
1687734937,689513
1687734937,694524
1687734937,694646
1687734937,695029
1687734938,366284
1687734938,367414
1687734938,370444
1687734938,371924
1687734938,374613
1687734938,377499
1687734938,379511
1687734938,381086
1687734938,385612
1687734938,386341
1687734938,402440
1687734938,407689
1687734938,425242
1687734938,426760
1687734938,434472
1687734938,443920
1687734938,463660
1687734938,467054
1687734938,472881
1687734938,496767
1687734938,497986
1687734938,501312
1687734938,504551
1687734938,505660
1687734938,523147
1687734938,528535
1687734938,538825
1687734938,567894
1687734938,569103
1687734938,600552
1687734938,601688
1687734938,602859
1687734938,609143
1687734938,625760
1687734938,631062
1687734938,638397
1687734938,639840
1687734938,663800
1687734938,680225
1687734938,680576
1687734938,683195
1687734938,686551
1687734938,686623
1687734938,690909
1687734938,695692
1687734938,697844
1687734939,361287
1687734939,367447
1687734939,373286
1687734939,374508
1687734939,375386
1687734939,383684
1687734939,389409
1687734939,397462
1687734939,397636
1687734939,400272
1687734939,402745
1687734939,408892
1687734939,417897
1687734939,425858
1687734939,428874
1687734939,442435
1687734939,478280
1687734939,485816
1687734939,488284
1687734939,494303
1687734939,503021
1687734939,509770
1687734939,521199
1687734939,541248
1687734939,559833
1687734939,561795
1687734939,564527
1687734939,601990
1687734939,607687
1687734939,620523
1687734939,626590
1687734939,634104
1687734939,640449
1687734939,654279
1687734939,656501
1687734939,664619
1687734939,665491
1687734939,675231
1687734939,681545
1687734939,683079
1687734939,683358
1687734939,689634
1687734939,690142
1687734939,695999
1687734939,700400
1687734940,366558
1687734940,369557
1687734940,370932
1687734940,371652
1687734940,373155
1687734940,374380
1687734940,376162
1687734940,380617
1687734940,380720
1687734940,384399
1687734940,394804
1687734940,403069
1687734940,420406
1687734940,424134
1687734940,438652
1687734940,443861
1687734940,444559
1687734940,446699
1687734940,452158
1687734940,455245
1687734940,461473
1687734940,490551
1687734940,502919
1687734940,515688
1687734940,515907
1687734940,516683
1687734940,522661
1687734940,539562
1687734940,545469
1687734940,552952
1687734940,580475
1687734940,583408
1687734940,584458
1687734940,596065
1687734940,605491
1687734940,614206
1687734940,620647
1687734940,638669
1687734940,652077
1687734940,655508
1687734940,666534
1687734940,670404
1687734940,673531
1687734940,679112
1687734940,681570
1687734940,682799
1687734940,683973
1687734940,686862
1687734940,688584
1687734940,692130
1687734940,695237
1687734940,696956
1687734941,359805
1687734941,366883
1687734941,372696
1687734941,373874
1687734941,378091
1687734941,395713
1687734941,395916
1687734941,405124
1687734941,413690
1687734941,414070
1687734941,418083
1687734941,421447
1687734941,422093
1687734941,425098
1687734941,450989
1687734941,456078
1687734941,480600
1687734941,483258
1687734941,488412
1687734941,514693
1687734941,521145
1687734941,546615
1687734941,551866
1687734941,577749
1687734941,585874
1687734941,586458
1687734941,592208
1687734941,617942
1687734941,619997
1687734941,625305
1687734941,637819
1687734941,647473
1687734941,649108
1687734941,653982
1687734941,663100
1687734941,664601
1687734941,666543
1687734941,667893
1687734941,672961
1687734941,674336
1687734941,676695
1687734941,683425
1687734941,685815
1687734941,686884
1687734941,689915
1687734941,690149
1687734941,699767
1687734941,702783
1687734942,358749
1687734942,361172
1687734942,366753
1687734942,374914
1687734942,382245
1687734942,384300
1687734942,384602
1687734942,388332
1687734942,392240
1687734942,400393
1687734942,417503
1687734942,427299
1687734942,443698
1687734942,443798
1687734942,457581
1687734942,480949
1687734942,482514
1687734942,493675
1687734942,497719
1687734942,515646
1687734942,516674
1687734942,518139
1687734942,545799
1687734942,548772
1687734942,554477
1687734942,561346
1687734942,583081
1687734942,592729
1687734942,608474
1687734942,618274
1687734942,624833
1687734942,640651
1687734942,645083
1687734942,653566
1687734942,656077
1687734942,670870
1687734942,673881
1687734942,687717
1687734942,688800
1687734942,689054
1687734942,691745
1687734943,359162
1687734943,367096
1687734943,370663
1687734943,370973
1687734943,372542
1687734943,379445
1687734943,386106
1687734943,388012
1687734943,391763
1687734943,400804
1687734943,401812
1687734943,409977
1687734943,436119
1687734943,440463
1687734943,458175
1687734943,466228
1687734943,471501
1687734943,472470
1687734943,478787
1687734943,495865
1687734943,505359
1687734943,526063
1687734943,530004
1687734943,544680
1687734943,545185
1687734943,557144
1687734943,565140
1687734943,577922
1687734943,582167
1687734943,596164
1687734943,603379
1687734943,612005
1687734943,619366
1687734943,626790
1687734943,638962
1687734943,644628
1687734943,650177
1687734943,659351
1687734943,662766
1687734943,676105
1687734943,677564
1687734943,680859
1687734943,684048
1687734943,684987
1687734943,690123
1687734943,694542
1687734943,699352
1687734944,357960
1687734944,359303
1687734944,364993
1687734944,365771
1687734944,366272
1687734944,367318
1687734944,372059
1687734944,381957
1687734944,386379
1687734944,388297
1687734944,389175
1687734944,391102
1687734944,400972
1687734944,407099
1687734944,407296
1687734944,407349
1687734944,436316
1687734944,439809
1687734944,440267
1687734944,444136
1687734944,456139
1687734944,465433
1687734944,465826
1687734944,467557
1687734944,494106
1687734944,497475
1687734944,502720
1687734944,505065
1687734944,529025
1687734944,534417
1687734944,542394
1687734944,555998
1687734944,569084
1687734944,571746
1687734944,573037
1687734944,595465
1687734944,599817
1687734944,603565
1687734944,629635
1687734944,634231
1687734944,634712
1687734944,649253
1687734944,660152
1687734944,673691
1687734944,676156
1687734944,677407
1687734944,681712
1687734944,687675
1687734944,687781
1687734944,691639
1687734944,695359
1687734944,696261
1687734944,696552
1687734945,360115
1687734945,363695
1687734945,371345
1687734945,379841
1687734945,386297
1687734945,389010
1687734945,402861
1687734945,405447
1687734945,413157
1687734945,421933
1687734945,428008
1687734945,433956
1687734945,447841
1687734945,454308
1687734945,461707
1687734945,471226
1687734945,472371
1687734945,494596
1687734945,504050
1687734945,509443
1687734945,530482
1687734945,531971
1687734945,541425
1687734945,566192
1687734945,566250
1687734945,571698
1687734945,575932
1687734945,601065
1687734945,605426
1687734945,608888
1687734945,624821
1687734945,632031
1687734945,633739
1687734945,657745
1687734945,659021
1687734945,664275
1687734945,666454
1687734945,670738
1687734945,683663
1687734945,684876
1687734945,686811
1687734945,688357
1687734945,690207
1687734945,692286
1687734946,358921
1687734946,365138
1687734946,370176
1687734946,374770
1687734946,375096
1687734946,375100
1687734946,377317
1687734946,379764
1687734946,389442
1687734946,395861
1687734946,397467
1687734946,413896
1687734946,420293
1687734946,428490
1687734946,432521
1687734946,449588
1687734946,459796
1687734946,466786
1687734946,470553
1687734946,479554
1687734946,483540
1687734946,488177
1687734946,490459
1687734946,510810
1687734946,524420
1687734946,525699
1687734946,533621
1687734946,539377
1687734946,552379
1687734946,569240
1687734946,573237
1687734946,591900
1687734946,598624
1687734946,599791
1687734946,612330
1687734946,632305
1687734946,643680
1687734946,654776
1687734946,664040
1687734946,674948
1687734946,675730
1687734946,676469
1687734946,681255
1687734946,683403
1687734946,683712
1687734946,686559
1687734946,692153
1687734946,697703
1687734946,698160
1687734947,365496
1687734947,368540
1687734947,369307
1687734947,375462
1687734947,377632
1687734947,385108
1687734947,392233
1687734947,395353
1687734947,395433
1687734947,395793
1687734947,412982
1687734947,419475
1687734947,425319
1687734947,447898
1687734947,448597
1687734947,449595
1687734947,483814
1687734947,487402
1687734947,507375
1687734947,517394
1687734947,518579
1687734947,545986
1687734947,547621
1687734947,556422
1687734947,573044
1687734947,583768
1687734947,587131
1687734947,590141
1687734947,592917
1687734947,594917
1687734947,610539
1687734947,621441
1687734947,625352
1687734947,644863
1687734947,650203
1687734947,654185
1687734947,655619
1687734947,664404
1687734947,677835
1687734947,680904
1687734947,689466
1687734947,690647
1687734947,691362
1687734947,691793
1687734947,692710
1687734947,696916
1687734948,367543
1687734948,369730
1687734948,371923
1687734948,373139
1687734948,374339
1687734948,375544
1687734948,377496
1687734948,395043
1687734948,399285
1687734948,413074
1687734948,414841
1687734948,416594
1687734948,429072
1687734948,445837
1687734948,456852
1687734948,463620
1687734948,480744
1687734948,486349
1687734948,508928
1687734948,510760
1687734948,515986
1687734948,518647
1687734948,547333
1687734948,549106
1687734948,551441
1687734948,559035
1687734948,576895
1687734948,590291
1687734948,608457
1687734948,616106
1687734948,619598
1687734948,621496
1687734948,641424
1687734948,642174
1687734948,643274
1687734948,648426
1687734948,672140
1687734948,673745
1687734948,674433
1687734948,676961
1687734948,680663
1687734948,684992
1687734948,687188
1687734948,689927
1687734948,690756
1687734948,692296
1687734948,694643
1687734948,695554
1687734949,362356
1687734949,362527
1687734949,369840
1687734949,373548
1687734949,378016
1687734949,379215
1687734949,380942
1687734949,387541
1687734949,390549
1687734949,393433
1687734949,406435
1687734949,408595
1687734949,412570
1687734949,425684
1687734949,433546
1687734949,435021
1687734949,440762
1687734949,461234
1687734949,471653
1687734949,473678
1687734949,473749
1687734949,482015
1687734949,486191
1687734949,499289
1687734949,505797
1687734949,506336
1687734949,510924
1687734949,527647
1687734949,539912
1687734949,540906
1687734949,559550
1687734949,580836
1687734949,584876
1687734949,587839
1687734949,590274
1687734949,603644
1687734949,617795
1687734949,621986
1687734949,625351
1687734949,643930
1687734949,648956
1687734949,650156
1687734949,668235
1687734949,668485
1687734949,671212
1687734949,677495
1687734949,684079
1687734949,688171
1687734949,690949
1687734949,691720
1687734949,695830
1687734949,703021
1687734950,368528
1687734950,368702
1687734950,372030
1687734950,375667
1687734950,378278
1687734950,388320
1687734950,409051
1687734950,411813
1687734950,414069
1687734950,422355
1687734950,432801
1687734950,440483
1687734950,463023
1687734950,473044
1687734950,497339
1687734950,497481
1687734950,502718
1687734950,523132
1687734950,523304
1687734950,535732
1687734950,540721
1687734950,564533
1687734950,578459
1687734950,597907
1687734950,600483
1687734950,622523
1687734950,625437
1687734950,636725
1687734950,637302
1687734950,641067
1687734950,648352
1687734950,655275
1687734950,657486
1687734950,663896
1687734950,665588
1687734950,677033
1687734950,683396
1687734950,687484
1687734950,689114
1687734950,689367
1687734950,693010
1687734951,364191
1687734951,368704
1687734951,372048
1687734951,373568
1687734951,375012
1687734951,375279
1687734951,381455
1687734951,385932
1687734951,389874
1687734951,408226
1687734951,408952
1687734951,427435
1687734951,431536
1687734951,457733
1687734951,463011
1687734951,473723
1687734951,476042
1687734951,495218
1687734951,500995
1687734951,501617
1687734951,530690
1687734951,534025
1687734951,535038
1687734951,535691
1687734951,561901
1687734951,565523
1687734951,577250
1687734951,602082
1687734951,605942
1687734951,607708
1687734951,633626
1687734951,636569
1687734951,655772
1687734951,662220
1687734951,666916
1687734951,669744
1687734951,683297
1687734951,683807
1687734951,684007
1687734951,690692
1687734951,691745
1687734951,692606
1687734951,697518
1687734951,699258
1687734952,363721
1687734952,366421
1687734952,369497
1687734952,372335
1687734952,376632
1687734952,377533
1687734952,379479
1687734952,387799
1687734952,390518
1687734952,396477
1687734952,398585
1687734952,400530
1687734952,402877
1687734952,404399
1687734952,406520
1687734952,417194
1687734952,425525
1687734952,432818
1687734952,437557
1687734952,441064
1687734952,452493
1687734952,458195
1687734952,462652
1687734952,484080
1687734952,484471
1687734952,495622
1687734952,500558
1687734952,516740
1687734952,522218
1687734952,538884
1687734952,559341
1687734952,560532
1687734952,562713
1687734952,566710
1687734952,602162
1687734952,605684
1687734952,614998
1687734952,626623
1687734952,638892
1687734952,649920
1687734952,655763
1687734952,658473
1687734952,666185
1687734952,670922
1687734952,681254
1687734952,682503
1687734952,684977
1687734952,687432
1687734952,689404
1687734952,691894
1687734952,695305
1687734952,698856
1687734953,363656
1687734953,365089
1687734953,365886
1687734953,373452
1687734953,374701
1687734953,377515
1687734953,378059
1687734953,379113
1687734953,384097
1687734953,384998
1687734953,398979
1687734953,419151
1687734953,420633
1687734953,436646
1687734953,446450
1687734953,450788
1687734953,453523
1687734953,455867
1687734953,457702
1687734953,476889
1687734953,483373
1687734953,514431
1687734953,522035
1687734953,525123
1687734953,534764
1687734953,536416
1687734953,548798
1687734953,556695
1687734953,581437
1687734953,589158
1687734953,589711
1687734953,592601
1687734953,612628
1687734953,628082
1687734953,633598
1687734953,634390
1687734953,648570
1687734953,660091
1687734953,664455
1687734953,668727
1687734953,677699
1687734953,680499
1687734953,684359
1687734953,689259
1687734953,689758
1687734953,695988
1687734953,697626
1687734954,364525
1687734954,366086
1687734954,367675
1687734954,378246
1687734954,379243
1687734954,383240
1687734954,386937
1687734954,391301
1687734954,393941
1687734954,396781
1687734954,417800
1687734954,420103
1687734954,423143
1687734954,426854
1687734954,445010
1687734954,457603
1687734954,475690
1687734954,480989
1687734954,484443
1687734954,491125
1687734954,508654
1687734954,516860
1687734954,519254
1687734954,548394
1687734954,548925
1687734954,552167
1687734954,556024
1687734954,556694
1687734954,559367
1687734954,580976
1687734954,587170
1687734954,595213
1687734954,618805
1687734954,630137
1687734954,631200
1687734954,634106
1687734954,649829
1687734954,650093
1687734954,650826
1687734954,659873
1687734954,668029
1687734954,670081
1687734954,670554
1687734954,671745
1687734954,684824
1687734954,691703
1687734954,693003
1687734954,695534
1687734954,697702
1687734954,698958
1687734954,702656
1687734955,370019
1687734955,372356
1687734955,380029
1687734955,381871
1687734955,382193
1687734955,384556
1687734955,387191
1687734955,397741
1687734955,399169
1687734955,416186
1687734955,429214
1687734955,430104
1687734955,441234
1687734955,443554
1687734955,451875
1687734955,454239
1687734955,455379
1687734955,459551
1687734955,474428
1687734955,476149
1687734955,491994
1687734955,511144
1687734955,525921
1687734955,527394
1687734955,546633
1687734955,547930
1687734955,554079
1687734955,563056
1687734955,582903
1687734955,583205
1687734955,592183
1687734955,614419
1687734955,615764
1687734955,621109
1687734955,627951
1687734955,644933
1687734955,647222
1687734955,651809
1687734955,656559
1687734955,667979
1687734955,671645
1687734955,673104
1687734955,676548
1687734955,678824
1687734955,682048
1687734955,684342
1687734955,687848
1687734955,690884
1687734955,691899
1687734955,697298
1687734956,362382
1687734956,369190
1687734956,369360
1687734956,375795
1687734956,377960
1687734956,381371
1687734956,381377
1687734956,382254
1687734956,389229
1687734956,393727
1687734956,395775
1687734956,397007
1687734956,405517
1687734956,409887
1687734956,432303
1687734956,441230
1687734956,451335
1687734956,464807
1687734956,489662
1687734956,492311
1687734956,503908
1687734956,508526
1687734956,533762
1687734956,543627
1687734956,570847
1687734956,573327
1687734956,577050
1687734956,596421
1687734956,607604
1687734956,611252
1687734956,614385
1687734956,628181
1687734956,634449
1687734956,641032
1687734956,648066
1687734956,648658
1687734956,658347
1687734956,663200
1687734956,664838
1687734956,671288
1687734956,674055
1687734956,686796
1687734956,691858
1687734956,692819
1687734956,699644
1687734956,701699
1687734956,701713
1687734957,363367
1687734957,376505
1687734957,380248
1687734957,381437
1687734957,387583
1687734957,389075
1687734957,391147
1687734957,403642
1687734957,409797
1687734957,436276
1687734957,438281
1687734957,457971
1687734957,465711
1687734957,466356
1687734957,471027
1687734957,476852
1687734957,499272
1687734957,500833
1687734957,527790
1687734957,529679
1687734957,531643
1687734957,535135
1687734957,538092
1687734957,566651
1687734957,572488
1687734957,575116
1687734957,591298
1687734957,602459
1687734957,608585
1687734957,610168
1687734957,627461
1687734957,628247
1687734957,636098
1687734957,636871
1687734957,657580
1687734957,660194
1687734957,671982
1687734957,675729
1687734957,678669
1687734957,683047
1687734957,688071
1687734957,688673
1687734957,689008
1687734957,689124
1687734957,694225
1687734957,694701
1687734957,695082
1687734958,366698
1687734958,368082
1687734958,369341
1687734958,371032
1687734958,373868
1687734958,375347
1687734958,377485
1687734958,380230
1687734958,380263
1687734958,385517
1687734958,386859
1687734958,406415
1687734958,415331
1687734958,424794
1687734958,427111
1687734958,432914
1687734958,445965
1687734958,465335
1687734958,465769
1687734958,494953
1687734958,495914
1687734958,499127
1687734958,506604
1687734958,507523
1687734958,520846
1687734958,530510
1687734958,540933
1687734958,566763
1687734958,569980
1687734958,575303
1687734958,578297
1687734958,598586
1687734958,599597
1687734958,604470
1687734958,611194
1687734958,629008
1687734958,636700
1687734958,641478
1687734958,661016
1687734958,662640
1687734958,665823
1687734958,680999
1687734958,682829
1687734958,685560
1687734958,686786
1687734958,691694
1687734958,696435
1687734958,698173
1687734959,361977
1687734959,367122
1687734959,374539
1687734959,382872
1687734959,386882
1687734959,390792
1687734959,396757
1687734959,398573
1687734959,398591
1687734959,401450
1687734959,410169
1687734959,423905
1687734959,427313
1687734959,444286
1687734959,459331
1687734959,480237
1687734959,486024
1687734959,487960
1687734959,492008
1687734959,505176
1687734959,511644
1687734959,519361
1687734959,543152
1687734959,554622
1687734959,557897
1687734959,559632
1687734959,566729
1687734959,597667
1687734959,600181
1687734959,609478
1687734959,624546
1687734959,631686
1687734959,642308
1687734959,655142
1687734959,655483
1687734959,663606
1687734959,674454
1687734959,679795
1687734959,682663
1687734959,683549
1687734959,684552
1687734959,689336
1687734959,690433
1687734959,696058
1687734959,700059
1687734960,366409
1687734960,366746
1687734960,369803
1687734960,371511
1687734960,371665
1687734960,372129
1687734960,373039
1687734960,373966
1687734960,376208
1687734960,379714
1687734960,380400
1687734960,393391
1687734960,404781
1687734960,422267
1687734960,422759
1687734960,440732
1687734960,444440
1687734960,446036
1687734960,446415
1687734960,449786
1687734960,453444
1687734960,488748
1687734960,504906
1687734960,513499
1687734960,514485
1687734960,517601
1687734960,520647
1687734960,541565
1687734960,547412
1687734960,550920
1687734960,577850
1687734960,582600
1687734960,585507
1687734960,594180
1687734960,607197
1687734960,615958
1687734960,619086
1687734960,622450
1687734960,640193
1687734960,649074
1687734960,650375
1687734960,654266
1687734960,667781
1687734960,671402
1687734960,674420
1687734960,678125
1687734960,680374
1687734960,682472
1687734960,684499
1687734960,687628
1687734960,688493
1687734960,691835
1687734960,694774
1687734960,697484
1687734961,359452
1687734961,366564
1687734961,374480
1687734961,379016
1687734961,394795
1687734961,396964
1687734961,406313
1687734961,412259
1687734961,414055
1687734961,415106
1687734961,416231
1687734961,420529
1687734961,423309
1687734961,426814
1687734961,448951
1687734961,458108
1687734961,468857
1687734961,476517
1687734961,481144
1687734961,482690
1687734961,490206
1687734961,516653
1687734961,518932
1687734961,544653
1687734961,554339
1687734961,575579
1687734961,583636
1687734961,584322
1687734961,586638
1687734961,594234
1687734961,618044
1687734961,619760
1687734961,623562
1687734961,639243
1687734961,650698
1687734961,652151
1687734961,664194
1687734961,666620
1687734961,667759
1687734961,672092
1687734961,682646
1687734961,686406
1687734961,686522
1687734961,690459
1687734961,690493
1687734961,693955
1687734961,699608
1687734961,702890
1687734962,359355
1687734962,366634
1687734962,374089
1687734962,378563
1687734962,383289
1687734962,383924
1687734962,385355
1687734962,387046
1687734962,391009
1687734962,401849
1687734962,415805
1687734962,429109
1687734962,441900
1687734962,442197
1687734962,459754
1687734962,480499
1687734962,483016
1687734962,495763
1687734962,499595
1687734962,514554
1687734962,517522
1687734962,520191
1687734962,544096
1687734962,546592
1687734962,556817
1687734962,563516
1687734962,579875
1687734962,585264
1687734962,594757
1687734962,606563
1687734962,616258
1687734962,626723
1687734962,638961
1687734962,643805
1687734962,651412
1687734962,657551
1687734962,669510
1687734962,672166
1687734962,677630
1687734962,688352
1687734962,688684
1687734962,689046
1687734962,690512
1687734962,691122
1687734963,358808
1687734963,367492
1687734963,370169
1687734963,371351
1687734963,373226
1687734963,380592
1687734963,386428
1687734963,387254
1687734963,392547
1687734963,402258
1687734963,403390
1687734963,408718
1687734963,433205
1687734963,438048
1687734963,438164
1687734963,460249
1687734963,468154
1687734963,469335
1687734963,470579
1687734963,497846
1687734963,503302
1687734963,527918
1687734963,531783
1687734963,542500
1687734963,543081
1687734963,554828
1687734963,559408
1687734963,567188
1687734963,575528
1687734963,598050
1687734963,601271
1687734963,610145
1687734963,621155
1687734963,628719
1687734963,637310
1687734963,642707
1687734963,651681
1687734963,660753
1687734963,661268
1687734963,677191
1687734963,677207
1687734963,679600
1687734963,680490
1687734963,684839
1687734963,685438
1687734963,689649
1687734963,694703
1687734963,699577
1687734964,357877
1687734964,359375
1687734964,365806
1687734964,366842
1687734964,373213
1687734964,382679
1687734964,385068
1687734964,385327
1687734964,387244
1687734964,390317
1687734964,390435
1687734964,402233
1687734964,405626
1687734964,405728
1687734964,408716
1687734964,437781
1687734964,438255
1687734964,446077
1687734964,458146
1687734964,463343
1687734964,463659
1687734964,469297
1687734964,494974
1687734964,496166
1687734964,500541
1687734964,502978
1687734964,527057
1687734964,533894
1687734964,536423
1687734964,539971
1687734964,557887
1687734964,567241
1687734964,570632
1687734964,574237
1687734964,597400
1687734964,601262
1687734964,601741
1687734964,631299
1687734964,632158
1687734964,636475
1687734964,650620
1687734964,661761
1687734964,672422
1687734964,676818
1687734964,677403
1687734964,682846
1687734964,687676
1687734964,687977
1687734964,691878
1687734964,692422
1687734964,695170
1687734964,696313
1687734964,697117
1687734965,360366
1687734965,364048
1687734965,370390
1687734965,379073
1687734965,387537
1687734965,388518
1687734965,400772
1687734965,401313
1687734965,404173
1687734965,414922
1687734965,420212
1687734965,426317
1687734965,435791
1687734965,440080
1687734965,449800
1687734965,452605
1687734965,459635
1687734965,473261
1687734965,474629
1687734965,475263
1687734965,506012
1687734965,511299
1687734965,528181
1687734965,543566
1687734965,564102
1687734965,564194
1687734965,573659
1687734965,596567
1687734965,598774
1687734965,606919
1687734965,610506
1687734965,622778
1687734965,631688
1687734965,633922
1687734965,642995
1687734965,656514
1687734965,660257
1687734965,663093
1687734965,665450
1687734965,671778
1687734965,683175
1687734965,684235
1687734965,686502
1687734965,688914
1687734965,689079
1687734966,358705
1687734966,365226
1687734966,370090
1687734966,374628
1687734966,375593
1687734966,375735
1687734966,376879
1687734966,380719
1687734966,391105
1687734966,394503
1687734966,396206
1687734966,415377
1687734966,418438
1687734966,419384
1687734966,426850
1687734966,430232
1687734966,434468
1687734966,451429
1687734966,457767
1687734966,472723
1687734966,477334
1687734966,485660
1687734966,486010
1687734966,488252
1687734966,512929
1687734966,522275
1687734966,523573
1687734966,535565
1687734966,541558
1687734966,550291
1687734966,567148
1687734966,575291
1687734966,589876
1687734966,614255
1687734966,630700
1687734966,632876
1687734966,645179
1687734966,652969
1687734966,665545
1687734966,674438
1687734966,674691
1687734966,675263
1687734966,681890
1687734966,682396
1687734966,684610
1687734966,687244
1687734966,692100
1687734966,697957
1687734966,697965
1687734967,365456
1687734967,368395
1687734967,378382
1687734967,384579
1687734967,393651
1687734967,394043
1687734967,394111
1687734967,414678
1687734967,418007
1687734967,426821
1687734967,428563
1687734967,446054
1687734967,447845
1687734967,450592
1687734967,485331
1687734967,485878
1687734967,509391
1687734967,515463
1687734967,547881
1687734967,549666
1687734967,549685
1687734967,554181
1687734967,575245
1687734967,586104
1687734967,587854
1687734967,589250
1687734967,590659
1687734967,592537
1687734967,612374
1687734967,619585
1687734967,623210
1687734967,623505
1687734967,646255
1687734967,648418
1687734967,652712
1687734967,656955
1687734967,665741
1687734967,676852
1687734967,681775
1687734967,690743
1687734967,691058
1687734967,691398
1687734967,692345
1687734967,696377
1687734968,367667
1687734968,370251
1687734968,371095
1687734968,373832
1687734968,374186
1687734968,375360
1687734968,376409
1687734968,376542
1687734968,379029
1687734968,396052
1687734968,400614
1687734968,413332
1687734968,414563
1687734968,415012
1687734968,430857
1687734968,438682
1687734968,447963
1687734968,450208
1687734968,455148
1687734968,465536
1687734968,478473
1687734968,488346
1687734968,508596
1687734968,510779
1687734968,520094
1687734968,538651
1687734968,547247
1687734968,549452
1687734968,561163
1687734968,574780
1687734968,592547
1687734968,610262
1687734968,614289
1687734968,617825
1687734968,622990
1687734968,643597
1687734968,644960
1687734968,646734
1687734968,672103
1687734968,673471
1687734968,675548
1687734968,675562
1687734968,677717
1687734968,679863
1687734968,684354
1687734968,689294
1687734968,690256
1687734968,690630
1687734968,695913
1687734969,362327
1687734969,362520
1687734969,373493
1687734969,375853
1687734969,377765
1687734969,379602
1687734969,382171
1687734969,386488
1687734969,391990
1687734969,392325
1687734969,407395
1687734969,407714
1687734969,411048
1687734969,439561
1687734969,463137
1687734969,469425
1687734969,471693
1687734969,471779
1687734969,484052
1687734969,488285
1687734969,501273
1687734969,503611
1687734969,504062
1687734969,508865
1687734969,529675
1687734969,561814
1687734969,578803
1687734969,582432
1687734969,589912
1687734969,592235
1687734969,605446
1687734969,615479
1687734969,619586
1687734969,627158
1687734969,642198
1687734969,647193
1687734969,651604
1687734969,658878
1687734969,667109
1687734969,669436
1687734969,670042
1687734969,678165
1687734969,684783
1687734969,687669
1687734969,687876
1687734969,692160
1687734969,692714
1687734969,692852
1687734969,695171
1687734969,703013
1687734970,368947
1687734970,369032
1687734970,369102
1687734970,369381
1687734970,371609
1687734970,375657
1687734970,380871
1687734970,382473
1687734970,387427
1687734970,388790
1687734970,412444
1687734970,413334
1687734970,424149
1687734970,431170
1687734970,431609
1687734970,442383
1687734970,464841
1687734970,470818
1687734970,495292
1687734970,499531
1687734970,504656
1687734970,524987
1687734970,533567
1687734970,537776
1687734970,542678
1687734970,566699
1687734970,576120
1687734970,598380
1687734970,599866
1687734970,609368
1687734970,624108
1687734970,627229
1687734970,635517
1687734970,638061
1687734970,639083
1687734970,646318
1687734970,656890
1687734970,662526
1687734970,666512
1687734970,678049
1687734970,682731
1687734970,687220
1687734970,688559
1687734970,688587
1687734970,690060
1687734970,693064
1687734971,363639
1687734971,367999
1687734971,372548
1687734971,373190
1687734971,375409
1687734971,376058
1687734971,376197
1687734971,385221
1687734971,391412
1687734971,407761
1687734971,409758
1687734971,425512
1687734971,430083
1687734971,441989
1687734971,459867
1687734971,460999
1687734971,475905
1687734971,477801
1687734971,493028
1687734971,499593
1687734971,502935
1687734971,528414
1687734971,533357
1687734971,535856
1687734971,563404
1687734971,564079
1687734971,577573
1687734971,579659
1687734971,603809
1687734971,603850
1687734971,605610
1687734971,634826
1687734971,635429
1687734971,657041
1687734971,660639
1687734971,667606
1687734971,668128
1687734971,668447
1687734971,683037
1687734971,684116
1687734971,684332
1687734971,690973
1687734971,691376
1687734971,692485
1687734971,697642
1687734971,699665
1687734972,361432
1687734972,363865
1687734972,366263
1687734972,369800
1687734972,372985
1687734972,376626
1687734972,378263
1687734972,392075
1687734972,397685
1687734972,399309
1687734972,401628
1687734972,404916
1687734972,405969
1687734972,419121
1687734972,423920
1687734972,431068
1687734972,439434
1687734972,443052
1687734972,450175
1687734972,456224
1687734972,464731
1687734972,486103
1687734972,493649
1687734972,502546
1687734972,518595
1687734972,520203
1687734972,541008
1687734972,556924
1687734972,558344
1687734972,564625
1687734972,564714
1687734972,603288
1687734972,603959
1687734972,616928
1687734972,624582
1687734972,640609
1687734972,651134
1687734972,654240
1687734972,656908
1687734972,671771
1687734972,681686
1687734972,681943
1687734972,683986
1687734972,687532
1687734972,689049
1687734972,692231
1687734972,694475
1687734972,698493
1687734973,363402
1687734973,364446
1687734973,366297
1687734973,372483
1687734973,375737
1687734973,378001
1687734973,378108
1687734973,378631
1687734973,384179
1687734973,385198
1687734973,397301
1687734973,399840
1687734973,418350
1687734973,419053
1687734973,421049
1687734973,438667
1687734973,444655
1687734973,451468
1687734973,452563
1687734973,453890
1687734973,459634
1687734973,459647
1687734973,478913
1687734973,485468
1687734973,516455
1687734973,519787
1687734973,523046
1687734973,536783
1687734973,538459
1687734973,551104
1687734973,554433
1687734973,557368
1687734973,579949
1687734973,583708
1687734973,587105
1687734973,590672
1687734973,591966
1687734973,614559
1687734973,626200
1687734973,632056
1687734973,635297
1687734973,650292
1687734973,658799
1687734973,663244
1687734973,669777
1687734973,676451
1687734973,681378
1687734973,685315
1687734973,689007
1687734973,690207
1687734973,695595
1687734973,697705
1687734974,364750
1687734974,366096
1687734974,367266
1687734974,368139
1687734974,378103
1687734974,378883
1687734974,382134
1687734974,387708
1687734974,390115
1687734974,392969
1687734974,398263
1687734974,415970
1687734974,419609
1687734974,421957
1687734974,443292
1687734974,452477
1687734974,477853
1687734974,478956
1687734974,493097
1687734974,506546
1687734974,517128
1687734974,518922
1687734974,520374
1687734974,546337
1687734974,550089
1687734974,550973
1687734974,557979
1687734974,578229
1687734974,583029
1687734974,585405
1687734974,597183
1687734974,620649
1687734974,627956
1687734974,635649
1687734974,648108
1687734974,648941
1687734974,651214
1687734974,661024
1687734974,668847
1687734974,669364
1687734974,669469
1687734974,671307
1687734974,673113
1687734974,683444
1687734974,685497
1687734974,691088
1687734974,692591
1687734974,695447
1687734974,697915
1687734974,698989
1687734974,702255
1687734975,364535
1687734975,369331
1687734975,373178
1687734975,375061
1687734975,380730
1687734975,382387
1687734975,385300
1687734975,385322
1687734975,387151
1687734975,393932
1687734975,395329
1687734975,398919
1687734975,400843
1687734975,414517
1687734975,414724
1687734975,431230
1687734975,431998
1687734975,439497
1687734975,441693
1687734975,457318
1687734975,461754
1687734975,472242
1687734975,473960
1687734975,474008
1687734975,493754
1687734975,513237
1687734975,527850
1687734975,529244
1687734975,544386
1687734975,545720
1687734975,556230
1687734975,573022
1687734975,580552
1687734975,580877
1687734975,594270
1687734975,613561
1687734975,616103
1687734975,629941
1687734975,643029
1687734975,645246
1687734975,649645
1687734975,649992
1687734975,657951
1687734975,672723
1687734975,674054
1687734975,675679
1687734975,678163
1687734975,682568
1687734975,683890
1687734975,688259
1687734975,692519
1687734975,697591
1687734976,361998
1687734976,368588
1687734976,368660
1687734976,382776
1687734976,382896
1687734976,386389
1687734976,388202
1687734976,394912
1687734976,394968
1687734976,404296
1687734976,408553
1687734976,427532
1687734976,434219
1687734976,453577
1687734976,462565
1687734976,491498
1687734976,494216
1687734976,498809
1687734976,501589
1687734976,506312
1687734976,514820
1687734976,525227
1687734976,535711
1687734976,541568
1687734976,565198
1687734976,571168
1687734976,574801
1687734976,598330
1687734976,603078
1687734976,609369
1687734976,612290
1687734976,615054
1687734976,630163
1687734976,636101
1687734976,638692
1687734976,650105
1687734976,659786
1687734976,661409
1687734976,666399
1687734976,669686
1687734976,675127
1687734976,677267
1687734976,677922
1687734976,678823
1687734976,687317
1687734976,691494
1687734976,699803
1687734976,701821
1687734976,701972
1687734977,363392
1687734977,365414
1687734977,377198
1687734977,378490
1687734977,379355
1687734977,381031
1687734977,389719
1687734977,389990
1687734977,390018
1687734977,395569
1687734977,405018
1687734977,409790
1687734977,411551
1687734977,416795
1687734977,436329
1687734977,438260
1687734977,455876
1687734977,464323
1687734977,473018
1687734977,474814
1687734977,490832
1687734977,492285
1687734977,496935
1687734977,497201
1687734977,503003
1687734977,527680
1687734977,529519
1687734977,529868
1687734977,533309
1687734977,540111
1687734977,570075
1687734977,572801
1687734977,593298
1687734977,594980
1687734977,604658
1687734977,606076
1687734977,606517
1687734977,607731
1687734977,629141
1687734977,629819
1687734977,633816
1687734977,638699
1687734977,659030
1687734977,661475
1687734977,662419
1687734977,673316
1687734977,676702
1687734977,687673
1687734977,687821
1687734977,689231
1687734977,693335
1687734977,694852
1687734977,695475
1687734978,367125
1687734978,368267
1687734978,368784
1687734978,370151
1687734978,376084
1687734978,379411
1687734978,381006
1687734978,384654
1687734978,388134
1687734978,399127
1687734978,405183
1687734978,410530
1687734978,422873
1687734978,429015
1687734978,431356
1687734978,448017
1687734978,463631
1687734978,467880
1687734978,477636
1687734978,493144
1687734978,493811
1687734978,508631
1687734978,509427
1687734978,518597
1687734978,522479
1687734978,532448
1687734978,543093
1687734978,564426
1687734978,568807
1687734978,572082
1687734978,580678
1687734978,596631
1687734978,597462
1687734978,613212
1687734978,626729
1687734978,626942
1687734978,634990
1687734978,643085
1687734978,661422
1687734978,667427
1687734978,678947
1687734978,679349
1687734978,681735
1687734978,681985
1687734978,682439
1687734978,683788
1687734978,684526
1687734978,686918
1687734978,692440
1687734978,697130
1687734978,698510
1687734979,362670
1687734979,366817
1687734979,369571
1687734979,374486
1687734979,374584
1687734979,377138
1687734979,382107
1687734979,392220
1687734979,395905
1687734979,396907
1687734979,399671
1687734979,400143
1687734979,411499
1687734979,420916
1687734979,421392
1687734979,421978
1687734979,425765
1687734979,427527
1687734979,446130
1687734979,457234
1687734979,467909
1687734979,482173
1687734979,483783
1687734979,489697
1687734979,507323
1687734979,513523
1687734979,517590
1687734979,519330
1687734979,545052
1687734979,552628
1687734979,556032
1687734979,556991
1687734979,557468
1687734979,568908
1687734979,595545
1687734979,598306
1687734979,611247
1687734979,622500
1687734979,629317
1687734979,644135
1687734979,652973
1687734979,653773
1687734979,656678
1687734979,661692
1687734979,673630
1687734979,683773
1687734979,685747
1687734979,689043
1687734979,690724
1687734979,696081
1687734979,699662
1687734980,366247
1687734980,370044
1687734980,371388
1687734980,371739
1687734980,373318
1687734980,374841
1687734980,376275
1687734980,380068
1687734980,392066
1687734980,406543
1687734980,424132
1687734980,442238
1687734980,442834
1687734980,447436
1687734980,448185
1687734980,448269
1687734980,482268
1687734980,486923
1687734980,490079
1687734980,506868
1687734980,511396
1687734980,512332
1687734980,518640
1687734980,543552
1687734980,548898
1687734980,549385
1687734980,584750
1687734980,587598
1687734980,592251
1687734980,608850
1687734980,617579
1687734980,617731
1687734980,624402
1687734980,641717
1687734980,648634
1687734980,668982
1687734980,672383
1687734980,675313
1687734980,677108
1687734980,679078
1687734980,682165
1687734980,685001
1687734980,688385
1687734980,688392
1687734980,691556
1687734980,694297
1687734980,697977
1687734981,359106
1687734981,366285
1687734981,370709
1687734981,375094
1687734981,379982
1687734981,393874
1687734981,398029
1687734981,407481
1687734981,410496
1687734981,414417
1687734981,418988
1687734981,425217
1687734981,428548
1687734981,446940
1687734981,460171
1687734981,474256
1687734981,479015
1687734981,482197
1687734981,484808
1687734981,491996
1687734981,513785
1687734981,516740
1687734981,518658
1687734981,542731
1687734981,556809
1687734981,573456
1687734981,581368
1687734981,582209
1687734981,588763
1687734981,596176
1687734981,616147
1687734981,621614
1687734981,621793
1687734981,640685
1687734981,650637
1687734981,652281
1687734981,665317
1687734981,668932
1687734981,671188
1687734981,676729
1687734981,681876
1687734981,685940
1687734981,687160
1687734981,690649
1687734981,690744
1687734981,691005
1687734981,693222
1687734981,699403
1687734981,703013
1687734982,360046
1687734982,361716
1687734982,366561
1687734982,373311
1687734982,377912
1687734982,383229
1687734982,384336
1687734982,385712
1687734982,386458
1687734982,389823
1687734982,403342
1687734982,414157
1687734982,430899
1687734982,432100
1687734982,435850
1687734982,440123
1687734982,440616
1687734982,461945
1687734982,478426
1687734982,485102
1687734982,497843
1687734982,512424
1687734982,519436
1687734982,522274
1687734982,542361
1687734982,544403
1687734982,559162
1687734982,565709
1687734982,577587
1687734982,587438
1687734982,596749
1687734982,604674
1687734982,614279
1687734982,622951
1687734982,628567
1687734982,637295
1687734982,642512
1687734982,649209
1687734982,658993
1687734982,668112
1687734982,670401
1687734982,678523
1687734982,688504
1687734982,688947
1687734982,689031
1687734982,690102
1687734982,690488
1687734983,358496
1687734983,359507
1687734983,367944
1687734983,369678
1687734983,371787
1687734983,373938
1687734983,381769
1687734983,384900
1687734983,388429
1687734983,393318
1687734983,403753
1687734983,405020
1687734983,407483
1687734983,431367
1687734983,439951
1687734983,462321
1687734983,467170
1687734983,468712
1687734983,470063
1687734983,470923
1687734983,499792
1687734983,501231
1687734983,501426
1687734983,529740
1687734983,533572
1687734983,540293
1687734983,540938
1687734983,561652
1687734983,569283
1687734983,573128
1687734983,599150
1687734983,599957
1687734983,608242
1687734983,630589
1687734983,635624
1687734983,640742
1687734983,653180
1687734983,659731
1687734983,662163
1687734983,663358
1687734983,676842
1687734983,678272
1687734983,680101
1687734983,685851
1687734983,689125
1687734983,694805
1687734983,699780
1687734984,357838
1687734984,366410
1687734984,366678
1687734984,374370
1687734984,379907
1687734984,383409
1687734984,384302
1687734984,386235
1687734984,389813
1687734984,391464
1687734984,403517
1687734984,403934
1687734984,404108
1687734984,410307
1687734984,435802
1687734984,436631
1687734984,440266
1687734984,448044
1687734984,460174
1687734984,461265
1687734984,461537
1687734984,471021
1687734984,492457
1687734984,498243
1687734984,498385
1687734984,500850
1687734984,525088
1687734984,535834
1687734984,537583
1687734984,538441
1687734984,545724
1687734984,559824
1687734984,565386
1687734984,568224
1687734984,576749
1687734984,598991
1687734984,599332
1687734984,603625
1687734984,630052
1687734984,632986
1687734984,638206
1687734984,651979
1687734984,663604
1687734984,671075
1687734984,676182
1687734984,678645
1687734984,683972
1687734984,687568
1687734984,688263
1687734984,692020
1687734984,694940
1687734984,696406
1687734984,697622
1687734985,360697
1687734985,364459
1687734985,369531
1687734985,377506
1687734985,378302
1687734985,378775
1687734985,389237
1687734985,399833
1687734985,416692
1687734985,418518
1687734985,424678
1687734985,437649
1687734985,450914
1687734985,451748
1687734985,457554
1687734985,475317
1687734985,489924
1687734985,507958
1687734985,513164
1687734985,525888
1687734985,533027
1687734985,561936
1687734985,562202
1687734985,575658
1687734985,594486
1687734985,596459
1687734985,608413
1687734985,612094
1687734985,620772
1687734985,629630
1687734985,635803
1687734985,644520
1687734985,655322
1687734985,661426
1687734985,661882
1687734985,664409
1687734985,672790
1687734985,682674
1687734985,683576
1687734985,683986
1687734985,686234
1687734985,687863
1687734985,689421
1687734985,692547
1687734986,358577
1687734986,365318
1687734986,370075
1687734986,374184
1687734986,376142
1687734986,376403
1687734986,376531
1687734986,376702
1687734986,381664
1687734986,392788
1687734986,393161
1687734986,394971
1687734986,416669
1687734986,416888
1687734986,425234
1687734986,436385
1687734986,453268
1687734986,455775
1687734986,474849
1687734986,475135
1687734986,483856
1687734986,486081
1687734986,487795
1687734986,515009
1687734986,520161
1687734986,521441
1687734986,537524
1687734986,543790
1687734986,548201
1687734986,551943
1687734986,565081
1687734986,577357
1687734986,577410
1687734986,587857
1687734986,616156
1687734986,629072
1687734986,634507
1687734986,646674
1687734986,651174
1687734986,651188
1687734986,666997
1687734986,667051
1687734986,673605
1687734986,673858
1687734986,674056
1687734986,681312
1687734986,682471
1687734986,685553
1687734986,687898
1687734986,692037
1687734986,697760
1687734986,698158
1687734987,365460
1687734987,367534
1687734987,369714
1687734987,384098
1687734987,392412
1687734987,392766
1687734987,395093
1687734987,416380
1687734987,416583
1687734987,428364
1687734987,430294
1687734987,444179
1687734987,446152
1687734987,451607
1687734987,452600
1687734987,483252
1687734987,487970
1687734987,511430
1687734987,511559
1687734987,513533
1687734987,522195
1687734987,547931
1687734987,549810
1687734987,551766
1687734987,585539
1687734987,588369
1687734987,588429
1687734987,590160
1687734987,591334
1687734987,614249
1687734987,617700
1687734987,621627
1687734987,624964
1687734987,646637
1687734987,647623
1687734987,658254
1687734987,667072
1687734987,675845
1687734987,682618
1687734987,688629
1687734987,690692
1687734987,690828
1687734987,690963
1687734987,691954
1687734987,695811
1687734988,367805
1687734988,370313
1687734988,370777
1687734988,373398
1687734988,375207
1687734988,375293
1687734988,375606
1687734988,377425
1687734988,392430
1687734988,397102
1687734988,401951
1687734988,411830
1687734988,416059
1687734988,432638
1687734988,448516
1687734988,450105
1687734988,453448
1687734988,465056
1687734988,467480
1687734988,476179
1687734988,490362
1687734988,506440
1687734988,512633
1687734988,521558
1687734988,536367
1687734988,545379
1687734988,551569
1687734988,563338
1687734988,572704
1687734988,594750
1687734988,612068
1687734988,612468
1687734988,616085
1687734988,624852
1687734988,644938
1687734988,645031
1687734988,646659
1687734988,650287
1687734988,670451
1687734988,674736
1687734988,676646
1687734988,678441
1687734988,679038
1687734988,683721
1687734988,688534
1687734988,690494
1687734988,696232
1687734989,362342
1687734989,362578
1687734989,373488
1687734989,378264
1687734989,380053
1687734989,383043
1687734989,385408
1687734989,391263
1687734989,393490
1687734989,406236
1687734989,409001
1687734989,409590
1687734989,429389
1687734989,437925
1687734989,467166
1687734989,469719
1687734989,469869
1687734989,486091
1687734989,490406
1687734989,501441
1687734989,501774
1687734989,503232
1687734989,506780
1687734989,527170
1687734989,531708
1687734989,564067
1687734989,576744
1687734989,579968
1687734989,591889
1687734989,594094
1687734989,607221
1687734989,613126
1687734989,628950
1687734989,640423
1687734989,645395
1687734989,653059
1687734989,665264
1687734989,665942
1687734989,668818
1687734989,670336
1687734989,678799
1687734989,685450
1687734989,687079
1687734989,692558
1687734989,692871
1687734989,693103
1687734989,694475
1687734989,702960
1687734990,367365
1687734990,368983
1687734990,369290
1687734990,369516
1687734990,371214
1687734990,375659
1687734990,377299
1687734990,383891
1687734990,386583
1687734990,390059
1687734990,410795
1687734990,414887
1687734990,425952
1687734990,429560
1687734990,429696
1687734990,444263
1687734990,466680
1687734990,468620
1687734990,493139
1687734990,501734
1687734990,506600
1687734990,526843
1687734990,530993
1687734990,531463
1687734990,535655
1687734990,544610
1687734990,568831
1687734990,573741
1687734990,596272
1687734990,601841
1687734990,603494
1687734990,611056
1687734990,625640
1687734990,628990
1687734990,633706
1687734990,637070
1687734990,639382
1687734990,644196
1687734990,658467
1687734990,660270
1687734990,661122
1687734990,679083
1687734990,680033
1687734990,682057
1687734990,685517
1687734990,686873
1687734990,687679
1687734990,688144
1687734990,690957
1687734990,693114
1687734990,700055
1687734991,363110
1687734991,372786
1687734991,373056
1687734991,375812
1687734991,375847
1687734991,376868
1687734991,383492
1687734991,384526
1687734991,392993
1687734991,406577
1687734991,411308
1687734991,423631
1687734991,443913
1687734991,459028
1687734991,476882
1687734991,478083
1687734991,479554
1687734991,490838
1687734991,497555
1687734991,504880
1687734991,526152
1687734991,531020
1687734991,537727
1687734991,556198
1687734991,561320
1687734991,566277
1687734991,566675
1687734991,579831
1687734991,601787
1687734991,605546
1687734991,637250
1687734991,658272
1687734991,659030
1687734991,666443
1687734991,669982
1687734991,682285
1687734991,684675
1687734991,684855
1687734991,688672
1687734991,690950
1687734991,691244
1687734991,692330
1687734991,697760
1687734992,364065
1687734992,366161
1687734992,370107
1687734992,373629
1687734992,375758
1687734992,377066
1687734992,393669
1687734992,398077
1687734992,398940
1687734992,400382
1687734992,402963
1687734992,403349
1687734992,407574
1687734992,421057
1687734992,422324
1687734992,429340
1687734992,441291
1687734992,445060
1687734992,447869
1687734992,454290
1687734992,466772
1687734992,488124
1687734992,491686
1687734992,504538
1687734992,518199
1687734992,520428
1687734992,543145
1687734992,554524
1687734992,562531
1687734992,600906
1687734992,605779
1687734992,618879
1687734992,622511
1687734992,642272
1687734992,652374
1687734992,652703
1687734992,655321
1687734992,661988
1687734992,672617
1687734992,680882
1687734992,682617
1687734992,682887
1687734992,687585
1687734992,692537
1687734992,693608
1687734992,698069
1687734993,363213
1687734993,363880
1687734993,366764
1687734993,371543
1687734993,376806
1687734993,377115
1687734993,377930
1687734993,379784
1687734993,383348
1687734993,386358
1687734993,388801
1687734993,400707
1687734993,417483
1687734993,422903
1687734993,440692
1687734993,442885
1687734993,449426
1687734993,451909
1687734993,454392
1687734993,461527
1687734993,480054
1687734993,480918
1687734993,517552
1687734993,518460
1687734993,520997
1687734993,538819
1687734993,540495
1687734993,552192
1687734993,553445
1687734993,555398
1687734993,582014
1687734993,585026
1687734993,585985
1687734993,588723
1687734993,594169
1687734993,616445
1687734993,624288
1687734993,629671
1687734993,636988
1687734993,652001
1687734993,657481
1687734993,670832
1687734993,675150
1687734993,682222
1687734993,686198
1687734993,688716
1687734993,690632
1687734993,695200
1687734993,697748
1687734994,364978
1687734994,366161
1687734994,367834
1687734994,377997
1687734994,378551
1687734994,388459
1687734994,388941
1687734994,392006
1687734994,399758
1687734994,412024
1687734994,416682
1687734994,417927
1687734994,420785
1687734994,439865
1687734994,441611
1687734994,450703
1687734994,461670
1687734994,476924
1687734994,479908
1687734994,480030
1687734994,495062
1687734994,504416
1687734994,514989
1687734994,515332
1687734994,520918
1687734994,544278
1687734994,547947
1687734994,559961
1687734994,576006
1687734994,583630
1687734994,585039
1687734994,599131
1687734994,622454
1687734994,625768
1687734994,637136
1687734994,646064
1687734994,652581
1687734994,662151
1687734994,667557
1687734994,668130
1687734994,670423
1687734994,670887
1687734994,674449
1687734994,683088
1687734994,683746
1687734994,686181
1687734994,690389
1687734994,690412
1687734994,691015
1687734994,692145
1687734994,695322
1687734994,699003
1687734994,701833
1687734995,364796
1687734995,368627
1687734995,368668
1687734995,374053
1687734995,374271
1687734995,381049
1687734995,381468
1687734995,382632
1687734995,386081
1687734995,387108
1687734995,394004
1687734995,400163
1687734995,402533
1687734995,413261
1687734995,416537
1687734995,433228
1687734995,433914
1687734995,437706
1687734995,459282
1687734995,463988
1687734995,470077
1687734995,471772
1687734995,471878
1687734995,495535
1687734995,529755
1687734995,531089
1687734995,542155
1687734995,543485
1687734995,558382
1687734995,559179
1687734995,567340
1687734995,578215
1687734995,578555
1687734995,596361
1687734995,611378
1687734995,616731
1687734995,617760
1687734995,631890
1687734995,641125
1687734995,643239
1687734995,648138
1687734995,659334
1687734995,673755
1687734995,674803
1687734995,674949
1687734995,677459
1687734995,683369
1687734995,693060
1687734995,697852
1687734995,702239
1687734996,361644
1687734996,368029
1687734996,368051
1687734996,383557
1687734996,387210
1687734996,387725
1687734996,394059
1687734996,396269
1687734996,403082
1687734996,407302
1687734996,413425
1687734996,434574
1687734996,436191
1687734996,455811
1687734996,460305
1687734996,470138
1687734996,493330
1687734996,496129
1687734996,496519
1687734996,499331
1687734996,504077
1687734996,537652
1687734996,539469
1687734996,569046
1687734996,572538
1687734996,575161
1687734996,600204
1687734996,601033
1687734996,604464
1687734996,607449
1687734996,610184
1687734996,617167
1687734996,636359
1687734996,637695
1687734996,651200
1687734996,651519
1687734996,659600
1687734996,660501
1687734996,661171
1687734996,664801
1687734996,668031
1687734996,676162
1687734996,677119
1687734996,678019
1687734996,678607
1687734996,687808
1687734996,691131
1687734996,701906
1687734997,363474
1687734997,365439
1687734997,377910
1687734997,378461
1687734997,379035
1687734997,379189
1687734997,388949
1687734997,390935
1687734997,391570
1687734997,394174
1687734997,403970
1687734997,406431
1687734997,408295
1687734997,413340
1687734997,416628
1687734997,418275
1687734997,433986
1687734997,434368
1687734997,440283
1687734997,453777
1687734997,462036
1687734997,462324
1687734997,472762
1687734997,474988
1687734997,492940
1687734997,495150
1687734997,505157
1687734997,511349
1687734997,525650
1687734997,527374
1687734997,531460
1687734997,532006
1687734997,542115
1687734997,567652
1687734997,570465
1687734997,570997
1687734997,595255
1687734997,596780
1687734997,605248
1687734997,606888
1687734997,631394
1687734997,631504
1687734997,640460
1687734997,662314
1687734997,662721
1687734997,663786
1687734997,674613
1687734997,677647
1687734997,686958
1687734997,687229
1687734997,689369
1687734997,692372
1687734997,694981
1687734997,695829
1687734998,367255
1687734998,367579
1687734998,369251
1687734998,369493
1687734998,376824
1687734998,377585
1687734998,378615
1687734998,381769
1687734998,383766
1687734998,389439
1687734998,397514
1687734998,420987
1687734998,429764
1687734998,430952
1687734998,450047
1687734998,461918
1687734998,470001
1687734998,479964
1687734998,491345
1687734998,491681
1687734998,494763
1687734998,510632
1687734998,516396
1687734998,520492
1687734998,534382
1687734998,545288
1687734998,562120
1687734998,574177
1687734998,583053
1687734998,594628
1687734998,595292
1687734998,607642
1687734998,615223
1687734998,624620
1687734998,624885
1687734998,630833
1687734998,633238
1687734998,644682
1687734998,660154
1687734998,668111
1687734998,678020
1687734998,680863
1687734998,682045
1687734998,682499
1687734998,683448
1687734998,683572
1687734998,684372
1687734998,687046
1687734998,693166
1687734998,697729
1687734998,698848
1687734999,363382
1687734999,366551
1687734999,369060
1687734999,375134
1687734999,377036
1687734999,378118
1687734999,381382
1687734999,393686
1687734999,395084
1687734999,395221
1687734999,400763
1687734999,412899
1687734999,420080
1687734999,422420
1687734999,424203
1687734999,425928
1687734999,455154
1687734999,468680
1687734999,481525
1687734999,484105
1687734999,487394
1687734999,509408
1687734999,515849
1687734999,546996
1687734999,550682
1687734999,553044
1687734999,554183
1687734999,555322
1687734999,570172
1687734999,571134
1687734999,582036
1687734999,593444
1687734999,596379
1687734999,612959
1687734999,620462
1687734999,626976
1687734999,645942
1687734999,651651
1687734999,652375
1687734999,657886
1687734999,659806
1687734999,668163
1687734999,668996
1687734999,672766
1687734999,684879
1687734999,686947
1687734999,688732
1687734999,691033
1687734999,696063
1687734999,699224
1687735000,366080
1687735000,370247
1687735000,370467
1687735000,371284
1687735000,374491
1687735000,375750
1687735000,376365
1687735000,377841
1687735000,379755
1687735000,390807
1687735000,396047
1687735000,408323
1687735000,420037
1687735000,421396
1687735000,426005
1687735000,428639
1687735000,440088
1687735000,443633
1687735000,444949
1687735000,445163
1687735000,449706
1687735000,450104
1687735000,450335
1687735000,485069
1687735000,492173
1687735000,508798
1687735000,509374
1687735000,510174
1687735000,516664
1687735000,544647
1687735000,546865
1687735000,551381
1687735000,586894
1687735000,589649
1687735000,590230
1687735000,610460
1687735000,616127
1687735000,626334
1687735000,643233
1687735000,645028
1687735000,646892
1687735000,654710
1687735000,670163
1687735000,673359
1687735000,676110
1687735000,676174
1687735000,681843
1687735000,685510
1687735000,685520
1687735000,688271
1687735000,689153
1687735000,691300
1687735000,693756
1687735000,698415
1687735001,358818
1687735001,366006
1687735001,369167
1687735001,375710
1687735001,376976
1687735001,380969
1687735001,392955
1687735001,399119
1687735001,408669
1687735001,408815
1687735001,412629
1687735001,427193
1687735001,430306
1687735001,444319
1687735001,444949
1687735001,462288
1687735001,471999
1687735001,476847
1687735001,486917
1687735001,493794
1687735001,514528
1687735001,520683
1687735001,540792
1687735001,546929
1687735001,559238
1687735001,571349
1687735001,579099
1687735001,580115
1687735001,590830
1687735001,598108
1687735001,614303
1687735001,620038
1687735001,623450
1687735001,633032
1687735001,638210
1687735001,642132
1687735001,648397
1687735001,652128
1687735001,653870
1687735001,664003
1687735001,670068
1687735001,670255
1687735001,677890
1687735001,681080
1687735001,685441
1687735001,687762
1687735001,690973
1687735001,691467
1687735001,692459
1687735001,699166
1687735001,703151
1687735002,360787
1687735002,362052
1687735002,366520
1687735002,372575
1687735002,377261
1687735002,382543
1687735002,384372
1687735002,385415
1687735002,386103
1687735002,387587
1687735002,388667
1687735002,404881
1687735002,412548
1687735002,432723
1687735002,438364
1687735002,439027
1687735002,464131
1687735002,465222
1687735002,476335
1687735002,487206
1687735002,499890
1687735002,510258
1687735002,516751
1687735002,521369
1687735002,524353
1687735002,540612
1687735002,542185
1687735002,561502
1687735002,567879
1687735002,568044
1687735002,575322
1687735002,589564
1687735002,598743
1687735002,602750
1687735002,612271
1687735002,624728
1687735002,630404
1687735002,635566
1687735002,641179
1687735002,646945
1687735002,660375
1687735002,665242
1687735002,666336
1687735002,666691
1687735002,668645
1687735002,679361
1687735002,682238
1687735002,688282
1687735002,689018
1687735002,689514
1687735002,689737
1687735002,689838
1687735003,358250
1687735003,364971
1687735003,368489
1687735003,369197
1687735003,372270
1687735003,374701
1687735003,375558
1687735003,382973
1687735003,383417
1687735003,384147
1687735003,394064
1687735003,405287
1687735003,406238
1687735003,406692
1687735003,411935
1687735003,420286
1687735003,433565
1687735003,441829
1687735003,464407
1687735003,464980
1687735003,466869
1687735003,471973
1687735003,472975
1687735003,498653
1687735003,499105
1687735003,501719
1687735003,503246
1687735003,531541
1687735003,535342
1687735003,538030
1687735003,538737
1687735003,563871
1687735003,570698
1687735003,571416
1687735003,597042
1687735003,601825
1687735003,606313
1687735003,616590
1687735003,632419
1687735003,633905
1687735003,638762
1687735003,654636
1687735003,658152
1687735003,663612
1687735003,676502
1687735003,679275
1687735003,679664
1687735003,681556
1687735003,686127
1687735003,686265
1687735003,688562
1687735003,688611
1687735003,694852
1687735003,699900
1687735003,700002
1687735004,357827
1687735004,359683
1687735004,366060
1687735004,367604
1687735004,378985
1687735004,380622
1687735004,383296
1687735004,384123
1687735004,385277
1687735004,389208
1687735004,392657
1687735004,398456
1687735004,402251
1687735004,402493
1687735004,404795
1687735004,433856
1687735004,442303
1687735004,449256
1687735004,450013
1687735004,459240
1687735004,459448
1687735004,462199
1687735004,472788
1687735004,479120
1687735004,489982
1687735004,491405
1687735004,496209
1687735004,500306
1687735004,523131
1687735004,535223
1687735004,537794
1687735004,540500
1687735004,561774
1687735004,563525
1687735004,565822
1687735004,579255
1687735004,592519
1687735004,596776
1687735004,601278
1687735004,605503
1687735004,627962
1687735004,634697
1687735004,639917
1687735004,653322
1687735004,654160
1687735004,664920
1687735004,667403
1687735004,669702
1687735004,675488
1687735004,678818
1687735004,679911
1687735004,685080
1687735004,687443
1687735004,688528
1687735004,692129
1687735004,692629
1687735004,694651
1687735004,696525
1687735004,698062
1687735005,361097
1687735005,368755
1687735005,374666
1687735005,377545
1687735005,390010
1687735005,398856
1687735005,401785
1687735005,416877
1687735005,418453
1687735005,423071
1687735005,439519
1687735005,453733
1687735005,455458
1687735005,477410
1687735005,487538
1687735005,515021
1687735005,523610
1687735005,547938
1687735005,559760
1687735005,560195
1687735005,563026
1687735005,577682
1687735005,592388
1687735005,594103
1687735005,609952
1687735005,613675
1687735005,618798
1687735005,627577
1687735005,637641
1687735005,646021
1687735005,647015
1687735005,660659
1687735005,662575
1687735005,663328
1687735005,673821
1687735005,682168
1687735005,682979
1687735005,685946
1687735005,686536
1687735005,689906
1687735006,358490
1687735006,365424
1687735006,373738
1687735006,376227
1687735006,376729
1687735006,377661
1687735006,382583
1687735006,390052
1687735006,391809
1687735006,393779
1687735006,394479
1687735006,415000
1687735006,418459
1687735006,423649
1687735006,438312
1687735006,447934
1687735006,453818
1687735006,455112
1687735006,472966
1687735006,476933
1687735006,483943
1687735006,489911
1687735006,517077
1687735006,518042
1687735006,519320
1687735006,539462
1687735006,546055
1687735006,546125
1687735006,579415
1687735006,579518
1687735006,585812
1687735006,618049
1687735006,619529
1687735006,627423
1687735006,636139
1687735006,648186
1687735006,649356
1687735006,668565
1687735006,672492
1687735006,672840
1687735006,673207
1687735006,680141
1687735006,683058
1687735006,686508
1687735006,688521
1687735006,691938
1687735006,697566
1687735006,698320
1687735007,365498
1687735007,366763
1687735007,370124
1687735007,370374
1687735007,374720
1687735007,378500
1687735007,383633
1687735007,390760
1687735007,391498
1687735007,396565
1687735007,415155
1687735007,417493
1687735007,418078
1687735007,429917
1687735007,432063
1687735007,442298
1687735007,444490
1687735007,454619
1687735007,490067
1687735007,509311
1687735007,511587
1687735007,513501
1687735007,521089
1687735007,524069
1687735007,546217
1687735007,549717
1687735007,551779
1687735007,553849
1687735007,583209
1687735007,586023
1687735007,587782
1687735007,590708
1687735007,593369
1687735007,615838
1687735007,616105
1687735007,619714
1687735007,626717
1687735007,644858
1687735007,648969
1687735007,649610
1687735007,659508
1687735007,668389
1687735007,674854
1687735007,677703
1687735007,683463
1687735007,687928
1687735007,690287
1687735007,690454
1687735007,690900
1687735007,691489
1687735007,691743
1687735007,695207
1687735008,362699
1687735008,367944
1687735008,369534
1687735008,369790
1687735008,371348
1687735008,372996
1687735008,375076
1687735008,376418
1687735008,390922
1687735008,398177
1687735008,403289
1687735008,410366
1687735008,434439
1687735008,446807
1687735008,451713
1687735008,452263
1687735008,467754
1687735008,469440
1687735008,473893
1687735008,492391
1687735008,497414
1687735008,514487
1687735008,523028
1687735008,543503
1687735008,553682
1687735008,565540
1687735008,570673
1687735008,596930
1687735008,610621
1687735008,613859
1687735008,614350
1687735008,614772
1687735008,626759
1687735008,632128
1687735008,643378
1687735008,646211
1687735008,648358
1687735008,668811
1687735008,675931
1687735008,677650
1687735008,678181
1687735008,679116
1687735008,683097
1687735008,689151
1687735008,690317
1687735008,696500
1687735009,362376
1687735009,373561
1687735009,381098
1687735009,384017
1687735009,384304
1687735009,390231
1687735009,395047
1687735009,408170
1687735009,410302
1687735009,413563
1687735009,431269
1687735009,436308
1687735009,464915
1687735009,466990
1687735009,467974
1687735009,468529
1687735009,488132
1687735009,492524
1687735009,499246
1687735009,504674
1687735009,505137
1687735009,529160
1687735009,533750
1687735009,534045
1687735009,570907
1687735009,574654
1687735009,577484
1687735009,593749
1687735009,595878
1687735009,608973
1687735009,610737
1687735009,630726
1687735009,638605
1687735009,643524
1687735009,654524
1687735009,664747
1687735009,667533
1687735009,671210
1687735009,679413
1687735009,686087
1687735009,686434
1687735009,692877
1687735009,692894
1687735009,693472
1687735009,693775
1687735009,698117
1687735009,702880
1687735010,368611
1687735010,369680
1687735010,370010
1687735010,370816
1687735010,375697
1687735010,382556
1687735010,384525
1687735010,385765
1687735010,391336
1687735010,405122
1687735010,409101
1687735010,416472
1687735010,427772
1687735010,427840
1687735010,428001
1687735010,446166
1687735010,464205
1687735010,466469
1687735010,491039
1687735010,503939
1687735010,508540
1687735010,523158
1687735010,528705
1687735010,528925
1687735010,529422
1687735010,533567
1687735010,545576
1687735010,546485
1687735010,571406
1687735010,594193
1687735010,601357
1687735010,603817
1687735010,612709
1687735010,627104
1687735010,630721
1687735010,631878
1687735010,635051
1687735010,640692
1687735010,641984
1687735010,659711
1687735010,660015
1687735010,661627
1687735010,668262
1687735010,680095
1687735010,680723
1687735010,681336
1687735010,686454
1687735010,686713
1687735010,687684
1687735010,691805
1687735010,693181
1687735010,700391
1687735011,362656
1687735011,372391
1687735011,373565
1687735011,376310
1687735011,383880
1687735011,394599
1687735011,405430
1687735011,412829
1687735011,421791
1687735011,445548
1687735011,445872
1687735011,457085
1687735011,468795
1687735011,480271
1687735011,481290
1687735011,488623
1687735011,495510
1687735011,499482
1687735011,506792
1687735011,509888
1687735011,523928
1687735011,539631
1687735011,559289
1687735011,568479
1687735011,568667
1687735011,582080
1687735011,599711
1687735011,607269
1687735011,631160
1687735011,639067
1687735011,657391
1687735011,659472
1687735011,664709
1687735011,671535
1687735011,681505
1687735011,685023
1687735011,685550
1687735011,690458
1687735011,691490
1687735011,692140
1687735011,697886
1687735012,364295
1687735012,364913
1687735012,366088
1687735012,370414
1687735012,374275
1687735012,375897
1687735012,380047
1687735012,395286
1687735012,396820
1687735012,399163
1687735012,400260
1687735012,401826
1687735012,409189
1687735012,418235
1687735012,420722
1687735012,422964
1687735012,427612
1687735012,443127
1687735012,447060
1687735012,452400
1687735012,489714
1687735012,490134
1687735012,506521
1687735012,516182
1687735012,522222
1687735012,545295
1687735012,552129
1687735012,554113
1687735012,560456
1687735012,584352
1687735012,598555
1687735012,607610
1687735012,620451
1687735012,620865
1687735012,643869
1687735012,651169
1687735012,653617
1687735012,653703
1687735012,653704
1687735012,656148
1687735012,660696
1687735012,670326
1687735012,673486
1687735012,680067
1687735012,681684
1687735012,683290
1687735012,687580
1687735012,688273
1687735012,692682
1687735012,692811
1687735012,697603
1687735013,363099
1687735013,363361
1687735013,367255
1687735013,370637
1687735013,376127
1687735013,377832
1687735013,377928
1687735013,377928
1687735013,380944
1687735013,382503
1687735013,387587
1687735013,394862
1687735013,415921
1687735013,423222
1687735013,424729
1687735013,441135
1687735013,442705
1687735013,447408
1687735013,449955
1687735013,456272
1687735013,463328
1687735013,477843
1687735013,482954
1687735013,515334
1687735013,515428
1687735013,518921
1687735013,520474
1687735013,540843
1687735013,542527
1687735013,550009
1687735013,553416
1687735013,555106
1687735013,555807
1687735013,582950
1687735013,584070
1687735013,586713
1687735013,588219
1687735013,618309
1687735013,622347
1687735013,627305
1687735013,638682
1687735013,671878
1687735013,673788
1687735013,683010
1687735013,686987
1687735013,688425
1687735013,691010
1687735013,694783
1687735013,697731
1687735014,365236
1687735014,366279
1687735014,368415
1687735014,378226
1687735014,387747
1687735014,389208
1687735014,391060
1687735014,401258
1687735014,415060
1687735014,417578
1687735014,419607
1687735014,419883
1687735014,439929
1687735014,463702
1687735014,474842
1687735014,477596
1687735014,481154
1687735014,482211
1687735014,497058
1687735014,502291
1687735014,512861
1687735014,517425
1687735014,522894
1687735014,542209
1687735014,562009
1687735014,573760
1687735014,581852
1687735014,586997
1687735014,601088
1687735014,619408
1687735014,623621
1687735014,624202
1687735014,638589
1687735014,653964
1687735014,663268
1687735014,666236
1687735014,666873
1687735014,669514
1687735014,672282
1687735014,683993
1687735014,686871
1687735014,689640
1687735014,690141
1687735014,691691
1687735014,695149
1687735014,699004
1687735015,365077
1687735015,368039
1687735015,369157
1687735015,373407
1687735015,374997
1687735015,376956
1687735015,380033
1687735015,382263
1687735015,382907
1687735015,392664
1687735015,401506
1687735015,404257
1687735015,411804
1687735015,411842
1687735015,418578
1687735015,435242
1687735015,435879
1687735015,435896
1687735015,438057
1687735015,458039
1687735015,461251
1687735015,467892
1687735015,469582
1687735015,469737
1687735015,475024
1687735015,497328
1687735015,504273
1687735015,518717
1687735015,531631
1687735015,532894
1687735015,539991
1687735015,541203
1687735015,560521
1687735015,561370
1687735015,576270
1687735015,598434
1687735015,609195
1687735015,618348
1687735015,633801
1687735015,634096
1687735015,639174
1687735015,641240
1687735015,646240
1687735015,660670
1687735015,673880
1687735015,674759
1687735015,675802
1687735015,676735
1687735015,682790
1687735015,683606
1687735015,693513
1687735015,698102
1687735016,361324
1687735016,367457
1687735016,367571
1687735016,376873
1687735016,384241
1687735016,385504
1687735016,386251
1687735016,389101
1687735016,392844
1687735016,393208
1687735016,397621
1687735016,401885
1687735016,406120
1687735016,432500
1687735016,438188
1687735016,458098
1687735016,472386
1687735016,494262
1687735016,495172
1687735016,497110
1687735016,498063
1687735016,501855
1687735016,537355
1687735016,539614
1687735016,566347
1687735016,566951
1687735016,577235
1687735016,599018
1687735016,602078
1687735016,602407
1687735016,605533
1687735016,608031
1687735016,634046
1687735016,639239
1687735016,652762
1687735016,652903
1687735016,657809
1687735016,661974
1687735016,666344
1687735016,676939
1687735016,677185
1687735016,677237
1687735016,679274
1687735016,688250
1687735016,688912
1687735016,689497
1687735016,690790
1687735016,699918
1687735016,701919
1687735017,363603
1687735017,365472
1687735017,377580
1687735017,378614
1687735017,379590
1687735017,380206
1687735017,389603
1687735017,391910
1687735017,393464
1687735017,406817
1687735017,407877
1687735017,415163
1687735017,429541
1687735017,432433
1687735017,435865
1687735017,442323
1687735017,451696
1687735017,460325
1687735017,476913
1687735017,492601
1687735017,493130
1687735017,495018
1687735017,507303
1687735017,523581
1687735017,525224
1687735017,528702
1687735017,529580
1687735017,534181
1687735017,544134
1687735017,568117
1687735017,573216
1687735017,597208
1687735017,598504
1687735017,602740
1687735017,609090
1687735017,629195
1687735017,633009
1687735017,642148
1687735017,660962
1687735017,663950
1687735017,675875
1687735017,678589
1687735017,686088
1687735017,686730
1687735017,691363
1687735017,695097
1687735018,366266
1687735018,366801
1687735018,368054
1687735018,368373
1687735018,370210
1687735018,374764
1687735018,377581
1687735018,377693
1687735018,377728
1687735018,377862
1687735018,382562
1687735018,382867
1687735018,390745
1687735018,393515
1687735018,395925
1687735018,397581
1687735018,419140
1687735018,419759
1687735018,427221
1687735018,428197
1687735018,432910
1687735018,449738
1687735018,452047
1687735018,460205
1687735018,472120
1687735018,482287
1687735018,489515
1687735018,489571
1687735018,511470
1687735018,512579
1687735018,513277
1687735018,514262
1687735018,518468
1687735018,536345
1687735018,547538
1687735018,559832
1687735018,576275
1687735018,585429
1687735018,592590
1687735018,593074
1687735018,609240
1687735018,617218
1687735018,622547
1687735018,622868
1687735018,631438
1687735018,632501
1687735018,646241
1687735018,658808
1687735018,665084
1687735018,668776
1687735018,677059
1687735018,679692
1687735018,681646
1687735018,682345
1687735018,683200
1687735018,683287
1687735018,684673
1687735018,687180
1687735018,693891
1687735018,698277
1687735018,699147
1687735019,364079
1687735019,366329
1687735019,368560
1687735019,374930
1687735019,375798
1687735019,377732
1687735019,379160
1687735019,380690
1687735019,394283
1687735019,395173
1687735019,401830
1687735019,414368
1687735019,418227
1687735019,422673
1687735019,423955
1687735019,424386
1687735019,453092
1687735019,470832
1687735019,479262
1687735019,485095
1687735019,486056
1687735019,514096
1687735019,517369
1687735019,548752
1687735019,548974
1687735019,552355
1687735019,553183
1687735019,553353
1687735019,572265
1687735019,573354
1687735019,591306
1687735019,594425
1687735019,614629
1687735019,618423
1687735019,621355
1687735019,624700
1687735019,647726
1687735019,650271
1687735019,650949
1687735019,657939
1687735019,659126
1687735019,669324
1687735019,671852
1687735019,685953
1687735019,688107
1687735019,688416
1687735019,689926
1687735019,691338
1687735019,696020
1687735019,698718
1687735020,369215
1687735020,370437
1687735020,371205
1687735020,375622
1687735020,376451
1687735020,376687
1687735020,376897
1687735020,379435
1687735020,389622
1687735020,410140
1687735020,416050
1687735020,418674
1687735020,427911
1687735020,437953
1687735020,441760
1687735020,442944
1687735020,447054
1687735020,447769
1687735020,451930
1687735020,452516
1687735020,481727
1687735020,483202
1687735020,494262
1687735020,507405
1687735020,508034
1687735020,510765
1687735020,514726
1687735020,522894
1687735020,542695
1687735020,544872
1687735020,588157
1687735020,589015
1687735020,591662
1687735020,612004
1687735020,614701
1687735020,628186
1687735020,643287
1687735020,644780
1687735020,645120
1687735020,655934
1687735020,671315
1687735020,674337
1687735020,675078
1687735020,676238
1687735020,676999
1687735020,681499
1687735020,685535
1687735020,686028
1687735020,691024
1687735020,693168
1687735021,358587
1687735021,365706
1687735021,368913
1687735021,369941
1687735021,376331
1687735021,376372
1687735021,381867
1687735021,382009
1687735021,392023
1687735021,400212
1687735021,407199
1687735021,409862
1687735021,410868
1687735021,429187
1687735021,432059
1687735021,443007
1687735021,446337
1687735021,464436
1687735021,466320
1687735021,469763
1687735021,474667
1687735021,488999
1687735021,495571
1687735021,512305
1687735021,522718
1687735021,538832
1687735021,548938
1687735021,569221
1687735021,576849
1687735021,578030
1687735021,592816
1687735021,600024
1687735021,618250
1687735021,625306
1687735021,639811
1687735021,643606
1687735021,646446
1687735021,653594
1687735021,655420
1687735021,662686
1687735021,665262
1687735021,669286
1687735021,671163
1687735021,679062
1687735021,680241
1687735021,684949
1687735021,688316
1687735021,691179
1687735021,691710
1687735021,691878
1687735021,698904
1687735021,703259
1687735022,361603
1687735022,362459
1687735022,366519
1687735022,371909
1687735022,375427
1687735022,376617
1687735022,383032
1687735022,385285
1687735022,386502
1687735022,387568
1687735022,388800
1687735022,406389
1687735022,410949
1687735022,419941
1687735022,434531
1687735022,436611
1687735022,437467
1687735022,463115
1687735022,474248
1687735022,489314
1687735022,501912
1687735022,508048
1687735022,523323
1687735022,526463
1687735022,538832
1687735022,539946
1687735022,563833
1687735022,565846
1687735022,570007
1687735022,573070
1687735022,575892
1687735022,591637
1687735022,600725
1687735022,600822
1687735022,603683
1687735022,626475
1687735022,632204
1687735022,633827
1687735022,639808
1687735022,644665
1687735022,661702
1687735022,663677
1687735022,666843
1687735022,667368
1687735022,680144
1687735022,682632
1687735022,688051
1687735022,689007
1687735022,689132
1687735022,689436
1687735022,690063
1687735023,358051
1687735023,359868
1687735023,365133
1687735023,368733
1687735023,369119
1687735023,372773
1687735023,375525
1687735023,381983
1687735023,384178
1687735023,390780
1687735023,394838
1687735023,405022
1687735023,406880
1687735023,408395
1687735023,422341
1687735023,427674
1687735023,431304
1687735023,443692
1687735023,462768
1687735023,465045
1687735023,466473
1687735023,473885
1687735023,496394
1687735023,496935
1687735023,503648
1687735023,505043
1687735023,525131
1687735023,533319
1687735023,535729
1687735023,536506
1687735023,563758
1687735023,566085
1687735023,568263
1687735023,573545
1687735023,594986
1687735023,604367
1687735023,618104
1687735023,632126
1687735023,634214
1687735023,636798
1687735023,656070
1687735023,656540
1687735023,665087
1687735023,676166
1687735023,679179
1687735023,680227
1687735023,680748
1687735023,686634
1687735023,688002
1687735023,694808
1687735023,700243
1687735024,357860
1687735024,365757
1687735024,368585
1687735024,376751
1687735024,378066
1687735024,382269
1687735024,384368
1687735024,384823
1687735024,388644
1687735024,393865
1687735024,396399
1687735024,397133
1687735024,397286
1687735024,400887
1687735024,402778
1687735024,406117
1687735024,413543
1687735024,431963
1687735024,444358
1687735024,451927
1687735024,457205
1687735024,457392
1687735024,464249
1687735024,474603
1687735024,481315
1687735024,487531
1687735024,489320
1687735024,494052
1687735024,502375
1687735024,511810
1687735024,521127
1687735024,532893
1687735024,542591
1687735024,561631
1687735024,563437
1687735024,565233
1687735024,581738
1687735024,590568
1687735024,594587
1687735024,603186
1687735024,607377
1687735024,611503
1687735024,625884
1687735024,636385
1687735024,641637
1687735024,645083
1687735024,653072
1687735024,654654
1687735024,662157
1687735024,666431
1687735024,668257
1687735024,674747
1687735024,679347
1687735024,681167
1687735024,686199
1687735024,687295
1687735024,688804
1687735024,692161
1687735024,692695
1687735024,694340
1687735024,696127
1687735024,696662
1687735024,698415
1687735025,361546
1687735025,363164
1687735025,365427
1687735025,368067
1687735025,370229
1687735025,376786
1687735025,390838
1687735025,400643
1687735025,415241
1687735025,420137
1687735025,420226
1687735025,421480
1687735025,441425
1687735025,447634
1687735025,453332
1687735025,455701
1687735025,479533
1687735025,485158
1687735025,499475
1687735025,516866
1687735025,521348
1687735025,539770
1687735025,550198
1687735025,557592
1687735025,558146
1687735025,579733
1687735025,590250
1687735025,591714
1687735025,600957
1687735025,615238
1687735025,616827
1687735025,625553
1687735025,639456
1687735025,647503
1687735025,659403
1687735025,663726
1687735025,674817
1687735025,681645
1687735025,682395
1687735025,685146
1687735025,685647
1687735025,690333
1687735026,358450
1687735026,365570
1687735026,365925
1687735026,373240
1687735026,375953
1687735026,377320
1687735026,378615
1687735026,383526
1687735026,390464
1687735026,391301
1687735026,392673
1687735026,396194
1687735026,413444
1687735026,415291
1687735026,422058
1687735026,440257
1687735026,451846
1687735026,456973
1687735026,470782
1687735026,478993
1687735026,479648
1687735026,481853
1687735026,492006
1687735026,514192
1687735026,515914
1687735026,517225
1687735026,519142
1687735026,541403
1687735026,544017
1687735026,547595
1687735026,548342
1687735026,560994
1687735026,581496
1687735026,581578
1687735026,583764
1687735026,613115
1687735026,619952
1687735026,625695
1687735026,637773
1687735026,647546
1687735026,647994
1687735026,649685
1687735026,670074
1687735026,671345
1687735026,671588
1687735026,672478
1687735026,678901
1687735026,683625
1687735026,684428
1687735026,687486
1687735026,689076
1687735026,691845
1687735026,697386
1687735026,698273
1687735026,698430
1687735027,362110
1687735027,365559
1687735027,366057
1687735027,371092
1687735027,380946
1687735027,383189
1687735027,383251
1687735027,389130
1687735027,390282
1687735027,398078
1687735027,413790
1687735027,419794
1687735027,431488
1687735027,433851
1687735027,440405
1687735027,442833
1687735027,456648
1687735027,476858
1687735027,492177
1687735027,507005
1687735027,509622
1687735027,515582
1687735027,525987
1687735027,544470
1687735027,547514
1687735027,553786
1687735027,555964
1687735027,579087
1687735027,580874
1687735027,583678
1687735027,585416
1687735027,592926
1687735027,595368
1687735027,612609
1687735027,613982
1687735027,617772
1687735027,617940
1687735027,628467
1687735027,643066
1687735027,650282
1687735027,655922
1687735027,660727
1687735027,669679
1687735027,673887
1687735027,684290
1687735027,687206
1687735027,689847
1687735027,689874
1687735027,690980
1687735027,690995
1687735027,692426
1687735027,694571
1687735028,368088
1687735028,368515
1687735028,368782
1687735028,371959
1687735028,372659
1687735028,374960
1687735028,375714
1687735028,377556
1687735028,382171
1687735028,389436
1687735028,399310
1687735028,404610
1687735028,408916
1687735028,433470
1687735028,436245
1687735028,445067
1687735028,449972
1687735028,454443
1687735028,471617
1687735028,494392
1687735028,497201
1687735028,502142
1687735028,516353
1687735028,524572
1687735028,539896
1687735028,541640
1687735028,555793
1687735028,567748
1687735028,568645
1687735028,599045
1687735028,608732
1687735028,610279
1687735028,612380
1687735028,612483
1687735028,615644
1687735028,628689
1687735028,639355
1687735028,641738
1687735028,647423
1687735028,650044
1687735028,667197
1687735028,677064
1687735028,677297
1687735028,678594
1687735028,679774
1687735028,682440
1687735028,684218
1687735028,689731
1687735028,690123
1687735028,696717
1687735028,698808
1687735029,362441
1687735029,362896
1687735029,371306
1687735029,373693
1687735029,376492
1687735029,383194
1687735029,385116
1687735029,389210
1687735029,396605
1687735029,406799
1687735029,411638
1687735029,415120
1687735029,433196
1687735029,434713
1687735029,453051
1687735029,462657
1687735029,465757
1687735029,466116
1687735029,468978
1687735029,494635
1687735029,497051
1687735029,502564
1687735029,507030
1687735029,531192
1687735029,531713
1687735029,535757
1687735029,554260
1687735029,568643
1687735029,572551
1687735029,575041
1687735029,595557
1687735029,597638
1687735029,608332
1687735029,610695
1687735029,632505
1687735029,636776
1687735029,641629
1687735029,642448
1687735029,655952
1687735029,661541
1687735029,663517
1687735029,666198
1687735029,672045
1687735029,680016
1687735029,685637
1687735029,685763
1687735029,686687
1687735029,687225
1687735029,688109
1687735029,692857
1687735029,693073
1687735029,693182
1687735029,702723
1687735030,368276
1687735030,370153
1687735030,370400
1687735030,370517
1687735030,375770
1687735030,381308
1687735030,384974
1687735030,392678
1687735030,400547
1687735030,404061
1687735030,407392
1687735030,418065
1687735030,425809
1687735030,426069
1687735030,426475
1687735030,429622
1687735030,448065
1687735030,464321
1687735030,466370
1687735030,470403
1687735030,489000
1687735030,506137
1687735030,510447
1687735030,526795
1687735030,527397
1687735030,530567
1687735030,531486
1687735030,548369
1687735030,561605
1687735030,569114
1687735030,572999
1687735030,592087
1687735030,605810
1687735030,614320
1687735030,628533
1687735030,630018
1687735030,632427
1687735030,632987
1687735030,639696
1687735030,642012
1687735030,658291
1687735030,658750
1687735030,662965
1687735030,669099
1687735030,680607
1687735030,681065
1687735030,681413
1687735030,685956
1687735030,687065
1687735030,692598
1687735030,693268
1687735030,700667
1687735031,362278
1687735031,366287
1687735031,374108
1687735031,376815
1687735031,378667
1687735031,383240
1687735031,395566
1687735031,396227
1687735031,404305
1687735031,414311
1687735031,420000
1687735031,447852
1687735031,455123
1687735031,470753
1687735031,482447
1687735031,482998
1687735031,486392
1687735031,493468
1687735031,508704
1687735031,521735
1687735031,541581
1687735031,552054
1687735031,557250
1687735031,570658
1687735031,570664
1687735031,584365
1687735031,597631
1687735031,608984
1687735031,629229
1687735031,640859
1687735031,649612
1687735031,655714
1687735031,660619
1687735031,662949
1687735031,673060
1687735031,680732
1687735031,685390
1687735031,686189
1687735031,689939
1687735031,691706
1687735031,691919
1687735031,698022
1687735032,364575
1687735032,366072
1687735032,370716
1687735032,374141
1687735032,374787
1687735032,374929
1687735032,396886
1687735032,397948
1687735032,400347
1687735032,401590
1687735032,410126
1687735032,410801
1687735032,419081
1687735032,424865
1687735032,425885
1687735032,443236
1687735032,444942
1687735032,449056
1687735032,450552
1687735032,487718
1687735032,492111
1687735032,508518
1687735032,514176
1687735032,524021
1687735032,526372
1687735032,547478
1687735032,547886
1687735032,549754
1687735032,558360
1687735032,586627
1687735032,596212
1687735032,609430
1687735032,618452
1687735032,622894
1687735032,645455
1687735032,652031
1687735032,654843
1687735032,659334
1687735032,671595
1687735032,672404
1687735032,674330
1687735032,679224
1687735032,680412
1687735032,683979
1687735032,687535
1687735032,687885
1687735032,691734
1687735032,693083
1687735032,697066
1687735033,362904
1687735033,363045
1687735033,367819
1687735033,369761
1687735033,375166
1687735033,377703
1687735033,377851
1687735033,379071
1687735033,381639
1687735033,382102
1687735033,388886
1687735033,393684
1687735033,414349
1687735033,425071
1687735033,426524
1687735033,444709
1687735033,445395
1687735033,448064
1687735033,458163
1687735033,465093
1687735033,475635
1687735033,484988
1687735033,513128
1687735033,516848
1687735033,522506
1687735033,537145
1687735033,542894
1687735033,544536
1687735033,551415
1687735033,557164
1687735033,558199
1687735033,580863
1687735033,584696
1687735033,586121
1687735033,590379
1687735033,603010
1687735033,620151
1687735033,620426
1687735033,624973
1687735033,640404
1687735033,654792
1687735033,655333
1687735033,672923
1687735033,683746
1687735033,686694
1687735033,687683
1687735033,688063
1687735033,691347
1687735033,694325
1687735033,697656
1687735034,365533
1687735034,366435
1687735034,369045
1687735034,377933
1687735034,386557
1687735034,389920
1687735034,390149
1687735034,402750
1687735034,413503
1687735034,418436
1687735034,421874
1687735034,438260
1687735034,472735
1687735034,475254
1687735034,479048
1687735034,484364
1687735034,499054
1687735034,500166
1687735034,510748
1687735034,519554
1687735034,524803
1687735034,540101
1687735034,564061
1687735034,571517
1687735034,580054
1687735034,588942
1687735034,621482
1687735034,625880
1687735034,640051
1687735034,655329
1687735034,664399
1687735034,664958
1687735034,665593
1687735034,668578
1687735034,673651
1687735034,684177
1687735034,687529
1687735034,688891
1687735034,689856
1687735034,691185
1687735034,694895
1687735034,698396
1687735034,698974
1687735035,365375
1687735035,367447
1687735035,369740
1687735035,372464
1687735035,373887
1687735035,375995
1687735035,379076
1687735035,379623
1687735035,383111
1687735035,383195
1687735035,391309
1687735035,402935
1687735035,404998
1687735035,405984
1687735035,410445
1687735035,419111
1687735035,420624
1687735035,434030
1687735035,437269
1687735035,437863
1687735035,463208
1687735035,465734
1687735035,467408
1687735035,467619
1687735035,471420
1687735035,477049
1687735035,499112
1687735035,520681
1687735035,533494
1687735035,534672
1687735035,537863
1687735035,538888
1687735035,562655
1687735035,563560
1687735035,573579
1687735035,573981
1687735035,579295
1687735035,600514
1687735035,606965
1687735035,619968
1687735035,621066
1687735035,635716
1687735035,636092
1687735035,637213
1687735035,639193
1687735035,644299
1687735035,661990
1687735035,672897
1687735035,675755
1687735035,675963
1687735035,676648
1687735035,682205
1687735035,684103
1687735035,693892
1687735035,698293
1687735036,361045
1687735036,363772
1687735036,366971
1687735036,367167
1687735036,384914
1687735036,385335
1687735036,386848
1687735036,390534
1687735036,391564
1687735036,392373
1687735036,399005
1687735036,400727
1687735036,430446
1687735036,440196
1687735036,449605
1687735036,455909
1687735036,460250
1687735036,474612
1687735036,492026
1687735036,494939
1687735036,497013
1687735036,499596
1687735036,499973
1687735036,535251
1687735036,541561
1687735036,562780
1687735036,564898
1687735036,565768
1687735036,596997
1687735036,600360
1687735036,603624
1687735036,603946
1687735036,605849
1687735036,631771
1687735036,640743
1687735036,654222
1687735036,654315
1687735036,656016
1687735036,663417
1687735036,664626
1687735036,668393
1687735036,676468
1687735036,676725
1687735036,678190
1687735036,679900
1687735036,688653
1687735036,689228
1687735036,689639
1687735036,690401
1687735036,693786
1687735036,699877
1687735036,701898
1687735037,365523
1687735037,379802
1687735037,380163
1687735037,385587
1687735037,392911
1687735037,395400
1687735037,401614
1687735037,405344
1687735037,409355
1687735037,417030
1687735037,430545
1687735037,437733
1687735037,458334
1687735037,478810
1687735037,490458
1687735037,491155
1687735037,497083
1687735037,509433
1687735037,521443
1687735037,523086
1687735037,527699
1687735037,536373
1687735037,575459
1687735037,599178
1687735037,600211
1687735037,600237
1687735037,611288
1687735037,626888
1687735037,634607
1687735037,659571
1687735037,665148
1687735037,677092
1687735037,679518
1687735037,685193
1687735037,686182
1687735037,690273
1687735037,695187
1687735037,699421
1687735038,365302
1687735038,367500
1687735038,368533
1687735038,370991
1687735038,372009
1687735038,374880
1687735038,375066
1687735038,376709
1687735038,377095
1687735038,377840
1687735038,378372
1687735038,378488
1687735038,381935
1687735038,383390
1687735038,391796
1687735038,392092
1687735038,396315
1687735038,417299
1687735038,421244
1687735038,426638
1687735038,434885
1687735038,451535
1687735038,454018
1687735038,458474
1687735038,474239
1687735038,484569
1687735038,487338
1687735038,512169
1687735038,514490
1687735038,515205
1687735038,516466
1687735038,538303
1687735038,549830
1687735038,557597
1687735038,578380
1687735038,590805
1687735038,599196
1687735038,610820
1687735038,619181
1687735038,620451
1687735038,620906
1687735038,629617
1687735038,634135
1687735038,647766
1687735038,666370
1687735038,669349
1687735038,676045
1687735038,681199
1687735038,681226
1687735038,682992
1687735038,683839
1687735038,684929
1687735038,687310
1687735038,694588
1687735039,364810
1687735039,365754
1687735039,366143
1687735039,368091
1687735039,380052
1687735039,380262
1687735039,393478
1687735039,396675
1687735039,402893
1687735039,411972
1687735039,415902
1687735039,416422
1687735039,421123
1687735039,422856
1687735039,451049
1687735039,472957
1687735039,477014
1687735039,482831
1687735039,488046
1687735039,512312
1687735039,513469
1687735039,546813
1687735039,550568
1687735039,551002
1687735039,551046
1687735039,555342
1687735039,574297
1687735039,575597
1687735039,589069
1687735039,592389
1687735039,616256
1687735039,616396
1687735039,622487
1687735039,649493
1687735039,649498
1687735039,656116
1687735039,660363
1687735039,670448
1687735039,670930
1687735039,687023
1687735039,688098
1687735039,689190
1687735039,691630
1687735039,695944
1687735039,698174
1687735040,368000
1687735040,370637
1687735040,375927
1687735040,376517
1687735040,376763
1687735040,377678
1687735040,379118
1687735040,388486
1687735040,417301
1687735040,429829
1687735040,435859
1687735040,439421
1687735040,439933
1687735040,440797
1687735040,445771
1687735040,449160
1687735040,453760
1687735040,454722
1687735040,466562
1687735040,481310
1687735040,496331
1687735040,505922
1687735040,512801
1687735040,524708
1687735040,540719
1687735040,542889
1687735040,586034
1687735040,591126
1687735040,593628
1687735040,613519
1687735040,629994
1687735040,641531
1687735040,643111
1687735040,643323
1687735040,646324
1687735040,655039
1687735040,657111
1687735040,657434
1687735040,672444
1687735040,674008
1687735040,675284
1687735040,677771
1687735040,681081
1687735040,685536
1687735040,686507
1687735040,687921
1687735040,690741
1687735040,699159
1687735041,358421
1687735041,362466
1687735041,365375
1687735041,368065
1687735041,370731
1687735041,375792
1687735041,376935
1687735041,381194
1687735041,383115
1687735041,391084
1687735041,401325
1687735041,405588
1687735041,409146
1687735041,431190
1687735041,433820
1687735041,441075
1687735041,448351
1687735041,465722
1687735041,467511
1687735041,468490
1687735041,472414
1687735041,491076
1687735041,503899
1687735041,510067
1687735041,524771
1687735041,536863
1687735041,549674
1687735041,550943
1687735041,567123
1687735041,575991
1687735041,594756
1687735041,608295
1687735041,610680
1687735041,616450
1687735041,627167
1687735041,641407
1687735041,644470
1687735041,645090
1687735041,656960
1687735041,661349
1687735041,668265
1687735041,672215
1687735041,679375
1687735041,684431
1687735041,688874
1687735041,690987
1687735041,692240
1687735041,703328
1687735042,362911
1687735042,371334
1687735042,375986
1687735042,381705
1687735042,384501
1687735042,385371
1687735042,386483
1687735042,387580
1687735042,390088
1687735042,407910
1687735042,409357
1687735042,421721
1687735042,434876
1687735042,435924
1687735042,436285
1687735042,436344
1687735042,461061
1687735042,472174
1687735042,490180
1687735042,491431
1687735042,505809
1687735042,525322
1687735042,528593
1687735042,537012
1687735042,537678
1687735042,563640
1687735042,566138
1687735042,570848
1687735042,572091
1687735042,574653
1687735042,593643
1687735042,598912
1687735042,602698
1687735042,628201
1687735042,633948
1687735042,638387
1687735042,642368
1687735042,662087
1687735042,662998
1687735042,663792
1687735042,665066
1687735042,668395
1687735042,680888
1687735042,683022
1687735042,687235
1687735042,687750
1687735042,688387
1687735042,688997
1687735042,689150
1687735042,690619
1687735042,691341
1687735043,357897
1687735043,365317
1687735043,368289
1687735043,369801
1687735043,373257
1687735043,376405
1687735043,377956
1687735043,380594
1687735043,391955
1687735043,395640
1687735043,398868
1687735043,403815
1687735043,408495
1687735043,410121
1687735043,424423
1687735043,425780
1687735043,429084
1687735043,445567
1687735043,460579
1687735043,463213
1687735043,468505
1687735043,475764
1687735043,494080
1687735043,494736
1687735043,505542
1687735043,506821
1687735043,527088
1687735043,533402
1687735043,534248
1687735043,535062
1687735043,565859
1687735043,568273
1687735043,575680
1687735043,592967
1687735043,602401
1687735043,605527
1687735043,619650
1687735043,630325
1687735043,634849
1687735043,636011
1687735043,654914
1687735043,657472
1687735043,666576
1687735043,666742
1687735043,675781
1687735043,678637
1687735043,679905
1687735043,681145
1687735043,686956
1687735043,687487
1687735043,694684
1687735043,696332
1687735043,700457
1687735044,357938
1687735044,365510
1687735044,369627
1687735044,377160
1687735044,381239
1687735044,383498
1687735044,385523
1687735044,388101
1687735044,395090
1687735044,395855
1687735044,395916
1687735044,398158
1687735044,399291
1687735044,407466
1687735044,415148
1687735044,430105
1687735044,446386
1687735044,453783
1687735044,455166
1687735044,455366
1687735044,466342
1687735044,476467
1687735044,483482
1687735044,485095
1687735044,487228
1687735044,491911
1687735044,504433
1687735044,513722
1687735044,519090
1687735044,530619
1687735044,544676
1687735044,559732
1687735044,561091
1687735044,565793
1687735044,584197
1687735044,588641
1687735044,605065
1687735044,609250
1687735044,623819
1687735044,638085
1687735044,643350
1687735044,655973
1687735044,660894
1687735044,667866
1687735044,673971
1687735044,674733
1687735044,679892
1687735044,682394
1687735044,687155
1687735044,687283
1687735044,689087
1687735044,692113
1687735044,693992
1687735044,696795
1687735044,698726
1687735045,362082
1687735045,362911
1687735045,365978
1687735045,367432
1687735045,370381
1687735045,376050
1687735045,379578
1687735045,384482
1687735045,391725
1687735045,399537
1687735045,413651
1687735045,419932
1687735045,421853
1687735045,422006
1687735045,446070
1687735045,451204
1687735045,457694
1687735045,481657
1687735045,482775
1687735045,501548
1687735045,518703
1687735045,541729
1687735045,552496
1687735045,555438
1687735045,556043
1687735045,558960
1687735045,581811
1687735045,588056
1687735045,589305
1687735045,602655
1687735045,613031
1687735045,614853
1687735045,616793
1687735045,623550
1687735045,641275
1687735045,648947
1687735045,658134
1687735045,664876
1687735045,669378
1687735045,675793
1687735045,677620
1687735045,681094
1687735045,681848
1687735045,683683
1687735045,685312
1687735045,690719
1687735045,692753
1687735046,358449
1687735046,365757
1687735046,372720
1687735046,375682
1687735046,377951
1687735046,381835
1687735046,389136
1687735046,391613
1687735046,392579
1687735046,397924
1687735046,411976
1687735046,413772
1687735046,420466
1687735046,442214
1687735046,449897
1687735046,458679
1687735046,458843
1687735046,468595
1687735046,477589
1687735046,479820
1687735046,481017
1687735046,494084
1687735046,512193
1687735046,513783
1687735046,515123
1687735046,521219
1687735046,541924
1687735046,543335
1687735046,550671
1687735046,581722
1687735046,583606
1687735046,611245
1687735046,621842
1687735046,623911
1687735046,639379
1687735046,645676
1687735046,646377
1687735046,648832
1687735046,651179
1687735046,670147
1687735046,670297
1687735046,671598
1687735046,671641
1687735046,684093
1687735046,684180
1687735046,688509
1687735046,689583
1687735046,691734
1687735046,697215
1687735046,698518
1687735047,361759
1687735047,365412
1687735047,365629
1687735047,371867
1687735047,382793
1687735047,384373
1687735047,387512
1687735047,389108
1687735047,399681
1687735047,407466
1687735047,412461
1687735047,420654
1687735047,421529
1687735047,433129
1687735047,438506
1687735047,441183
1687735047,456612
1687735047,478884
1687735047,494297
1687735047,504654
1687735047,507643
1687735047,512728
1687735047,517666
1687735047,527902
1687735047,542701
1687735047,545313
1687735047,555842
1687735047,558099
1687735047,578528
1687735047,581175
1687735047,581322
1687735047,583028
1687735047,595060
1687735047,597359
1687735047,610851
1687735047,612100
1687735047,615762
1687735047,619754
1687735047,630207
1687735047,641249
1687735047,651574
1687735047,657045
1687735047,661899
1687735047,670911
1687735047,672938
1687735047,678109
1687735047,685063
1687735047,686430
1687735047,689213
1687735047,689332
1687735047,690481
1687735047,691062
1687735047,693081
1687735047,693922
1687735048,367953
1687735048,368066
1687735048,368238
1687735048,372386
1687735048,372556
1687735048,373106
1687735048,374520
1687735048,374877
1687735048,378715
1687735048,380797
1687735048,388025
1687735048,400485
1687735048,403051
1687735048,405952
1687735048,408398
1687735048,431539
1687735048,438062
1687735048,443346
1687735048,448229
1687735048,469362
1687735048,470978
1687735048,473443
1687735048,492244
1687735048,494941
1687735048,496387
1687735048,500025
1687735048,518200
1687735048,526173
1687735048,537927
1687735048,539743
1687735048,563939
1687735048,566595
1687735048,569947
1687735048,601147
1687735048,606819
1687735048,609993
1687735048,617450
1687735048,630595
1687735048,637313
1687735048,640100
1687735048,648553
1687735048,651691
1687735048,657373
1687735048,665568
1687735048,676432
1687735048,679462
1687735048,680428
1687735048,681769
1687735048,684175
1687735048,689906
1687735048,690284
1687735048,696884
1687735049,362559
1687735049,363161
1687735049,366568
1687735049,372437
1687735049,373934
1687735049,376138
1687735049,382030
1687735049,386289
1687735049,388212
1687735049,398192
1687735049,405434
1687735049,412993
1687735049,433164
1687735049,435149
1687735049,460424
1687735049,463752
1687735049,464268
1687735049,494852
1687735049,496711
1687735049,500480
1687735049,508952
1687735049,529401
1687735049,533254
1687735049,537767
1687735049,556334
1687735049,570445
1687735049,570969
1687735049,572565
1687735049,597311
1687735049,605900
1687735049,612382
1687735049,634242
1687735049,634959
1687735049,639710
1687735049,643529
1687735049,656862
1687735049,662279
1687735049,663057
1687735049,664870
1687735049,672837
1687735049,680599
1687735049,684510
1687735049,685067
1687735049,687224
1687735049,692348
1687735049,692787
1687735049,693468
1687735049,694043
1687735049,702513
1687735050,367955
1687735050,370014
1687735050,370677
1687735050,371021
1687735050,375873
1687735050,377028
1687735050,380115
1687735050,384191
1687735050,386652
1687735050,394053
1687735050,405662
1687735050,419694
1687735050,424346
1687735050,424401
1687735050,424950
1687735050,431469
1687735050,449956
1687735050,455925
1687735050,462201
1687735050,468531
1687735050,472277
1687735050,487003
1687735050,512323
1687735050,524675
1687735050,525430
1687735050,529425
1687735050,532416
1687735050,538968
1687735050,550216
1687735050,559757
1687735050,566860
1687735050,575091
1687735050,589947
1687735050,592457
1687735050,607805
1687735050,615897
1687735050,628151
1687735050,629944
1687735050,630869
1687735050,634116
1687735050,637363
1687735050,643301
1687735050,657336
1687735050,664275
1687735050,669899
1687735050,679833
1687735050,681960
1687735050,682201
1687735050,685405
1687735050,686742
1687735050,687220
1687735050,693380
1687735050,693396
1687735050,700889
1687735051,360064
1687735051,361953
1687735051,364526
1687735051,365829
1687735051,371649
1687735051,374685
1687735051,377403
1687735051,379627
1687735051,382597
1687735051,394316
1687735051,397892
1687735051,403184
1687735051,415784
1687735051,418253
1687735051,426401
1687735051,449832
1687735051,453159
1687735051,472711
1687735051,476897
1687735051,484196
1687735051,484556
1687735051,484642
1687735051,491416
1687735051,510592
1687735051,519534
1687735051,530822
1687735051,543572
1687735051,550007
1687735051,555186
1687735051,572817
1687735051,586665
1687735051,595541
1687735051,596989
1687735051,610732
1687735051,627244
1687735051,627260
1687735051,642608
1687735051,648053
1687735051,651976
1687735051,654016
1687735051,661158
1687735051,661736
1687735051,674589
1687735051,678103
1687735051,679926
1687735051,685805
1687735051,686784
1687735051,689383
1687735051,691716
1687735051,691892
1687735051,698143
1687735052,364902
1687735052,366143
1687735052,367184
1687735052,371013
1687735052,373394
1687735052,373711
1687735052,375598
1687735052,390906
1687735052,396708
1687735052,398501
1687735052,398910
1687735052,412433
1687735052,417428
1687735052,424195
1687735052,426780
1687735052,435640
1687735052,440955
1687735052,443357
1687735052,446755
1687735052,448739
1687735052,451052
1687735052,480494
1687735052,485707
1687735052,494063
1687735052,510509
1687735052,512180
1687735052,524049
1687735052,525835
1687735052,547393
1687735052,549667
1687735052,556295
1687735052,585434
1687735052,588818
1687735052,593885
1687735052,611236
1687735052,616458
1687735052,624935
1687735052,647024
1687735052,650297
1687735052,656036
1687735052,657909
1687735052,672040
1687735052,672812
1687735052,675162
1687735052,678339
1687735052,679050
1687735052,684669
1687735052,687460
1687735052,687486
1687735052,690768
1687735052,693398
1687735052,696474
1687735053,362515
1687735053,363034
1687735053,368449
1687735053,368915
1687735053,374234
1687735053,377564
1687735053,380781
1687735053,383252
1687735053,390254
1687735053,390629
1687735053,392558
1687735053,403183
1687735053,412777
1687735053,426934
1687735053,428291
1687735053,437725
1687735053,443387
1687735053,446198
1687735053,446720
1687735053,460101
1687735053,466824
1687735053,473442
1687735053,487028
1687735053,506486
1687735053,510915
1687735053,514750
1687735053,524510
1687735053,545039
1687735053,545834
1687735053,546550
1687735053,549405
1687735053,559237
1687735053,560609
1687735053,578778
1687735053,582645
1687735053,583580
1687735053,587790
1687735053,588194
1687735053,592493
1687735053,606025
1687735053,608446
1687735053,618523
1687735053,621997
1687735053,622661
1687735053,642163
1687735053,653394
1687735053,656908
1687735053,670981
1687735053,671822
1687735053,673940
1687735053,684400
1687735053,687662
1687735053,688315
1687735053,691688
1687735053,693832
1687735053,697542
1687735054,365877
1687735054,366616
1687735054,367936
1687735054,369713
1687735054,377630
1687735054,385233
1687735054,385367
1687735054,389266
1687735054,404233
1687735054,408821
1687735054,412000
1687735054,417251
1687735054,423890
1687735054,436565
1687735054,467747
1687735054,470656
1687735054,472884
1687735054,481324
1687735054,486545
1687735054,498047
1687735054,501073
1687735054,506591
1687735054,508674
1687735054,519099
1687735054,521695
1687735054,526722
1687735054,537996
1687735054,566105
1687735054,569283
1687735054,578236
1687735054,590904
1687735054,604911
1687735054,619332
1687735054,627504
1687735054,641107
1687735054,641482
1687735054,656679
1687735054,663680
1687735054,664278
1687735054,665530
1687735054,667573
1687735054,674972
1687735054,681623
1687735054,684350
1687735054,684593
1687735054,685573
1687735054,688113
1687735054,688179
1687735054,689552
1687735054,690620
1687735054,694623
1687735054,698465
1687735054,698900
1687735055,365684
1687735055,366888
1687735055,370399
1687735055,371510
1687735055,377018
1687735055,378150
1687735055,383498
1687735055,384047
1687735055,389958
1687735055,400453
1687735055,404452
1687735055,407742
1687735055,409080
1687735055,422666
1687735055,434536
1687735055,439267
1687735055,439830
1687735055,462459
1687735055,463612
1687735055,465169
1687735055,465255
1687735055,465483
1687735055,479050
1687735055,500890
1687735055,522650
1687735055,535379
1687735055,535761
1687735055,536490
1687735055,536558
1687735055,557911
1687735055,564809
1687735055,565685
1687735055,571297
1687735055,571697
1687735055,581285
1687735055,587433
1687735055,602627
1687735055,604721
1687735055,621586
1687735055,622736
1687735055,635235
1687735055,637149
1687735055,637607
1687735055,638081
1687735055,642302
1687735055,663305
1687735055,671823
1687735055,675135
1687735055,676745
1687735055,677454
1687735055,694220
1687735055,698442
1687735056,360826
1687735056,363970
1687735056,366595
1687735056,366813
1687735056,374704
1687735056,383309
1687735056,384459
1687735056,385569
1687735056,388178
1687735056,390376
1687735056,391527
1687735056,391985
1687735056,399614
1687735056,403956
1687735056,410861
1687735056,416695
1687735056,418924
1687735056,428407
1687735056,442212
1687735056,453743
1687735056,455319
1687735056,476835
1687735056,489847
1687735056,492810
1687735056,497265
1687735056,498851
1687735056,501918
1687735056,508355
1687735056,533121
1687735056,543535
1687735056,560338
1687735056,562887
1687735056,594970
1687735056,598276
1687735056,599381
1687735056,601733
1687735056,603647
1687735056,605811
1687735056,629481
1687735056,642253
1687735056,654264
1687735056,655500
1687735056,662896
1687735056,664858
1687735056,675692
1687735056,676480
1687735056,679195
1687735056,680482
1687735056,689557
1687735056,689813
1687735056,689992
1687735056,699764
1687735056,701834
1687735057,365594
1687735057,375878
1687735057,379414
1687735057,380746
1687735057,393957
1687735057,397387
1687735057,400465
1687735057,403854
1687735057,428671
1687735057,439584
1687735057,447576
1687735057,456382
1687735057,480698
1687735057,488330
1687735057,489203
1687735057,499136
1687735057,511552
1687735057,519239
1687735057,520954
1687735057,525847
1687735057,538547
1687735057,563421
1687735057,577719
1687735057,597745
1687735057,601170
1687735057,601889
1687735057,613457
1687735057,624591
1687735057,636226
1687735057,658149
1687735057,666300
1687735057,678279
1687735057,680432
1687735057,684268
1687735057,684428
1687735057,685594
1687735057,689031
1687735057,689110
1687735057,695239
1687735057,699672
1687735058,364332
1687735058,366609
1687735058,369048
1687735058,371814
1687735058,375044
1687735058,376336
1687735058,378029
1687735058,379225
1687735058,380979
1687735058,384256
1687735058,390079
1687735058,393450
1687735058,395081
1687735058,415503
1687735058,417484
1687735058,422739
1687735058,425108
1687735058,436844
1687735058,453376
1687735058,455984
1687735058,456752
1687735058,476362
1687735058,485165
1687735058,486788
1687735058,510122
1687735058,514432
1687735058,515461
1687735058,516398
1687735058,517119
1687735058,540323
1687735058,552163
1687735058,555400
1687735058,580524
1687735058,588497
1687735058,618354
1687735058,618975
1687735058,621144
1687735058,627770
1687735058,635745
1687735058,649258
1687735058,654277
1687735058,667632
1687735058,669897
1687735058,675008
1687735058,680011
1687735058,680806
1687735058,682651
1687735058,685170
1687735058,687432
1687735058,695276
1687735059,365519
1687735059,365562
1687735059,366014
1687735059,367658
1687735059,379262
1687735059,379458
1687735059,380281
1687735059,381395
1687735059,392676
1687735059,398194
1687735059,403957
1687735059,413827
1687735059,414673
1687735059,419593
1687735059,421313
1687735059,449005
1687735059,474779
1687735059,475059
1687735059,480573
1687735059,490061
1687735059,510515
1687735059,544885
1687735059,548788
1687735059,548942
1687735059,553119
1687735059,557312
1687735059,576268
1687735059,577890
1687735059,586737
1687735059,590093
1687735059,590267
1687735059,614353
1687735059,620336
1687735059,647316
1687735059,648029
1687735059,651231
1687735059,656036
1687735059,661583
1687735059,669966
1687735059,671542
1687735059,687795
1687735059,688089
1687735059,690193
1687735059,691934
1687735059,695806
1687735059,696452
1687735060,366831
1687735060,370834
1687735060,374981
1687735060,376566
1687735060,377791
1687735060,377898
1687735060,378704
1687735060,378795
1687735060,387368
1687735060,402940
1687735060,415917
1687735060,431750
1687735060,433794
1687735060,438125
1687735060,438744
1687735060,443723
1687735060,451282
1687735060,455598
1687735060,456954
1687735060,479415
1687735060,498318
1687735060,503827
1687735060,510863
1687735060,514720
1687735060,526510
1687735060,538745
1687735060,540927
1687735060,566276
1687735060,572490
1687735060,583862
1687735060,593162
1687735060,595548
1687735060,615047
1687735060,631754
1687735060,639742
1687735060,641546
1687735060,647909
1687735060,658253
1687735060,672904
1687735060,673205
1687735060,673568
1687735060,676198
1687735060,678532
1687735060,680602
1687735060,685530
1687735060,687746
1687735060,690408
1687735060,699477
1687735061,358338
1687735061,365023
1687735061,367258
1687735061,371526
1687735061,375245
1687735061,377553
1687735061,380539
1687735061,384257
1687735061,390126
1687735061,402465
1687735061,404002
1687735061,407421
1687735061,433177
1687735061,435562
1687735061,439126
1687735061,450387
1687735061,465259
1687735061,470148
1687735061,493086
1687735061,507803
1687735061,526874
1687735061,534851
1687735061,551782
1687735061,552957
1687735061,565051
1687735061,568448
1687735061,572705
1687735061,573962
1687735061,596669
1687735061,606295
1687735061,608896
1687735061,614624
1687735061,629036
1687735061,642446
1687735061,642961
1687735061,646564
1687735061,656464
1687735061,658481
1687735061,667204
1687735061,673257
1687735061,678489
1687735061,683881
1687735061,689401
1687735061,690281
1687735061,691493
1687735061,692562
1687735061,703362
1687735062,363384
1687735062,363413
1687735062,366672
1687735062,370850
1687735062,380396
1687735062,383752
1687735062,385423
1687735062,388692
1687735062,391454
1687735062,407777
1687735062,409450
1687735062,423588
1687735062,433164
1687735062,438170
1687735062,458400
1687735062,459017
1687735062,470113
1687735062,470500
1687735062,470638
1687735062,493520
1687735062,503578
1687735062,505816
1687735062,527356
1687735062,530729
1687735062,535378
1687735062,561420
1687735062,568664
1687735062,574118
1687735062,595575
1687735062,597013
1687735062,629912
1687735062,635639
1687735062,636919
1687735062,640094
1687735062,655905
1687735062,660470
1687735062,663291
1687735062,664252
1687735062,669373
1687735062,681612
1687735062,683392
1687735062,687406
1687735062,687634
1687735062,687730
1687735062,688864
1687735062,691175
1687735063,357806
1687735063,365522
1687735063,367857
1687735063,370497
1687735063,373728
1687735063,377317
1687735063,379161
1687735063,379278
1687735063,393112
1687735063,397188
1687735063,402628
1687735063,410206
1687735063,411856
1687735063,423932
1687735063,426522
1687735063,426919
1687735063,432136
1687735063,447455
1687735063,457768
1687735063,461404
1687735063,468426
1687735063,491732
1687735063,492558
1687735063,507431
1687735063,508570
1687735063,529059
1687735063,531038
1687735063,531990
1687735063,536809
1687735063,540833
1687735063,563481
1687735063,570456
1687735063,590951
1687735063,600420
1687735063,607383
1687735063,621211
1687735063,628526
1687735063,632935
1687735063,637773
1687735063,639779
1687735063,657227
1687735063,658812
1687735063,665190
1687735063,675334
1687735063,678013
1687735063,678976
1687735063,682009
1687735063,687002
1687735063,687251
1687735063,692004
1687735063,694476
1687735063,700643
1687735064,358051
1687735064,360295
1687735064,365320
1687735064,370717
1687735064,376292
1687735064,387561
1687735064,394587
1687735064,396353
1687735064,397738
1687735064,400020
1687735064,408856
1687735064,416754
1687735064,428279
1687735064,448400
1687735064,453093
1687735064,478383
1687735064,482739
1687735064,485148
1687735064,485609
1687735064,489750
1687735064,506454
1687735064,515666
1687735064,528401
1687735064,546781
1687735064,553311
1687735064,558781
1687735064,567858
1687735064,586609
1687735064,586718
1687735064,590354
1687735064,606918
1687735064,611101
1687735064,612395
1687735064,612882
1687735064,621790
1687735064,645022
1687735064,650860
1687735064,659584
1687735064,669247
1687735064,673158
1687735064,680441
1687735064,683541
1687735064,687016
1687735064,688325
1687735064,689376
1687735064,693597
1687735064,698981
1687735065,362687
1687735065,362732
1687735065,366557
1687735065,366863
1687735065,370590
1687735065,375321
1687735065,380538
1687735065,385451
1687735065,392660
1687735065,398440
1687735065,412113
1687735065,418433
1687735065,423614
1687735065,423811
1687735065,444546
1687735065,449040
1687735065,459686
1687735065,480387
1687735065,483782
1687735065,503627
1687735065,510166
1687735065,516811
1687735065,520537
1687735065,543722
1687735065,553889
1687735065,556907
1687735065,583897
1687735065,585835
1687735065,586868
1687735065,604347
1687735065,618399
1687735065,621575
1687735065,643047
1687735065,656841
1687735065,666026
1687735065,670345
1687735065,676771
1687735065,680518
1687735065,681333
1687735065,682151
1687735065,684904
1687735065,691041
1687735065,692799
1687735066,358490
1687735066,365963
1687735066,372168
1687735066,375405
1687735066,387816
1687735066,393830
1687735066,399664
1687735066,410604
1687735066,412291
1687735066,418883
1687735066,444184
1687735066,447934
1687735066,460738
1687735066,466390
1687735066,475550
1687735066,483011
1687735066,496110
1687735066,505659
1687735066,511606
1687735066,513045
1687735066,523282
1687735066,539846
1687735066,545284
1687735066,553070
1687735066,585549
1687735066,585686
1687735066,617882
1687735066,622088
1687735066,623757
1687735066,640949
1687735066,643767
1687735066,644712
1687735066,652667
1687735066,668950
1687735066,670680
1687735066,673111
1687735066,676269
1687735066,683765
1687735066,684721
1687735066,689520
1687735066,690056
1687735066,691579
1687735066,697057
1687735066,697601
1687735067,361442
1687735067,364808
1687735067,365725
1687735067,372703
1687735067,382436
1687735067,382737
1687735067,385495
1687735067,385915
1687735067,387995
1687735067,401312
1687735067,411137
1687735067,422224
1687735067,423253
1687735067,434816
1687735067,436582
1687735067,439519
1687735067,460676
1687735067,474737
1687735067,480895
1687735067,496415
1687735067,502289
1687735067,519763
1687735067,540882
1687735067,543145
1687735067,557925
1687735067,560285
1687735067,576189
1687735067,578970
1687735067,580640
1687735067,583228
1687735067,597108
1687735067,599300
1687735067,610161
1687735067,613735
1687735067,621553
1687735067,639407
1687735067,652857
1687735067,658151
1687735067,663012
1687735067,672006
1687735067,672089
1687735067,685604
1687735067,685806
1687735067,688502
1687735067,688769
1687735067,689925
1687735067,691144
1687735067,693706
1687735068,363489
1687735068,367371
1687735068,367460
1687735068,368358
1687735068,372168
1687735068,372352
1687735068,373180
1687735068,373402
1687735068,374814
1687735068,379859
1687735068,382007
1687735068,386680
1687735068,401692
1687735068,406627
1687735068,407343
1687735068,429657
1687735068,439938
1687735068,446465
1687735068,458770
1687735068,467128
1687735068,468711
1687735068,475484
1687735068,492721
1687735068,494341
1687735068,497943
1687735068,498336
1687735068,498399
1687735068,520105
1687735068,527806
1687735068,535980
1687735068,537850
1687735068,560002
1687735068,564543
1687735068,572152
1687735068,601094
1687735068,603220
1687735068,604864
1687735068,607589
1687735068,609405
1687735068,619281
1687735068,632496
1687735068,635282
1687735068,638432
1687735068,649657
1687735068,653303
1687735068,658733
1687735068,663936
1687735068,675590
1687735068,679086
1687735068,680272
1687735068,681041
1687735068,681071
1687735068,684110
1687735068,689662
1687735068,690832
1687735068,697023
1687735069,362694
1687735069,373587
1687735069,374266
1687735069,375819
1687735069,380835
1687735069,384476
1687735069,386577
1687735069,387269
1687735069,387544
1687735069,399821
1687735069,402065
1687735069,404030
1687735069,414382
1687735069,418292
1687735069,431605
1687735069,437127
1687735069,457560
1687735069,458217
1687735069,461740
1687735069,462463
1687735069,492658
1687735069,498762
1687735069,510864
1687735069,527089
1687735069,535312
1687735069,539707
1687735069,558410
1687735069,568341
1687735069,570120
1687735069,573296
1687735069,599047
1687735069,603478
1687735069,604702
1687735069,614068
1687735069,633157
1687735069,635953
1687735069,637747
1687735069,644573
1687735069,661030
1687735069,663526
1687735069,673574
1687735069,681171
1687735069,684333
1687735069,686952
1687735069,687701
1687735069,688991
1687735069,691625
1687735069,693688
1687735069,694275
1687735069,702237
1687735070,367642
1687735070,369654
1687735070,371221
1687735070,371551
1687735070,376032
1687735070,376249
1687735070,378964
1687735070,387729
1687735070,395460
1687735070,403893
1687735070,421363
1687735070,422704
1687735070,423416
1687735070,433341
1687735070,441672
1687735070,451852
1687735070,453855
1687735070,460099
1687735070,470659
1687735070,474176
1687735070,485017
1687735070,514175
1687735070,517024
1687735070,522554
1687735070,523485
1687735070,527420
1687735070,534250
1687735070,552029
1687735070,557544
1687735070,564649
1687735070,577215
1687735070,617462
1687735070,626239
1687735070,628733
1687735070,631313
1687735070,634949
1687735070,635796
1687735070,644608
1687735070,655395
1687735070,655870
1687735070,659369
1687735070,665543
1687735070,670672
1687735070,679005
1687735070,682793
1687735070,683009
1687735070,684837
1687735070,686250
1687735070,686265
1687735070,687317
1687735070,692666
1687735070,693486
1687735070,694174
1687735070,701056
1687735071,361711
1687735071,365116
1687735071,365404
1687735071,371325
1687735071,375288
1687735071,378014
1687735071,380649
1687735071,381965
1687735071,393075
1687735071,394660
1687735071,399586
1687735071,402085
1687735071,416534
1687735071,417211
1687735071,428481
1687735071,451190
1687735071,451802
1687735071,474646
1687735071,482015
1687735071,486280
1687735071,486630
1687735071,489369
1687735071,512470
1687735071,517352
1687735071,532788
1687735071,545593
1687735071,553119
1687735071,574958
1687735071,588936
1687735071,593448
1687735071,594725
1687735071,609787
1687735071,612518
1687735071,614559
1687735071,625235
1687735071,628970
1687735071,644314
1687735071,652279
1687735071,662806
1687735071,676104
1687735071,678873
1687735071,679065
1687735071,685337
1687735071,687347
1687735071,688833
1687735071,691522
1687735071,692104
1687735071,698241
1687735072,365253
1687735072,366283
1687735072,367012
1687735072,372687
1687735072,372719
1687735072,376278
1687735072,381556
1687735072,389549
1687735072,395482
1687735072,397507
1687735072,400114
1687735072,404345
1687735072,404866
1687735072,414068
1687735072,415790
1687735072,422515
1687735072,428671
1687735072,438711
1687735072,445325
1687735072,446970
1687735072,448567
1687735072,453080
1687735072,478565
1687735072,483699
1687735072,495973
1687735072,510182
1687735072,512474
1687735072,521712
1687735072,527671
1687735072,543781
1687735072,545052
1687735072,551854
1687735072,554262
1687735072,583240
1687735072,590920
1687735072,591543
1687735072,613008
1687735072,614426
1687735072,626952
1687735072,648570
1687735072,656415
1687735072,657191
1687735072,670809
1687735072,673961
1687735072,675965
1687735072,677414
1687735072,677643
1687735072,687097
1687735072,687348
1687735072,689764
1687735072,693743
1687735072,695819
1687735073,362161
1687735073,363081
1687735073,369133
1687735073,371290
1687735073,373337
1687735073,377419
1687735073,377748
1687735073,384425
1687735073,391485
1687735073,391722
1687735073,411161
1687735073,428837
1687735073,430071
1687735073,436033
1687735073,441419
1687735073,444393
1687735073,448728
1687735073,462058
1687735073,468489
1687735073,471279
1687735073,489028
1687735073,508531
1687735073,508693
1687735073,512616
1687735073,526507
1687735073,547235
1687735073,547363
1687735073,548585
1687735073,561335
1687735073,563035
1687735073,576709
1687735073,580588
1687735073,590257
1687735073,594596
1687735073,606479
1687735073,607608
1687735073,616637
1687735073,620408
1687735073,623811
1687735073,643937
1687735073,651907
1687735073,658432
1687735073,669571
1687735073,672585
1687735073,674956
1687735073,684937
1687735073,687207
1687735073,688914
1687735073,691985
1687735073,693318
1687735073,697357
1687735074,366265
1687735074,366818
1687735074,367894
1687735074,370407
1687735074,377310
1687735074,380225
1687735074,384201
1687735074,386472
1687735074,388403
1687735074,405712
1687735074,407266
1687735074,416038
1687735074,425912
1687735074,434850
1687735074,468559
1687735074,469770
1687735074,470501
1687735074,488725
1687735074,495957
1687735074,503103
1687735074,504217
1687735074,506562
1687735074,510591
1687735074,523861
1687735074,528643
1687735074,535869
1687735074,567054
1687735074,568153
1687735074,576415
1687735074,592849
1687735074,606753
1687735074,617141
1687735074,629120
1687735074,639080
1687735074,642907
1687735074,658034
1687735074,660013
1687735074,662386
1687735074,662953
1687735074,666508
1687735074,666692
1687735074,676244
1687735074,681056
1687735074,684520
1687735074,685041
1687735074,685058
1687735074,687338
1687735074,688783
1687735074,689202
1687735074,690024
1687735074,694332
1687735074,698469
1687735074,698783
1687735075,365991
1687735075,366403
1687735075,371163
1687735075,377209
1687735075,378083
1687735075,383807
1687735075,385057
1687735075,388620
1687735075,406045
1687735075,407752
1687735075,409506
1687735075,424659
1687735075,432776
1687735075,441284
1687735075,441798
1687735075,461512
1687735075,463107
1687735075,463352
1687735075,464688
1687735075,481031
1687735075,502655
1687735075,524593
1687735075,533622
1687735075,534242
1687735075,537263
1687735075,538307
1687735075,566970
1687735075,567767
1687735075,569041
1687735075,569429
1687735075,589370
1687735075,601456
1687735075,602471
1687735075,604736
1687735075,623210
1687735075,624415
1687735075,627975
1687735075,633256
1687735075,635084
1687735075,639449
1687735075,640030
1687735075,640280
1687735075,657505
1687735075,661330
1687735075,662272
1687735075,664591
1687735075,670689
1687735075,674269
1687735075,677725
1687735075,678257
1687735075,688861
1687735075,694475
1687735075,698528
1687735076,360683
1687735076,364634
1687735076,366302
1687735076,366536
1687735076,374402
1687735076,383595
1687735076,386204
1687735076,389527
1687735076,390660
1687735076,393460
1687735076,398514
1687735076,399392
1687735076,401964
1687735076,402959
1687735076,421972
1687735076,426379
1687735076,444205
1687735076,451641
1687735076,459965
1687735076,472992
1687735076,479098
1687735076,487686
1687735076,490719
1687735076,494886
1687735076,500733
1687735076,503893
1687735076,530552
1687735076,530967
1687735076,545530
1687735076,557903
1687735076,560940
1687735076,583242
1687735076,592908
1687735076,596195
1687735076,599892
1687735076,607641
1687735076,627174
1687735076,643743
1687735076,652536
1687735076,656701
1687735076,661197
1687735076,664572
1687735076,666245
1687735076,674913
1687735076,676157
1687735076,680155
1687735076,681056
1687735076,689395
1687735076,689564
1687735076,689959
1687735076,690020
1687735076,699573
1687735076,701717
1687735077,364234
1687735077,365660
1687735077,375067
1687735077,379041
1687735077,381338
1687735077,395039
1687735077,399328
1687735077,402376
1687735077,420857
1687735077,426809
1687735077,441425
1687735077,454399
1687735077,455025
1687735077,482583
1687735077,486208
1687735077,487272
1687735077,501182
1687735077,512365
1687735077,513683
1687735077,517016
1687735077,518283
1687735077,518864
1687735077,524018
1687735077,540708
1687735077,550653
1687735077,562831
1687735077,579969
1687735077,595251
1687735077,603192
1687735077,603547
1687735077,613991
1687735077,615566
1687735077,622304
1687735077,637847
1687735077,645573
1687735077,651948
1687735077,654596
1687735077,656709
1687735077,667449
1687735077,670414
1687735077,679391
1687735077,681368
1687735077,683306
1687735077,683333
1687735077,684945
1687735077,684947
1687735077,687859
1687735077,693043
1687735077,695284
1687735077,696481
1687735078,363385
1687735078,365708
1687735078,366012
1687735078,369577
1687735078,371881
1687735078,375225
1687735078,375609
1687735078,378242
1687735078,380132
1687735078,383435
1687735078,385162
1687735078,388375
1687735078,393889
1687735078,394778
1687735078,413764
1687735078,419087
1687735078,422997
1687735078,423618
1687735078,424258
1687735078,430647
1687735078,438812
1687735078,445752
1687735078,455242
1687735078,457988
1687735078,478484
1687735078,483008
1687735078,488972
1687735078,508107
1687735078,519046
1687735078,542359
1687735078,547050
1687735078,553189
1687735078,554544
1687735078,582707
1687735078,586166
1687735078,616211
1687735078,617055
1687735078,623103
1687735078,631272
1687735078,637337
1687735078,646522
1687735078,650702
1687735078,652425
1687735078,668850
1687735078,673931
1687735078,678811
1687735078,680368
1687735078,682272
1687735078,685395
1687735078,687535
1687735078,695964
1687735078,699913
1687735079,365315
1687735079,365916
1687735079,366197
1687735079,367256
1687735079,378907
1687735079,382572
1687735079,391864
1687735079,399741
1687735079,405006
1687735079,412949
1687735079,415736
1687735079,418065
1687735079,419749
1687735079,446996
1687735079,472553
1687735079,477161
1687735079,478342
1687735079,492064
1687735079,508718
1687735079,508898
1687735079,517427
1687735079,536467
1687735079,542953
1687735079,546866
1687735079,548017
1687735079,555276
1687735079,559303
1687735079,574782
1687735079,578247
1687735079,580160
1687735079,584326
1687735079,588072
1687735079,592340
1687735079,612313
1687735079,618245
1687735079,619528
1687735079,645704
1687735079,646527
1687735079,648494
1687735079,652932
1687735079,662813
1687735079,667056
1687735079,668984
1687735079,672567
1687735079,683402
1687735079,687489
1687735079,689127
1687735079,691084
1687735079,692204
1687735079,695561
1687735079,696980
1687735080,363446
1687735080,364661
1687735080,365728
1687735080,370546
1687735080,371068
1687735080,374025
1687735080,376609
1687735080,378450
1687735080,379014
1687735080,379743
1687735080,381982
1687735080,386275
1687735080,410527
1687735080,414520
1687735080,430238
1687735080,431767
1687735080,433692
1687735080,436318
1687735080,436754
1687735080,441658
1687735080,453415
1687735080,457496
1687735080,459202
1687735080,471322
1687735080,477533
1687735080,500248
1687735080,501736
1687735080,516717
1687735080,528347
1687735080,536791
1687735080,538977
1687735080,568588
1687735080,570319
1687735080,576546
1687735080,581695
1687735080,595123
1687735080,597457
1687735080,616570
1687735080,633497
1687735080,637925
1687735080,639742
1687735080,649506
1687735080,659328
1687735080,671616
1687735080,671747
1687735080,674647
1687735080,677065
1687735080,679279
1687735080,680081
1687735080,685510
1687735080,687568
1687735080,690012
1687735080,699794
1687735081,358316
1687735081,366510
1687735081,368124
1687735081,372335
1687735081,374703
1687735081,378171
1687735081,379853
1687735081,385465
1687735081,391340
1687735081,402435
1687735081,403661
1687735081,405742
1687735081,435165
1687735081,437201
1687735081,437298
1687735081,452429
1687735081,463000
1687735081,467111
1687735081,467896
1687735081,470864
1687735081,495072
1687735081,505544
1687735081,529017
1687735081,532835
1687735081,553908
1687735081,554960
1687735081,570743
1687735081,571931
1687735081,598568
1687735081,604314
1687735081,607119
1687735081,612732
1687735081,630962
1687735081,640384
1687735081,644467
1687735081,648037
1687735081,657880
1687735081,660002
1687735081,666083
1687735081,674272
1687735081,677605
1687735081,683295
1687735081,689595
1687735081,689893
1687735081,691614
1687735081,692831
1687735081,693219
1687735081,703359
1687735082,363965
1687735082,364362
1687735082,366833
1687735082,370430
1687735082,374321
1687735082,379105
1687735082,383021
1687735082,384375
1687735082,387811
1687735082,389779
1687735082,392876
1687735082,406216
1687735082,410986
1687735082,425548
1687735082,431475
1687735082,440003
1687735082,456246
1687735082,457000
1687735082,459614
1687735082,468018
1687735082,472459
1687735082,472750
1687735082,483315
1687735082,495603
1687735082,501422
1687735082,507709
1687735082,529411
1687735082,532878
1687735082,533062
1687735082,559197
1687735082,566513
1687735082,576083
1687735082,595156
1687735082,597470
1687735082,606677
1687735082,631617
1687735082,635371
1687735082,637244
1687735082,637857
1687735082,658826
1687735082,660723
1687735082,661492
1687735082,665482
1687735082,670294
1687735082,682298
1687735082,683783
1687735082,686832
1687735082,687007
1687735082,688156
1687735082,688561
1687735082,688957
1687735082,691745
1687735083,357757
1687735083,365736
1687735083,367432
1687735083,371247
1687735083,374171
1687735083,378009
1687735083,378266
1687735083,380388
1687735083,394319
1687735083,401493
1687735083,411990
1687735083,412400
1687735083,413603
1687735083,422097
1687735083,424823
1687735083,428620
1687735083,449365
1687735083,470496
1687735083,489360
1687735083,490373
1687735083,509326
1687735083,510297
1687735083,528640
1687735083,529742
1687735083,531019
1687735083,538579
1687735083,542740
1687735083,561145
1687735083,572649
1687735083,588940
1687735083,598372
1687735083,609251
1687735083,622784
1687735083,626703
1687735083,631076
1687735083,639498
1687735083,660108
1687735083,663568
1687735083,674836
1687735083,677317
1687735083,677962
1687735083,682871
1687735083,686508
1687735083,687495
1687735083,694179
1687735083,700811
1687735084,358208
1687735084,360555
1687735084,365190
1687735084,371877
1687735084,372675
1687735084,375437
1687735084,379987
1687735084,387024
1687735084,389261
1687735084,393322
1687735084,393518
1687735084,396246
1687735084,397626
1687735084,401959
1687735084,410325
1687735084,418364
1687735084,426481
1687735084,445573
1687735084,446834
1687735084,450436
1687735084,450993
1687735084,480308
1687735084,480459
1687735084,483064
1687735084,487636
1687735084,487688
1687735084,508444
1687735084,517613
1687735084,526241
1687735084,548884
1687735084,551194
1687735084,561135
1687735084,569985
1687735084,584793
1687735084,587767
1687735084,588215
1687735084,588950
1687735084,608748
1687735084,612968
1687735084,616029
1687735084,619727
1687735084,625871
1687735084,641513
1687735084,646704
1687735084,649721
1687735084,658241
1687735084,670557
1687735084,672315
1687735084,680982
1687735084,684616
1687735084,686881
1687735084,689327
1687735084,689678
1687735084,693152
1687735084,699198
1687735085,362632
1687735085,363378
1687735085,366332
1687735085,367180
1687735085,370883
1687735085,374610
1687735085,381473
1687735085,386425
1687735085,393664
1687735085,397365
1687735085,410599
1687735085,416964
1687735085,425415
1687735085,425621
1687735085,443043
1687735085,461664
1687735085,478005
1687735085,485905
1687735085,505702
1687735085,514549
1687735085,514919
1687735085,522385
1687735085,545741
1687735085,551661
1687735085,583563
1687735085,584413
1687735085,585995
1687735085,606000
1687735085,610907
1687735085,619611
1687735085,620034
1687735085,644799
1687735085,655529
1687735085,667149
1687735085,671332
1687735085,677743
1687735085,679909
1687735085,680602
1687735085,680795
1687735085,684454
1687735085,687335
1687735085,691284
1687735085,692843
1687735086,358602
1687735086,366216
1687735086,371604
1687735086,375149
1687735086,380055
1687735086,386538
1687735086,395095
1687735086,401420
1687735086,409301
1687735086,410803
1687735086,417296
1687735086,445958
1687735086,446170
1687735086,462667
1687735086,464192
1687735086,473541
1687735086,484968
1687735086,498139
1687735086,508128
1687735086,509443
1687735086,511011
1687735086,525311
1687735086,537763
1687735086,547268
1687735086,554850
1687735086,555533
1687735086,587507
1687735086,587756
1687735086,607570
1687735086,620193
1687735086,625671
1687735086,641841
1687735086,642441
1687735086,643010
1687735086,654124
1687735086,664116
1687735086,667746
1687735086,669621
1687735086,674603
1687735086,674908
1687735086,683474
1687735086,690475
1687735086,690563
1687735086,691417
1687735086,692429
1687735086,696878
1687735087,361149
1687735087,364261
1687735087,365875
1687735087,373562
1687735087,382136
1687735087,383657
1687735087,384288
1687735087,386678
1687735087,402994
1687735087,409863
1687735087,423819
1687735087,424969
1687735087,434631
1687735087,436541
1687735087,437873
1687735087,462670
1687735087,482877
1687735087,498539
1687735087,499931
1687735087,503635
1687735087,521847
1687735087,539010
1687735087,540969
1687735087,560009
1687735087,562512
1687735087,573852
1687735087,576641
1687735087,578304
1687735087,585256
1687735087,599125
1687735087,601194
1687735087,608218
1687735087,623388
1687735087,637552
1687735087,654118
1687735087,654872
1687735087,659234
1687735087,671080
1687735087,673185
1687735087,686479
1687735087,687783
1687735087,688165
1687735087,689346
1687735087,691232
1687735088,363883
1687735088,366716
1687735088,366976
1687735088,368489
1687735088,371627
1687735088,372041
1687735088,372337
1687735088,373829
1687735088,379916
1687735088,381023
1687735088,383266
1687735088,385409
1687735088,401469
1687735088,402972
1687735088,404867
1687735088,408760
1687735088,409882
1687735088,427812
1687735088,440050
1687735088,441834
1687735088,444707
1687735088,447323
1687735088,464934
1687735088,477557
1687735088,490553
1687735088,496451
1687735088,500244
1687735088,522066
1687735088,529481
1687735088,534023
1687735088,535964
1687735088,562069
1687735088,562482
1687735088,574385
1687735088,602780
1687735088,602851
1687735088,605178
1687735088,605255
1687735088,621122
1687735088,633235
1687735088,634375
1687735088,636691
1687735088,650747
1687735088,662203
1687735088,662276
1687735088,674765
1687735088,680033
1687735088,680243
1687735088,681078
1687735088,681723
1687735088,684018
1687735088,689434
1687735088,691362
1687735088,697107
1687735089,362841
1687735089,374672
1687735089,374730
1687735089,375525
1687735089,379238
1687735089,379661
1687735089,385692
1687735089,386389
1687735089,388830
1687735089,389155
1687735089,401106
1687735089,402638
1687735089,419867
1687735089,430045
1687735089,439141
1687735089,456032
1687735089,459703
1687735089,459788
1687735089,460729
1687735089,475039
1687735089,490471
1687735089,496326
1687735089,500830
1687735089,524803
1687735089,537376
1687735089,541576
1687735089,560473
1687735089,562436
1687735089,563033
1687735089,566224
1687735089,567695
1687735089,575613
1687735089,600783
1687735089,601076
1687735089,631332
1687735089,635769
1687735089,637652
1687735089,645574
1687735089,653922
1687735089,659769
1687735089,666046
1687735089,674264
1687735089,683588
1687735089,688138
1687735089,692482
1687735089,693849
1687735089,694456
1687735089,701863
1687735090,367344
1687735090,371822
1687735090,372083
1687735090,375524
1687735090,376225
1687735090,381374
1687735090,382718
1687735090,388807
1687735090,402118
1687735090,421101
1687735090,423033
1687735090,435230
1687735090,451812
1687735090,453732
1687735090,457992
1687735090,472753
1687735090,476078
1687735090,483037
1687735090,516041
1687735090,520433
1687735090,525429
1687735090,536099
1687735090,551040
1687735090,553844
1687735090,555317
1687735090,579352
1687735090,585568
1687735090,611776
1687735090,618988
1687735090,626568
1687735090,632497
1687735090,632667
1687735090,637480
1687735090,645931
1687735090,654378
1687735090,657548
1687735090,666799
1687735090,671410
1687735090,678127
1687735090,682129
1687735090,683564
1687735090,683828
1687735090,684258
1687735090,685760
1687735090,687377
1687735090,687849
1687735090,688267
1687735090,693564
1687735090,694923
1687735090,701184
1687735091,361520
1687735091,364992
1687735091,365742
1687735091,371011
1687735091,375913
1687735091,378687
1687735091,381709
1687735091,401000
1687735091,401294
1687735091,414854
1687735091,418669
1687735091,420872
1687735091,421578
1687735091,430616
1687735091,453714
1687735091,476523
1687735091,479859
1687735091,487319
1687735091,487895
1687735091,512814
1687735091,514337
1687735091,515193
1687735091,534712
1687735091,547657
1687735091,556511
1687735091,577051
1687735091,591354
1687735091,592411
1687735091,614326
1687735091,623187
1687735091,630680
1687735091,646024
1687735091,650525
1687735091,658420
1687735091,663859
1687735091,678163
1687735091,679599
1687735091,686702
1687735091,691360
1687735091,691843
1687735091,692356
1687735092,365622
1687735092,366501
1687735092,366869
1687735092,371561
1687735092,371810
1687735092,376963
1687735092,388178
1687735092,394258
1687735092,396173
1687735092,401731
1687735092,405748
1687735092,406584
1687735092,414173
1687735092,415699
1687735092,430572
1687735092,442623
1687735092,445272
1687735092,450379
1687735092,455149
1687735092,476633
1687735092,481705
1687735092,497860
1687735092,508140
1687735092,514455
1687735092,519348
1687735092,541753
1687735092,542662
1687735092,552270
1687735092,554030
1687735092,576850
1687735092,581000
1687735092,589208
1687735092,592964
1687735092,612374
1687735092,614763
1687735092,628952
1687735092,646658
1687735092,650115
1687735092,654832
1687735092,658315
1687735092,669588
1687735092,675057
1687735092,676189
1687735092,676518
1687735092,676702
1687735092,685988
1687735092,686738
1687735092,688748
1687735092,694090
1687735092,695084
1687735092,697111
1687735093,361849
1687735093,363204
1687735093,372486
1687735093,377271
1687735093,377713
1687735093,385597
1687735093,390458
1687735093,393233
1687735093,395519
1687735093,409142
1687735093,409528
1687735093,430724
1687735093,431870
1687735093,434342
1687735093,439428
1687735093,450760
1687735093,469144
1687735093,470129
1687735093,490922
1687735093,506499
1687735093,510459
1687735093,510601
1687735093,528460
1687735093,545311
1687735093,549497
1687735093,550634
1687735093,565492
1687735093,574645
1687735093,578544
1687735093,592266
1687735093,604513
1687735093,609194
1687735093,614745
1687735093,618199
1687735093,625592
1687735093,645693
1687735093,650376
1687735093,659871
1687735093,668166
1687735093,673313
1687735093,685198
1687735093,685378
1687735093,686658
1687735093,689529
1687735093,692247
1687735093,692818
1687735094,366685
1687735094,367022
1687735094,367831
1687735094,371140
1687735094,376988
1687735094,379047
1687735094,383098
1687735094,387588
1687735094,387786
1687735094,390888
1687735094,392040
1687735094,405707
1687735094,407224
1687735094,414783
1687735094,427957
1687735094,433130
1687735094,466474
1687735094,468124
1687735094,471778
1687735094,490888
1687735094,493889
1687735094,501819
1687735094,504417
1687735094,505149
1687735094,526069
1687735094,530560
1687735094,533730
1687735094,564834
1687735094,570182
1687735094,574565
1687735094,594783
1687735094,608511
1687735094,614904
1687735094,630713
1687735094,637039
1687735094,644297
1687735094,658653
1687735094,659376
1687735094,661068
1687735094,665367
1687735094,667867
1687735094,677453
1687735094,684461
1687735094,684692
1687735094,686557
1687735094,688834
1687735094,689330
1687735094,689370
1687735094,694063
1687735094,698411
1687735094,698616
1687735095,365983
1687735095,366307
1687735095,369592
1687735095,371975
1687735095,376255
1687735095,379166
1687735095,384113
1687735095,386096
1687735095,387297
1687735095,406439
1687735095,407707
1687735095,426636
1687735095,428364
1687735095,431014
1687735095,443276
1687735095,443751
1687735095,459442
1687735095,460915
1687735095,460997
1687735095,461219
1687735095,466889
1687735095,469062
1687735095,485336
1687735095,504425
1687735095,526543
1687735095,531470
1687735095,531903
1687735095,539201
1687735095,540167
1687735095,566818
1687735095,567146
1687735095,569833
1687735095,591221
1687735095,599277
1687735095,600241
1687735095,606851
1687735095,624835
1687735095,625894
1687735095,626048
1687735095,631316
1687735095,632997
1687735095,638231
1687735095,641297
1687735095,641934
1687735095,660043
1687735095,662287
1687735095,665848
1687735095,669537
1687735095,673367
1687735095,678656
1687735095,679040
1687735095,685503
1687735095,688542
1687735095,694705
1687735095,698549
1687735096,360605
1687735096,364211
1687735096,366097
1687735096,366283
1687735096,375215
1687735096,377841
1687735096,382763
1687735096,386825
1687735096,389756
1687735096,394939
1687735096,397471
1687735096,401973
1687735096,403521
1687735096,413990
1687735096,420504
1687735096,424410
1687735096,446219
1687735096,449559
1687735096,462162
1687735096,472565
1687735096,485545
1687735096,488670
1687735096,492441
1687735096,502666
1687735096,505872
1687735096,528612
1687735096,528801
1687735096,547522
1687735096,555462
1687735096,559042
1687735096,569141
1687735096,585223
1687735096,590820
1687735096,594096
1687735096,598066
1687735096,609441
1687735096,611676
1687735096,624877
1687735096,645184
1687735096,650807
1687735096,657861
1687735096,659495
1687735096,667543
1687735096,674128
1687735096,675757
1687735096,681030
1687735096,681619
1687735096,689127
1687735096,689738
1687735096,690282
1687735096,690384
1687735096,693270
1687735096,699304
1687735096,701604
1687735097,364545
1687735097,365759
1687735097,373574
1687735097,373955
1687735097,374285
1687735097,378689
1687735097,379000
1687735097,381933
1687735097,386956
1687735097,388190
1687735097,396137
1687735097,398212
1687735097,400933
1687735097,401426
1687735097,422824
1687735097,424963
1687735097,443278
1687735097,443614
1687735097,452411
1687735097,453284
1687735097,484122
1687735097,484465
1687735097,485365
1687735097,503208
1687735097,514801
1687735097,515841
1687735097,516792
1687735097,520173
1687735097,522213
1687735097,542869
1687735097,548555
1687735097,558884
1687735097,564975
1687735097,582202
1687735097,592706
1687735097,605197
1687735097,605198
1687735097,615549
1687735097,617664
1687735097,620026
1687735097,623967
1687735097,639425
1687735097,646690
1687735097,650400
1687735097,653139
1687735097,655250
1687735097,668544
1687735097,680412
1687735097,682295
1687735097,682318
1687735097,684259
1687735097,686516
1687735097,695311
1687735097,696412
1687735098,362450
1687735098,364815
1687735098,366430
1687735098,367402
1687735098,370132
1687735098,371018
1687735098,374903
1687735098,375454
1687735098,378496
1687735098,381082
1687735098,386114
1687735098,391830
1687735098,392733
1687735098,396124
1687735098,412094
1687735098,420709
1687735098,422114
1687735098,425800
1687735098,432694
1687735098,440785
1687735098,443549
1687735098,449218
1687735098,457153
1687735098,460039
1687735098,480562
1687735098,480874
1687735098,491124
1687735098,506138
1687735098,510275
1687735098,521001
1687735098,544411
1687735098,545322
1687735098,551011
1687735098,556923
1687735098,583832
1687735098,584922
1687735098,614030
1687735098,615159
1687735098,625060
1687735098,632827
1687735098,650559
1687735098,652143
1687735098,670032
1687735098,670894
1687735098,672775
1687735098,677603
1687735098,679938
1687735098,681861
1687735098,685444
1687735098,685605
1687735098,687616
1687735098,696634
1687735098,700126
1687735099,365036
1687735099,365851
1687735099,366839
1687735099,366908
1687735099,378408
1687735099,380906
1687735099,383783
1687735099,385196
1687735099,390998
1687735099,401354
1687735099,406092
1687735099,411251
1687735099,411287
1687735099,416522
1687735099,418143
1687735099,445016
1687735099,470329
1687735099,476134
1687735099,479260
1687735099,494050
1687735099,506910
1687735099,519347
1687735099,529520
1687735099,538562
1687735099,541027
1687735099,544821
1687735099,557464
1687735099,561298
1687735099,574314
1687735099,580253
1687735099,581894
1687735099,582427
1687735099,585823
1687735099,594483
1687735099,610309
1687735099,616137
1687735099,621209
1687735099,638915
1687735099,644037
1687735099,644976
1687735099,651106
1687735099,654585
1687735099,663999
1687735099,665714
1687735099,667947
1687735099,670567
1687735099,673511
1687735099,684249
1687735099,687180
1687735099,690139
1687735099,692465
1687735099,695186
1687735099,696331
1687735100,363512
1687735100,364672
1687735100,369923
1687735100,371308
1687735100,373070
1687735100,376649
1687735100,378120
1687735100,380118
1687735100,380799
1687735100,380939
1687735100,411547
1687735100,413109
1687735100,429807
1687735100,434539
1687735100,434836
1687735100,435650
1687735100,437135
1687735100,439562
1687735100,455590
1687735100,459429
1687735100,461456
1687735100,469247
1687735100,475653
1687735100,499649
1687735100,502134
1687735100,503269
1687735100,506916
1687735100,515260
1687735100,518730
1687735100,530170
1687735100,534886
1687735100,537058
1687735100,568132
1687735100,579504
1687735100,597034
1687735100,599360
1687735100,618102
1687735100,635239
1687735100,636078
1687735100,637934
1687735100,660381
1687735100,669961
1687735100,675689
1687735100,677919
1687735100,679506
1687735100,680004
1687735100,685473
1687735100,687436
1687735100,687694
1687735100,689560
1687735100,700116
1687735101,358374
1687735101,364313
1687735101,365791
1687735101,373175
1687735101,374169
1687735101,378773
1687735101,379143
1687735101,386712
1687735101,388150
1687735101,400839
1687735101,404091
1687735101,404902
1687735101,412583
1687735101,435309
1687735101,439058
1687735101,454459
1687735101,460725
1687735101,465647
1687735101,472994
1687735101,497038
1687735101,509557
1687735101,530838
1687735101,531224
1687735101,556065
1687735101,556949
1687735101,561081
1687735101,569904
1687735101,573007
1687735101,597640
1687735101,600416
1687735101,602323
1687735101,605327
1687735101,610823
1687735101,632857
1687735101,638318
1687735101,645958
1687735101,649490
1687735101,659211
1687735101,661492
1687735101,661614
1687735101,664918
1687735101,673229
1687735101,675317
1687735101,676755
1687735101,681117
1687735101,682673
1687735101,688930
1687735101,690370
1687735101,691701
1687735101,693031
1687735101,703278
1687735102,359251
1687735102,364579
1687735102,365391
1687735102,367045
1687735102,370054
1687735102,377830
1687735102,382334
1687735102,389057
1687735102,390879
1687735102,391683
1687735102,394341
1687735102,400120
1687735102,404668
1687735102,415373
1687735102,427570
1687735102,429814
1687735102,441849
1687735102,454096
1687735102,455044
1687735102,474408
1687735102,474825
1687735102,489210
1687735102,496730
1687735102,497664
1687735102,499328
1687735102,530741
1687735102,531475
1687735102,535042
1687735102,557004
1687735102,564413
1687735102,578015
1687735102,593272
1687735102,599346
1687735102,608698
1687735102,611109
1687735102,612465
1687735102,633319
1687735102,633781
1687735102,635617
1687735102,638773
1687735102,657162
1687735102,659149
1687735102,659722
1687735102,666718
1687735102,671199
1687735102,680467
1687735102,682905
1687735102,684175
1687735102,686006
1687735102,686573
1687735102,688249
1687735102,688524
1687735102,688904
1687735102,692308
1687735103,357770
1687735103,365917
1687735103,367023
1687735103,372039
1687735103,374649
1687735103,376805
1687735103,379226
1687735103,381597
1687735103,383321
1687735103,394793
1687735103,395516
1687735103,400386
1687735103,413814
1687735103,420311
1687735103,422815
1687735103,430733
1687735103,451291
1687735103,457822
1687735103,472569
1687735103,486964
1687735103,488163
1687735103,510396
1687735103,511213
1687735103,512007
1687735103,526240
1687735103,527484
1687735103,532992
1687735103,540378
1687735103,544661
1687735103,558843
1687735103,574836
1687735103,586940
1687735103,593036
1687735103,596280
1687735103,621299
1687735103,624358
1687735103,624881
1687735103,629231
1687735103,641200
1687735103,661333
1687735103,661911
1687735103,664701
1687735103,674290
1687735103,676570
1687735103,676853
1687735103,683720
1687735103,686003
1687735103,686829
1687735103,687717
1687735103,689958
1687735103,693834
1687735103,700978
1687735104,358395
1687735104,360863
1687735104,361835
1687735104,365119
1687735104,373089
1687735104,374616
1687735104,375062
1687735104,378286
1687735104,386457
1687735104,392101
1687735104,392430
1687735104,398924
1687735104,403929
1687735104,411799
1687735104,419835
1687735104,420024
1687735104,424726
1687735104,427226
1687735104,448902
1687735104,449317
1687735104,452481
1687735104,466012
1687735104,480958
1687735104,482232
1687735104,485541
1687735104,489750
1687735104,519599
1687735104,524123
1687735104,524826
1687735104,551018
1687735104,554244
1687735104,572164
1687735104,582838
1687735104,586064
1687735104,591191
1687735104,607663
1687735104,608982
1687735104,610565
1687735104,614821
1687735104,617487
1687735104,617668
1687735104,643294
1687735104,648322
1687735104,648492
1687735104,656857
1687735104,659539
1687735104,671414
1687735104,671816
1687735104,681521
1687735104,685621
1687735104,686712
1687735104,690277
1687735104,691613
1687735104,692635
1687735104,699355
1687735105,362588
1687735105,364160
1687735105,365840
1687735105,367806
1687735105,371223
1687735105,373931
1687735105,382403
1687735105,394721
1687735105,396297
1687735105,409128
1687735105,415566
1687735105,427452
1687735105,441559
1687735105,444601
1687735105,463649
1687735105,465891
1687735105,475647
1687735105,488041
1687735105,507765
1687735105,512326
1687735105,512791
1687735105,524234
1687735105,547350
1687735105,547815
1687735105,549086
1687735105,549371
1687735105,552778
1687735105,569325
1687735105,581265
1687735105,581924
1687735105,588124
1687735105,617657
1687735105,621699
1687735105,644931
1687735105,646554
1687735105,650627
1687735105,654169
1687735105,668276
1687735105,672337
1687735105,678696
1687735105,679041
1687735105,679282
1687735105,680273
1687735105,683174
1687735105,683953
1687735105,685664
1687735105,687208
1687735105,688272
1687735105,691448
1687735105,691859
1687735105,692861
1687735106,358774
1687735106,366510
1687735106,371047
1687735106,374913
1687735106,385291
1687735106,386734
1687735106,387386
1687735106,396353
1687735106,403154
1687735106,404725
1687735106,408044
1687735106,409302
1687735106,415717
1687735106,417710
1687735106,442403
1687735106,444001
1687735106,448152
1687735106,462063
1687735106,464590
1687735106,471547
1687735106,486903
1687735106,500122
1687735106,506060
1687735106,507308
1687735106,509008
1687735106,527312
1687735106,535673
1687735106,549243
1687735106,558070
1687735106,589441
1687735106,589843
1687735106,596665
1687735106,605749
1687735106,618296
1687735106,627585
1687735106,639907
1687735106,643912
1687735106,655561
1687735106,666548
1687735106,668474
1687735106,673543
1687735106,675991
1687735106,676060
1687735106,690868
1687735106,691224
1687735106,691608
1687735106,696712
1687735107,363793
1687735107,366055
1687735107,371967
1687735107,374450
1687735107,381895
1687735107,382642
1687735107,384588
1687735107,387879
1687735107,408603
1687735107,425428
1687735107,426677
1687735107,432690
1687735107,436251
1687735107,438325
1687735107,464642
1687735107,484852
1687735107,497613
1687735107,500618
1687735107,502164
1687735107,523954
1687735107,537103
1687735107,538739
1687735107,562123
1687735107,563503
1687735107,564804
1687735107,570834
1687735107,571521
1687735107,574330
1687735107,575979
1687735107,587263
1687735107,601079
1687735107,603047
1687735107,606253
1687735107,625225
1687735107,635654
1687735107,641286
1687735107,655369
1687735107,660313
1687735107,665192
1687735107,670148
1687735107,674233
1687735107,687040
1687735107,687090
1687735107,687533
1687735107,688731
1687735107,691306
1687735108,366095
1687735108,366541
1687735108,368590
1687735108,370915
1687735108,371339
1687735108,374484
1687735108,382223
1687735108,384195
1687735108,384593
1687735108,403103
1687735108,404309
1687735108,410197
1687735108,426036
1687735108,438462
1687735108,442953
1687735108,443780
1687735108,462791
1687735108,463053
1687735108,478267
1687735108,479652
1687735108,481340
1687735108,488365
1687735108,494250
1687735108,498597
1687735108,524041
1687735108,531177
1687735108,532063
1687735108,534031
1687735108,560432
1687735108,564097
1687735108,576644
1687735108,600770
1687735108,602793
1687735108,604427
1687735108,607245
1687735108,622999
1687735108,631196
1687735108,634933
1687735108,636247
1687735108,651810
1687735108,656370
1687735108,660563
1687735108,661327
1687735108,674005
1687735108,679392
1687735108,680919
1687735108,681869
1687735108,682393
1687735108,683916
1687735108,689186
1687735108,691861
1687735108,697194
1687735109,375152
1687735109,375268
1687735109,375878
1687735109,376736
1687735109,378510
1687735109,385604
1687735109,386967
1687735109,390135
1687735109,400158
1687735109,401236
1687735109,403194
1687735109,421435
1687735109,428484
1687735109,441175
1687735109,453871
1687735109,457695
1687735109,459060
1687735109,461981
1687735109,477070
1687735109,482982
1687735109,488304
1687735109,502877
1687735109,522549
1687735109,539450
1687735109,543440
1687735109,560229
1687735109,562511
1687735109,564111
1687735109,565275
1687735109,577925
1687735109,598682
1687735109,602524
1687735109,613768
1687735109,629484
1687735109,633757
1687735109,639310
1687735109,646542
1687735109,652455
1687735109,657253
1687735109,658444
1687735109,660865
1687735109,667471
1687735109,674949
1687735109,682821
1687735109,687413
1687735109,688544
1687735109,692265
1687735109,693968
1687735109,694622
1687735109,701425
1687735110,367045
1687735110,372425
1687735110,372622
1687735110,374853
1687735110,376468
1687735110,382009
1687735110,389884
1687735110,400348
1687735110,419524
1687735110,424716
1687735110,437154
1687735110,449816
1687735110,455579
1687735110,455960
1687735110,474845
1687735110,477984
1687735110,481053
1687735110,515007
1687735110,517922
1687735110,518331
1687735110,537969
1687735110,548973
1687735110,553079
1687735110,555653
1687735110,581477
1687735110,583353
1687735110,620473
1687735110,624415
1687735110,630086
1687735110,634009
1687735110,639177
1687735110,647238
1687735110,659101
1687735110,668048
1687735110,672116
1687735110,677174
1687735110,680899
1687735110,683642
1687735110,684259
1687735110,684654
1687735110,685270
1687735110,687652
1687735110,688296
1687735110,693606
1687735110,695672
1687735110,701269
1687735111,361382
1687735111,364608
1687735111,366417
1687735111,370730
1687735111,373615
1687735111,376549
1687735111,379373
1687735111,380790
1687735111,382790
1687735111,390590
1687735111,393894
1687735111,399927
1687735111,402977
1687735111,413217
1687735111,420159
1687735111,420187
1687735111,432828
1687735111,447275
1687735111,455635
1687735111,477717
1687735111,478440
1687735111,485258
1687735111,489508
1687735111,513047
1687735111,516190
1687735111,516991
1687735111,531402
1687735111,536635
1687735111,549741
1687735111,579157
1687735111,589252
1687735111,590036
1687735111,616160
1687735111,621161
1687735111,632343
1687735111,647703
1687735111,648788
1687735111,664883
1687735111,677194
1687735111,680312
1687735111,686598
1687735111,687013
1687735111,687124
1687735111,691211
1687735111,692607
1687735112,360899
1687735112,366016
1687735112,366723
1687735112,366772
1687735112,370974
1687735112,371706
1687735112,371872
1687735112,377677
1687735112,385972
1687735112,386814
1687735112,393067
1687735112,394881
1687735112,403351
1687735112,407156
1687735112,412580
1687735112,417388
1687735112,419248
1687735112,432466
1687735112,440890
1687735112,443625
1687735112,452196
1687735112,457221
1687735112,470395
1687735112,474662
1687735112,479743
1687735112,499750
1687735112,506071
1687735112,516419
1687735112,540214
1687735112,550289
1687735112,556144
1687735112,578759
1687735112,578892
1687735112,586860
1687735112,594932
1687735112,598734
1687735112,610271
1687735112,610776
1687735112,616483
1687735112,630919
1687735112,644809
1687735112,651650
1687735112,653198
1687735112,659428
1687735112,668338
1687735112,674661
1687735112,675636
1687735112,676091
1687735112,677002
1687735112,677426
1687735112,686373
1687735112,694326
1687735112,694437
1687735113,361627
1687735113,363434
1687735113,366734
1687735113,377097
1687735113,377713
1687735113,386768
1687735113,389492
1687735113,394792
1687735113,407791
1687735113,407902
1687735113,408341
1687735113,432605
1687735113,432659
1687735113,433700
1687735113,437466
1687735113,452825
1687735113,467028
1687735113,471763
1687735113,492779
1687735113,501594
1687735113,504298
1687735113,507232
1687735113,508274
1687735113,512684
1687735113,530349
1687735113,543252
1687735113,551827
1687735113,552718
1687735113,565750
1687735113,572604
1687735113,576486
1687735113,594204
1687735113,602526
1687735113,612792
1687735113,615982
1687735113,627344
1687735113,647405
1687735113,648798
1687735113,666756
1687735113,674020
1687735113,685740
1687735113,686083
1687735113,690110
1687735113,692515
1687735113,698388
1687735114,367177
1687735114,367248
1687735114,367773
1687735114,376664
1687735114,378195
1687735114,382075
1687735114,389162
1687735114,392787
1687735114,404151
1687735114,408789
1687735114,413113
1687735114,413463
1687735114,429984
1687735114,431397
1687735114,465713
1687735114,473746
1687735114,491851
1687735114,493020
1687735114,499425
1687735114,502255
1687735114,528312
1687735114,531585
1687735114,532490
1687735114,562628
1687735114,571309
1687735114,572230
1687735114,596682
1687735114,609558
1687735114,610234
1687735114,612654
1687735114,632300
1687735114,634962
1687735114,645625
1687735114,660242
1687735114,660724
1687735114,663229
1687735114,664144
1687735114,669027
1687735114,678610
1687735114,683815
1687735114,684906
1687735114,685726
1687735114,688457
1687735114,688688
1687735114,689829
1687735114,693839
1687735114,698278
1687735115,365595
1687735115,366067
1687735115,366613
1687735115,368642
1687735115,372835
1687735115,375300
1687735115,380302
1687735115,384425
1687735115,385981
1687735115,387139
1687735115,405153
1687735115,409442
1687735115,428640
1687735115,429241
1687735115,445700
1687735115,457362
1687735115,458945
1687735115,459094
1687735115,471006
1687735115,487382
1687735115,506189
1687735115,528518
1687735115,529284
1687735115,529566
1687735115,542074
1687735115,564648
1687735115,564885
1687735115,592991
1687735115,597130
1687735115,598041
1687735115,608935
1687735115,623827
1687735115,626444
1687735115,627662
1687735115,629397
1687735115,630921
1687735115,636141
1687735115,643784
1687735115,660692
1687735115,667062
1687735115,668328
1687735115,679526
1687735115,679761
1687735115,679842
1687735115,685971
1687735115,688202
1687735115,691575
1687735115,698515
1687735116,363010
1687735116,363817
1687735116,364342
1687735116,376105
1687735116,381921
1687735116,387440
1687735116,388832
1687735116,392247
1687735116,396398
1687735116,401012
1687735116,403482
1687735116,405138
1687735116,419036
1687735116,422463
1687735116,447526
1687735116,448256
1687735116,464358
1687735116,469068
1687735116,483411
1687735116,483612
1687735116,484892
1687735116,486646
1687735116,504631
1687735116,507863
1687735116,526594
1687735116,526638
1687735116,545056
1687735116,549556
1687735116,553088
1687735116,557139
1687735116,571849
1687735116,587206
1687735116,588694
1687735116,591954
1687735116,611251
1687735116,622628
1687735116,646583
1687735116,649078
1687735116,652854
1687735116,657815
1687735116,658996
1687735116,668801
1687735116,673361
1687735116,675290
1687735116,681817
1687735116,682169
1687735116,688713
1687735116,690021
1687735116,690542
1687735116,690805
1687735116,698957
1687735116,701492
1687735117,364913
1687735117,365858
1687735117,373528
1687735117,374477
1687735117,378002
1687735117,378357
1687735117,382508
1687735117,387167
1687735117,397091
1687735117,397264
1687735117,399510
1687735117,423151
1687735117,424787
1687735117,441721
1687735117,442742
1687735117,445175
1687735117,450434
1687735117,451476
1687735117,482034
1687735117,483435
1687735117,486330
1687735117,505201
1687735117,514736
1687735117,520364
1687735117,523460
1687735117,546498
1687735117,556665
1687735117,567122
1687735117,584449
1687735117,590159
1687735117,606828
1687735117,607194
1687735117,617114
1687735117,617776
1687735117,641031
1687735117,647827
1687735117,648847
1687735117,651651
1687735117,653755
1687735117,655663
1687735117,669576
1687735117,671397
1687735117,676372
1687735117,681349
1687735117,683550
1687735117,685117
1687735117,695329
1687735117,696266
1687735118,361539
1687735118,363940
1687735118,366873
1687735118,370177
1687735118,370699
1687735118,374208
1687735118,375766
1687735118,378788
1687735118,382099
1687735118,387129
1687735118,391625
1687735118,397504
1687735118,420588
1687735118,427390
1687735118,434788
1687735118,441322
1687735118,459115
1687735118,462102
1687735118,478758
1687735118,482643
1687735118,493240
1687735118,504192
1687735118,508136
1687735118,522951
1687735118,543559
1687735118,546497
1687735118,548830
1687735118,559318
1687735118,559703
1687735118,581508
1687735118,587156
1687735118,611870
1687735118,613255
1687735118,626983
1687735118,634350
1687735118,640476
1687735118,648616
1687735118,653599
1687735118,671162
1687735118,671563
1687735118,679482
1687735118,681395
1687735118,685924
1687735118,687700
1687735118,692553
1687735118,697300
1687735118,700303
1687735119,364775
1687735119,365823
1687735119,366616
1687735119,367436
1687735119,377955
1687735119,381800
1687735119,385028
1687735119,385159
1687735119,390106
1687735119,403029
1687735119,407235
1687735119,409583
1687735119,411662
1687735119,415016
1687735119,416508
1687735119,419700
1687735119,422361
1687735119,443021
1687735119,461392
1687735119,468101
1687735119,473928
1687735119,481340
1687735119,496029
1687735119,504941
1687735119,505068
1687735119,521247
1687735119,539087
1687735119,540679
1687735119,542799
1687735119,563312
1687735119,579494
1687735119,582273
1687735119,583592
1687735119,584671
1687735119,596564
1687735119,608282
1687735119,614011
1687735119,622912
1687735119,642288
1687735119,643395
1687735119,652708
1687735119,656178
1687735119,664353
1687735119,665151
1687735119,666845
1687735119,669359
1687735119,674422
1687735119,685068
1687735119,686843
1687735119,691131
1687735119,692749
1687735119,694658
1687735119,695658
1687735120,363542
1687735120,363655
1687735120,370768
1687735120,371571
1687735120,372127
1687735120,376687
1687735120,377780
1687735120,379914
1687735120,381178
1687735120,381863
1687735120,384105
1687735120,427914
1687735120,432774
1687735120,432954
1687735120,437441
1687735120,437599
1687735120,440825
1687735120,457783
1687735120,463688
1687735120,467212
1687735120,473781
1687735120,497583
1687735120,503974
1687735120,517364
1687735120,520767
1687735120,531993
1687735120,533006
1687735120,535127
1687735120,558239
1687735120,565942
1687735120,572070
1687735120,573037
1687735120,577317
1687735120,598883
1687735120,601251
1687735120,619639
1687735120,634234
1687735120,636052
1687735120,636920
1687735120,661415
1687735120,668269
1687735120,676732
1687735120,678763
1687735120,678920
1687735120,680734
1687735120,685418
1687735120,687325
1687735120,688063
1687735120,689055
1687735120,692295
1687735120,700410
1687735121,358512
1687735121,363975
1687735121,365150
1687735121,373639
1687735121,374054
1687735121,378435
1687735121,379374
1687735121,387120
1687735121,387969
1687735121,399289
1687735121,402487
1687735121,406189
1687735121,414230
1687735121,433468
1687735121,439093
1687735121,443728
1687735121,456479
1687735121,458447
1687735121,463398
1687735121,463733
1687735121,475079
1687735121,498991
1687735121,500997
1687735121,511393
1687735121,528859
1687735121,533501
1687735121,558971
1687735121,559139
1687735121,562337
1687735121,567900
1687735121,595795
1687735121,600336
1687735121,602245
1687735121,603547
1687735121,608880
1687735121,634740
1687735121,636230
1687735121,647399
1687735121,650917
1687735121,655815
1687735121,660488
1687735121,662949
1687735121,663679
1687735121,675904
1687735121,676372
1687735121,680196
1687735121,682017
1687735121,687713
1687735121,688261
1687735121,690794
1687735121,691744
1687735121,693154
1687735121,703159
1687735122,359292
1687735122,365273
1687735122,367291
1687735122,369678
1687735122,372894
1687735122,376570
1687735122,381689
1687735122,382264
1687735122,390331
1687735122,391992
1687735122,393531
1687735122,395865
1687735122,398510
1687735122,403146
1687735122,417158
1687735122,426494
1687735122,428191
1687735122,429654
1687735122,451934
1687735122,453105
1687735122,453206
1687735122,476835
1687735122,491170
1687735122,494417
1687735122,497307
1687735122,499715
1687735122,528429
1687735122,533539
1687735122,537186
1687735122,539720
1687735122,554825
1687735122,579930
1687735122,591343
1687735122,601226
1687735122,610752
1687735122,632143
1687735122,633424
1687735122,635002
1687735122,640267
1687735122,655497
1687735122,657540
1687735122,657906
1687735122,667928
1687735122,672066
1687735122,683460
1687735122,684538
1687735122,685158
1687735122,686105
1687735122,687944
1687735122,688844
1687735122,688849
1687735122,692812
1687735123,357845
1687735123,360591
1687735123,366098
1687735123,366582
1687735123,375137
1687735123,375670
1687735123,380180
1687735123,382796
1687735123,396716
1687735123,399327
1687735123,413315
1687735123,415680
1687735123,418593
1687735123,420864
1687735123,432820
1687735123,454538
1687735123,456017
1687735123,474617
1687735123,484568
1687735123,485950
1687735123,513063
1687735123,513705
1687735123,523838
1687735123,525246
1687735123,534987
1687735123,542179
1687735123,556558
1687735123,577028
1687735123,584971
1687735123,594176
1687735123,594777
1687735123,612902
1687735123,619270
1687735123,623037
1687735123,625875
1687735123,627413
1687735123,642853
1687735123,645097
1687735123,660247
1687735123,662477
1687735123,665676
1687735123,673702
1687735123,675657
1687735123,675769
1687735123,684564
1687735123,685477
1687735123,686464
1687735123,687927
1687735123,693454
1687735123,701134
1687735124,358622
1687735124,361079
1687735124,361227
1687735124,365115
1687735124,373316
1687735124,373814
1687735124,374354
1687735124,376316
1687735124,390939
1687735124,391410
1687735124,392313
1687735124,393381
1687735124,400260
1687735124,405923
1687735124,418068
1687735124,421705
1687735124,423014
1687735124,446858
1687735124,451335
1687735124,468297
1687735124,476159
1687735124,478823
1687735124,483468
1687735124,484151
1687735124,491793
1687735124,521608
1687735124,522028
1687735124,522069
1687735124,522759
1687735124,546976
1687735124,551951
1687735124,553207
1687735124,574332
1687735124,580846
1687735124,583908
1687735124,593346
1687735124,612322
1687735124,615587
1687735124,616669
1687735124,618952
1687735124,647192
1687735124,649904
1687735124,655405
1687735124,660597
1687735124,670475
1687735124,673000
1687735124,681966
1687735124,686521
1687735124,686571
1687735124,690217
1687735124,691154
1687735124,691364
1687735124,692053
1687735124,693434
1687735124,699449
1687735125,362596
1687735125,364981
1687735125,365405
1687735125,371647
1687735125,383326
1687735125,395245
1687735125,395839
1687735125,407631
1687735125,414222
1687735125,429295
1687735125,440070
1687735125,442346
1687735125,465593
1687735125,473351
1687735125,490188
1687735125,509811
1687735125,510135
1687735125,510616
1687735125,526084
1687735125,545424
1687735125,546995
1687735125,549924
1687735125,550709
1687735125,571442
1687735125,578940
1687735125,579455
1687735125,590229
1687735125,609328
1687735125,615659
1687735125,623376
1687735125,643421
1687735125,648296
1687735125,651799
1687735125,652786
1687735125,669396
1687735125,673358
1687735125,677460
1687735125,679630
1687735125,679768
1687735125,682877
1687735125,683444
1687735125,686101
1687735125,688359
1687735125,691536
1687735125,692844
1687735126,358987
1687735126,360696
1687735126,364386
1687735126,366878
1687735126,370502
1687735126,372832
1687735126,374721
1687735126,384074
1687735126,385046
1687735126,388331
1687735126,389120
1687735126,397580
1687735126,404872
1687735126,406845
1687735126,407797
1687735126,414145
1687735126,429052
1687735126,439556
1687735126,440298
1687735126,442059
1687735126,450142
1687735126,459978
1687735126,466535
1687735126,469592
1687735126,488825
1687735126,502110
1687735126,503969
1687735126,505229
1687735126,529276
1687735126,533570
1687735126,551236
1687735126,560654
1687735126,591338
1687735126,591923
1687735126,603909
1687735126,607381
1687735126,616375
1687735126,629470
1687735126,637941
1687735126,637997
1687735126,645380
1687735126,656986
1687735126,665357
1687735126,667305
1687735126,677475
1687735126,691052
1687735126,691227
1687735126,692579
1687735126,696559
1687735127,363406
1687735127,366286
1687735127,371929
1687735127,375343
1687735127,381038
1687735127,381689
1687735127,385558
1687735127,406447
1687735127,427083
1687735127,428385
1687735127,430746
1687735127,434659
1687735127,440132
1687735127,466269
1687735127,466626
1687735127,468218
1687735127,495326
1687735127,502677
1687735127,526086
1687735127,535189
1687735127,536487
1687735127,544972
1687735127,564260
1687735127,567110
1687735127,569214
1687735127,569905
1687735127,572028
1687735127,573678
1687735127,589239
1687735127,602992
1687735127,604297
1687735127,604906
1687735127,627035
1687735127,633708
1687735127,639522
1687735127,656585
1687735127,657822
1687735127,658800
1687735127,659207
1687735127,661420
1687735127,666237
1687735127,669232
1687735127,675241
1687735127,683743
1687735127,686247
1687735127,686895
1687735127,687660
1687735127,688100
1687735127,691369
1687735128,360180
1687735128,365513
1687735128,366148
1687735128,368668
1687735128,370218
1687735128,370400
1687735128,375172
1687735128,381083
1687735128,383002
1687735128,383412
1687735128,385991
1687735128,401343
1687735128,405683
1687735128,411658
1687735128,416678
1687735128,424321
1687735128,436880
1687735128,441186
1687735128,445747
1687735128,460686
1687735128,465177
1687735128,481744
1687735128,486187
1687735128,492181
1687735128,500764
1687735128,520871
1687735128,526053
1687735128,530106
1687735128,532120
1687735128,532896
1687735128,558405
1687735128,566105
1687735128,575254
1687735128,578902
1687735128,598644
1687735128,600435
1687735128,606065
1687735128,624874
1687735128,629140
1687735128,633143
1687735128,638132
1687735128,652857
1687735128,662594
1687735128,673255
1687735128,678509
1687735128,681781
1687735128,682672
1687735128,683067
1687735128,683796
1687735128,688946
1687735128,692331
1687735128,697260
1687735129,363177
1687735129,364859
1687735129,375054
1687735129,375656
1687735129,375673
1687735129,376996
1687735129,377411
1687735129,384895
1687735129,388305
1687735129,391525
1687735129,399193
1687735129,399824
1687735129,404976
1687735129,407333
1687735129,413190
1687735129,423022
1687735129,426906
1687735129,443226
1687735129,451712
1687735129,455699
1687735129,457430
1687735129,457446
1687735129,464171
1687735129,479076
1687735129,486153
1687735129,491353
1687735129,504930
1687735129,520334
1687735129,521510
1687735129,541558
1687735129,545318
1687735129,561994
1687735129,562873
1687735129,564555
1687735129,580226
1687735129,594414
1687735129,596284
1687735129,604263
1687735129,615760
1687735129,617715
1687735129,627603
1687735129,631726
1687735129,640970
1687735129,647468
1687735129,651024
1687735129,651267
1687735129,657064
1687735129,659521
1687735129,668839
1687735129,675176
1687735129,675610
1687735129,677040
1687735129,682023
1687735129,685797
1687735129,688967
1687735129,692009
1687735129,693990
1687735129,694764
1687735129,700872
1687735130,361636
1687735130,366760
1687735130,367173
1687735130,373052
1687735130,373211
1687735130,374225
1687735130,376770
1687735130,377222
1687735130,381305
1687735130,385879
1687735130,390964
1687735130,396899
1687735130,397251
1687735130,398595
1687735130,404628
1687735130,426406
1687735130,439104
1687735130,447852
1687735130,454006
1687735130,476326
1687735130,476941
1687735130,479076
1687735130,479914
1687735130,496106
1687735130,516218
1687735130,517198
1687735130,519814
1687735130,539894
1687735130,546612
1687735130,546911
1687735130,550868
1687735130,557468
1687735130,581169
1687735130,583604
1687735130,598120
1687735130,621938
1687735130,622286
1687735130,627705
1687735130,635340
1687735130,640873
1687735130,648589
1687735130,653743
1687735130,669293
1687735130,672841
1687735130,676166
1687735130,679618
1687735130,680990
1687735130,683004
1687735130,684800
1687735130,684903
1687735130,685403
1687735130,687442
1687735130,693600
1687735130,696360
1687735130,701317
1687735131,361312
1687735131,364268
1687735131,370480
1687735131,380101
1687735131,380211
1687735131,383916
1687735131,389345
1687735131,398849
1687735131,411634
1687735131,417633
1687735131,418730
1687735131,421738
1687735131,435057
1687735131,445318
1687735131,457575
1687735131,459244
1687735131,475551
1687735131,480369
1687735131,483184
1687735131,491158
1687735131,499562
1687735131,510939
1687735131,514657
1687735131,518082
1687735131,533303
1687735131,538617
1687735131,551828
1687735131,581229
1687735131,587119
1687735131,587608
1687735131,618001
1687735131,619179
1687735131,633921
1687735131,647065
1687735131,649387
1687735131,665878
1687735131,667977
1687735131,676201
1687735131,683598
1687735131,687181
1687735131,690628
1687735131,691084
1687735131,692894
1687735132,366446
1687735132,366560
1687735132,367099
1687735132,370238
1687735132,371678
1687735132,372212
1687735132,378397
1687735132,385463
1687735132,391921
1687735132,393643
1687735132,404972
1687735132,408608
1687735132,410110
1687735132,410994
1687735132,419102
1687735132,434351
1687735132,439201
1687735132,442017
1687735132,454045
1687735132,472667
1687735132,477819
1687735132,501639
1687735132,503972
1687735132,507032
1687735132,518370
1687735132,537664
1687735132,537732
1687735132,548273
1687735132,558258
1687735132,576531
1687735132,580923
1687735132,584481
1687735132,596864
1687735132,600823
1687735132,607094
1687735132,608153
1687735132,612359
1687735132,618206
1687735132,632879
1687735132,642949
1687735132,651496
1687735132,653201
1687735132,660536
1687735132,667065
1687735132,673128
1687735132,674735
1687735132,677073
1687735132,677992
1687735132,678131
1687735132,686003
1687735132,686793
1687735132,693523
1687735132,694759
1687735133,361477
1687735133,363782
1687735133,366109
1687735133,370971
1687735133,376883
1687735133,377750
1687735133,387940
1687735133,388562
1687735133,396425
1687735133,406259
1687735133,406441
1687735133,417964
1687735133,430983
1687735133,434481
1687735133,435543
1687735133,435579
1687735133,464942
1687735133,473393
1687735133,494586
1687735133,502107
1687735133,506098
1687735133,514806
1687735133,532195
1687735133,554174
1687735133,554819
1687735133,560397
1687735133,568036
1687735133,570592
1687735133,574422
1687735133,596072
1687735133,600518
1687735133,610794
1687735133,611902
1687735133,613773
1687735133,613999
1687735133,629021
1687735133,647170
1687735133,649067
1687735133,662877
1687735133,665328
1687735133,674678
1687735133,683115
1687735133,685472
1687735133,686026
1687735133,690673
1687735133,692756
1687735134,366444
1687735134,366932
1687735134,367468
1687735134,367719
1687735134,367727
1687735134,376363
1687735134,377352
1687735134,377369
1687735134,381092
1687735134,390563
1687735134,393557
1687735134,402591
1687735134,412101
1687735134,414965
1687735134,429668
1687735134,432012
1687735134,455292
1687735134,463282
1687735134,475716
1687735134,489853
1687735134,495088
1687735134,497029
1687735134,500070
1687735134,507950
1687735134,509315
1687735134,529441
1687735134,530578
1687735134,534414
1687735134,541175
1687735134,562645
1687735134,573451
1687735134,574315
1687735134,598534
1687735134,610370
1687735134,610953
1687735134,632858
1687735134,633871
1687735134,646946
1687735134,658857
1687735134,662053
1687735134,670155
1687735134,673869
1687735134,678649
1687735134,679757
1687735134,680414
1687735134,684888
1687735134,685124
1687735134,687996
1687735134,688079
1687735134,690279
1687735134,693606
1687735134,698029
1687735134,698092
1687735135,365271
1687735135,367747
1687735135,373739
1687735135,374342
1687735135,381479
1687735135,384669
1687735135,384770
1687735135,388209
1687735135,403914
1687735135,411232
1687735135,424615
1687735135,427458
1687735135,430637
1687735135,445519
1687735135,447676
1687735135,456947
1687735135,457014
1687735135,472927
1687735135,489423
1687735135,504080
1687735135,527065
1687735135,527242
1687735135,530504
1687735135,543962
1687735135,562477
1687735135,594715
1687735135,595043
1687735135,595908
1687735135,609180
1687735135,621783
1687735135,627455
1687735135,628051
1687735135,628847
1687735135,629255
1687735135,634030
1687735135,645556
1687735135,662275
1687735135,664208
1687735135,667062
1687735135,668233
1687735135,672146
1687735135,679168
1687735135,680362
1687735135,686441
1687735135,687838
1687735135,698433
1687735136,360647
1687735136,363449
1687735136,365889
1687735136,377031
1687735136,381069
1687735136,387920
1687735136,388042
1687735136,393592
1687735136,397877
1687735136,400042
1687735136,405562
1687735136,406817
1687735136,417576
1687735136,420565
1687735136,450322
1687735136,466504
1687735136,471241
1687735136,481307
1687735136,484652
1687735136,485872
1687735136,486789
1687735136,506609
1687735136,507207
1687735136,509837
1687735136,524342
1687735136,524627
1687735136,550755
1687735136,551602
1687735136,573889
1687735136,586524
1687735136,589200
1687735136,589814
1687735136,613046
1687735136,620438
1687735136,642612
1687735136,647313
1687735136,647921
1687735136,656111
1687735136,660106
1687735136,669985
1687735136,672607
1687735136,674731
1687735136,682509
1687735136,682727
1687735136,688319
1687735136,690287
1687735136,691204
1687735136,691799
1687735136,698551
1687735136,701385
1687735137,365312
1687735137,365958
1687735137,368439
1687735137,372743
1687735137,375403
1687735137,376986
1687735137,378059
1687735137,383066
1687735137,386181
1687735137,395968
1687735137,398098
1687735137,398374
1687735137,421398
1687735137,426754
1687735137,439845
1687735137,444730
1687735137,447124
1687735137,448441
1687735137,449601
1687735137,479916
1687735137,481510
1687735137,488204
1687735137,512360
1687735137,512696
1687735137,518490
1687735137,523950
1687735137,544484
1687735137,547244
1687735137,554431
1687735137,555222
1687735137,558039
1687735137,569254
1687735137,586682
1687735137,587599
1687735137,608432
1687735137,609158
1687735137,609709
1687735137,615552
1687735137,618721
1687735137,647294
1687735137,648957
1687735137,650102
1687735137,652225
1687735137,670580
1687735137,671896
1687735137,682193
1687735137,682786
1687735137,683679
1687735137,686693
1687735137,687519
1687735137,690822
1687735137,693530
1687735137,695341
1687735137,696034
1687735138,360701
1687735138,367362
1687735138,369356
1687735138,371290
1687735138,373523
1687735138,376129
1687735138,379113
1687735138,383173
1687735138,388220
1687735138,390573
1687735138,404749
1687735138,419057
1687735138,429020
1687735138,436906
1687735138,439110
1687735138,461124
1687735138,464160
1687735138,476632
1687735138,484700
1687735138,502249
1687735138,505999
1687735138,524908
1687735138,541794
1687735138,546660
1687735138,548580
1687735138,561717
1687735138,561970
1687735138,579214
1687735138,589322
1687735138,611333
1687735138,628888
1687735138,635857
1687735138,642010
1687735138,646656
1687735138,655020
1687735138,665719
1687735138,672276
1687735138,675151
1687735138,678997
1687735138,680912
1687735138,685977
1687735138,686398
1687735138,687012
1687735138,687819
1687735138,688723
1687735138,693170
1687735138,697964
1687735138,700431
1687735139,364539
1687735139,365825
1687735139,366358
1687735139,368039
1687735139,377521
1687735139,382745
1687735139,383649
1687735139,386329
1687735139,389166
1687735139,407952
1687735139,408412
1687735139,413525
1687735139,414873
1687735139,421741
1687735139,424060
1687735139,441022
1687735139,463358
1687735139,465879
1687735139,471728
1687735139,483436
1687735139,503193
1687735139,523100
1687735139,540784
1687735139,542780
1687735139,565379
1687735139,577146
1687735139,581345
1687735139,584304
1687735139,586890
1687735139,606268
1687735139,611849
1687735139,624559
1687735139,641740
1687735139,662939
1687735139,666268
1687735139,668119
1687735139,685844
1687735139,686502
1687735139,692070
1687735139,692988
1687735139,694975
1687735140,362696
1687735140,363555
1687735140,363625
1687735140,376728
1687735140,377453
1687735140,378892
1687735140,382212
1687735140,383022
1687735140,410185
1687735140,426067
1687735140,431007
1687735140,431097
1687735140,439552
1687735140,454928
1687735140,459973
1687735140,465203
1687735140,471886
1687735140,495523
1687735140,502954
1687735140,505805
1687735140,519467
1687735140,522787
1687735140,531117
1687735140,533219
1687735140,533824
1687735140,563765
1687735140,569851
1687735140,575122
1687735140,600702
1687735140,603143
1687735140,621215
1687735140,632357
1687735140,634073
1687735140,638563
1687735140,654263
1687735140,662423
1687735140,666520
1687735140,677701
1687735140,678287
1687735140,679609
1687735140,681438
1687735140,685348
1687735140,687177
1687735140,688414
1687735140,688485
1687735140,700654
1687735141,358736
1687735141,364572
1687735141,373138
1687735141,374983
1687735141,377762
1687735141,379965
1687735141,386045
1687735141,389254
1687735141,397752
1687735141,400924
1687735141,407513
1687735141,410405
1687735141,415902
1687735141,431711
1687735141,431791
1687735141,441047
1687735141,442638
1687735141,456148
1687735141,458515
1687735141,461148
1687735141,477102
1687735141,498720
1687735141,500936
1687735141,526136
1687735141,526926
1687735141,535788
1687735141,560275
1687735141,560995
1687735141,565873
1687735141,577477
1687735141,593925
1687735141,598353
1687735141,601779
1687735141,604036
1687735141,606900
1687735141,634126
1687735141,636614
1687735141,648830
1687735141,652297
1687735141,662358
1687735141,664373
1687735141,674508
1687735141,675053
1687735141,677413
1687735141,681352
1687735141,687626
1687735141,691187
1687735141,693195
1687735141,702956
1687735142,359381
1687735142,366054
1687735142,367609
1687735142,369347
1687735142,373321
1687735142,373831
1687735142,374582
1687735142,375335
1687735142,381056
1687735142,391624
1687735142,393126
1687735142,395361
1687735142,396931
1687735142,397462
1687735142,401660
1687735142,418982
1687735142,426591
1687735142,449782
1687735142,451218
1687735142,478777
1687735142,486809
1687735142,492114
1687735142,493138
1687735142,495330
1687735142,501764
1687735142,513224
1687735142,535619
1687735142,539305
1687735142,552675
1687735142,581821
1687735142,589361
1687735142,603093
1687735142,612824
1687735142,630466
1687735142,631234
1687735142,636642
1687735142,653821
1687735142,655936
1687735142,656071
1687735142,669121
1687735142,672922
1687735142,683953
1687735142,684255
1687735142,684911
1687735142,685618
1687735142,687643
1687735142,688777
1687735142,689163
1687735142,693264
1687735143,357967
1687735143,366125
1687735143,366274
1687735143,375623
1687735143,381139
1687735143,383994
1687735143,385280
1687735143,397958
1687735143,398316
1687735143,414878
1687735143,416900
1687735143,417549
1687735143,418991
1687735143,434884
1687735143,454187
1687735143,476678
1687735143,478255
1687735143,482161
1687735143,483709
1687735143,514902
1687735143,515394
1687735143,521455
1687735143,522987
1687735143,536960
1687735143,548550
1687735143,554325
1687735143,579224
1687735143,583034
1687735143,592023
1687735143,596469
1687735143,617225
1687735143,621183
1687735143,625612
1687735143,627386
1687735143,646918
1687735143,651467
1687735143,658516
1687735143,663577
1687735143,666593
1687735143,674405
1687735143,674885
1687735143,684913
1687735143,685355
1687735143,686016
1687735143,690443
1687735143,693083
1687735143,701318
1687735144,358895
1687735144,360365
1687735144,361587
1687735144,365193
1687735144,369089
1687735144,373041
1687735144,375695
1687735144,377607
1687735144,389837
1687735144,390391
1687735144,390760
1687735144,392041
1687735144,401610
1687735144,407932
1687735144,414827
1687735144,416336
1687735144,421297
1687735144,423444
1687735144,444855
1687735144,453354
1687735144,456588
1687735144,470552
1687735144,474112
1687735144,476669
1687735144,481423
1687735144,486044
1687735144,493824
1687735144,508020
1687735144,519952
1687735144,520711
1687735144,523623
1687735144,549650
1687735144,555419
1687735144,576505
1687735144,578823
1687735144,581767
1687735144,592341
1687735144,595415
1687735144,613455
1687735144,618522
1687735144,620417
1687735144,645770
1687735144,653880
1687735144,661640
1687735144,669519
1687735144,670253
1687735144,674101
1687735144,682376
1687735144,686283
1687735144,687482
1687735144,691078
1687735144,691432
1687735144,691975
1687735144,699496
1687735145,362624
1687735145,365016
1687735145,365874
1687735145,372767
1687735145,384249
1687735145,394202
1687735145,397038
1687735145,406127
1687735145,412891
1687735145,438597
1687735145,440113
1687735145,441701
1687735145,467525
1687735145,471109
1687735145,492334
1687735145,505027
1687735145,508389
1687735145,511854
1687735145,527951
1687735145,543507
1687735145,544544
1687735145,548627
1687735145,552064
1687735145,573570
1687735145,576604
1687735145,577049
1687735145,605212
1687735145,610977
1687735145,613616
1687735145,625069
1687735145,641848
1687735145,650028
1687735145,651362
1687735145,652954
1687735145,657710
1687735145,670491
1687735145,674347
1687735145,675877
1687735145,679305
1687735145,680526
1687735145,682552
1687735145,682941
1687735145,686513
1687735145,688385
1687735145,691554
1687735145,692771
1687735146,359228
1687735146,360520
1687735146,365262
1687735146,367323
1687735146,369955
1687735146,372230
1687735146,374553
1687735146,382913
1687735146,384158
1687735146,389270
1687735146,390407
1687735146,398828
1687735146,405683
1687735146,406282
1687735146,406592
1687735146,408201
1687735146,412590
1687735146,430916
1687735146,438217
1687735146,440116
1687735146,457963
1687735146,467691
1687735146,468449
1687735146,490726
1687735146,498007
1687735146,501867
1687735146,503207
1687735146,504073
1687735146,531250
1687735146,531477
1687735146,553216
1687735146,563220
1687735146,593203
1687735146,594018
1687735146,602055
1687735146,614375
1687735146,631308
1687735146,635994
1687735146,646824
1687735146,658414
1687735146,664150
1687735146,666094
1687735146,676185
1687735146,678852
1687735146,689595
1687735146,690853
1687735146,691512
1687735146,693510
1687735146,696376
1687735147,363139
1687735147,366532
1687735147,371864
1687735147,371915
1687735147,376233
1687735147,379486
1687735147,381515
1687735147,386534
1687735147,406103
1687735147,428785
1687735147,428859
1687735147,430143
1687735147,433096
1687735147,441991
1687735147,464150
1687735147,466030
1687735147,468612
1687735147,504693
1687735147,528199
1687735147,533247
1687735147,534172
1687735147,547030
1687735147,560460
1687735147,566425
1687735147,566946
1687735147,567936
1687735147,569429
1687735147,569722
1687735147,571428
1687735147,602338
1687735147,604870
1687735147,606751
1687735147,626738
1687735147,628832
1687735147,631686
1687735147,637718
1687735147,639420
1687735147,657002
1687735147,657800
1687735147,658241
1687735147,659249
1687735147,662526
1687735147,667286
1687735147,668311
1687735147,672502
1687735147,683445
1687735147,684368
1687735147,685369
1687735147,686273
1687735147,687492
1687735147,688164
1687735147,691407
1687735147,697314
1687735148,360550
1687735148,365760
1687735148,368747
1687735148,369504
1687735148,369576
1687735148,375921
1687735148,380287
1687735148,381858
1687735148,384590
1687735148,387461
1687735148,399570
1687735148,407118
1687735148,418513
1687735148,422600
1687735148,435329
1687735148,439433
1687735148,447710
1687735148,453685
1687735148,458636
1687735148,467289
1687735148,483821
1687735148,484027
1687735148,490121
1687735148,497504
1687735148,502880
1687735148,506024
1687735148,522978
1687735148,528087
1687735148,528150
1687735148,530201
1687735148,534671
1687735148,556380
1687735148,568121
1687735148,581168
1687735148,596499
1687735148,598104
1687735148,607735
1687735148,611065
1687735148,627044
1687735148,631328
1687735148,639989
1687735148,663842
1687735148,677612
1687735148,682612
1687735148,683646
1687735148,683735
1687735148,688710
1687735148,692744
1687735149,363363
1687735149,365421
1687735149,374626
1687735149,374900
1687735149,376232
1687735149,376339
1687735149,376409
1687735149,378080
1687735149,384214
1687735149,389717
1687735149,392948
1687735149,398212
1687735149,398400
1687735149,406800
1687735149,416426
1687735149,424602
1687735149,425349
1687735149,445293
1687735149,449583
1687735149,455833
1687735149,459291
1687735149,466327
1687735149,481070
1687735149,484018
1687735149,489424
1687735149,506968
1687735149,518147
1687735149,519548
1687735149,543702
1687735149,547219
1687735149,559333
1687735149,559917
1687735149,560473
1687735149,566603
1687735149,582532
1687735149,592558
1687735149,593881
1687735149,605993
1687735149,617753
1687735149,619342
1687735149,625678
1687735149,629669
1687735149,641719
1687735149,642624
1687735149,648383
1687735149,649612
1687735149,649638
1687735149,655634
1687735149,658153
1687735149,670158
1687735149,674289
1687735149,676272
1687735149,677782
1687735149,679223
1687735149,681224
1687735149,684339
1687735149,687436
1687735149,689401
1687735149,691719
1687735149,694856
1687735149,700227
1687735150,361627
1687735150,366505
1687735150,373698
1687735150,373846
1687735150,377139
1687735150,377950
1687735150,380601
1687735150,395321
1687735150,396892
1687735150,398734
1687735150,428080
1687735150,441078
1687735150,445911
1687735150,452107
1687735150,455135
1687735150,477100
1687735150,479002
1687735150,481837
1687735150,498039
1687735150,514117
1687735150,519393
1687735150,521710
1687735150,541875
1687735150,548696
1687735150,555891
1687735150,579009
1687735150,585732
1687735150,599718
1687735150,620173
1687735150,623384
1687735150,625398
1687735150,636665
1687735150,642568
1687735150,649959
1687735150,651798
1687735150,666866
1687735150,670513
1687735150,673572
1687735150,675100
1687735150,675134
1687735150,678286
1687735150,682342
1687735150,685456
1687735150,686132
1687735150,687900
1687735150,693578
1687735150,697028
1687735150,701292
1687735151,361296
1687735151,363972
1687735151,367951
1687735151,370295
1687735151,379648
1687735151,380879
1687735151,384185
1687735151,385102
1687735151,388115
1687735151,397745
1687735151,406286
1687735151,410135
1687735151,412824
1687735151,417297
1687735151,423359
1687735151,436278
1687735151,437314
1687735151,443380
1687735151,459523
1687735151,473365
1687735151,481110
1687735151,482306
1687735151,492795
1687735151,508852
1687735151,512366
1687735151,514024
1687735151,519993
1687735151,535224
1687735151,540639
1687735151,544879
1687735151,544912
1687735151,553935
1687735151,583253
1687735151,584963
1687735151,585122
1687735151,615526
1687735151,615828
1687735151,617242
1687735151,619863
1687735151,635460
1687735151,645328
1687735151,651046
1687735151,668978
1687735151,670752
1687735151,678003
1687735151,681640
1687735151,683217
1687735151,686358
1687735151,689134
1687735151,690995
1687735151,693199
1687735152,359708
1687735152,366369
1687735152,366869
1687735152,367474
1687735152,369572
1687735152,370289
1687735152,372603
1687735152,372640
1687735152,379141
1687735152,384114
1687735152,390810
1687735152,392476
1687735152,406572
1687735152,409403
1687735152,410072
1687735152,411909
1687735152,420823
1687735152,437554
1687735152,440437
1687735152,452151
1687735152,455892
1687735152,470669
1687735152,475154
1687735152,475895
1687735152,501851
1687735152,503517
1687735152,520352
1687735152,535195
1687735152,535648
1687735152,546239
1687735152,574277
1687735152,577534
1687735152,582101
1687735152,582971
1687735152,598755
1687735152,602885
1687735152,606055
1687735152,613946
1687735152,614045
1687735152,614652
1687735152,619916
1687735152,634809
1687735152,641070
1687735152,649719
1687735152,652459
1687735152,654738
1687735152,661642
1687735152,665714
1687735152,671581
1687735152,673810
1687735152,678009
1687735152,678823
1687735152,678977
1687735152,685619
1687735152,686530
1687735152,687769
1687735152,691267
1687735152,692654
1687735152,695094
1687735153,361416
1687735153,364216
1687735153,365529
1687735153,367687
1687735153,376626
1687735153,377805
1687735153,387665
1687735153,389076
1687735153,398092
1687735153,404625
1687735153,405149
1687735153,429329
1687735153,431149
1687735153,433712
1687735153,436336
1687735153,437373
1687735153,438752
1687735153,457018
1687735153,462916
1687735153,475032
1687735153,496367
1687735153,499915
1687735153,503931
1687735153,516886
1687735153,534015
1687735153,539075
1687735153,542896
1687735153,556497
1687735153,556916
1687735153,568587
1687735153,570371
1687735153,572331
1687735153,597886
1687735153,598511
1687735153,608755
1687735153,611538
1687735153,613550
1687735153,630675
1687735153,635405
1687735153,640040
1687735153,645488
1687735153,650675
1687735153,663873
1687735153,671211
1687735153,675308
1687735153,682365
1687735153,684843
1687735153,685689
1687735153,686259
1687735153,689298
1687735153,691196
1687735154,364978
1687735154,367701
1687735154,368312
1687735154,371599
1687735154,376097
1687735154,376586
1687735154,379770
1687735154,380188
1687735154,392034
1687735154,394357
1687735154,401010
1687735154,410679
1687735154,412032
1687735154,416842
1687735154,427903
1687735154,434051
1687735154,446725
1687735154,453236
1687735154,460860
1687735154,477678
1687735154,487905
1687735154,494652
1687735154,497125
1687735154,497874
1687735154,509688
1687735154,511427
1687735154,527277
1687735154,532843
1687735154,536358
1687735154,544508
1687735154,558200
1687735154,560404
1687735154,575568
1687735154,576439
1687735154,600408
1687735154,605118
1687735154,608084
1687735154,612949
1687735154,630031
1687735154,630726
1687735154,648223
1687735154,657450
1687735154,661566
1687735154,663384
1687735154,680869
1687735154,680995
1687735154,684040
1687735154,685340
1687735154,687268
1687735154,687682
1687735154,690689
1687735154,693382
1687735154,697649
1687735154,697715
1687735155,364987
1687735155,366912
1687735155,367250
1687735155,372136
1687735155,373423
1687735155,374640
1687735155,382714
1687735155,383358
1687735155,385090
1687735155,385537
1687735155,389304
1687735155,402680
1687735155,413077
1687735155,413102
1687735155,422739
1687735155,425639
1687735155,432640
1687735155,449656
1687735155,454938
1687735155,455011
1687735155,467760
1687735155,474804
1687735155,491479
1687735155,514303
1687735155,524863
1687735155,524882
1687735155,532486
1687735155,545859
1687735155,560310
1687735155,567387
1687735155,592961
1687735155,593787
1687735155,596366
1687735155,619734
1687735155,625485
1687735155,626781
1687735155,629626
1687735155,630816
1687735155,631866
1687735155,647273
1687735155,657799
1687735155,663872
1687735155,665196
1687735155,665707
1687735155,669329
1687735155,678438
1687735155,679284
1687735155,681193
1687735155,686916
1687735155,687460
1687735155,693943
1687735155,698297
1687735156,360752
1687735156,363128
1687735156,365741
1687735156,372388
1687735156,377979
1687735156,380205
1687735156,386999
1687735156,388652
1687735156,394917
1687735156,399048
1687735156,399379
1687735156,407637
1687735156,408544
1687735156,416143
1687735156,418716
1687735156,423428
1687735156,452403
1687735156,468632
1687735156,473377
1687735156,479207
1687735156,482675
1687735156,488102
1687735156,488681
1687735156,508624
1687735156,509208
1687735156,511802
1687735156,521614
1687735156,522552
1687735156,548455
1687735156,553265
1687735156,553639
1687735156,575972
1687735156,584390
1687735156,587635
1687735156,591147
1687735156,614842
1687735156,618290
1687735156,649230
1687735156,654380
1687735156,661202
1687735156,671125
1687735156,671850
1687735156,674100
1687735156,683139
1687735156,683207
1687735156,687961
1687735156,690549
1687735156,691115
1687735156,691574
1687735156,698069
1687735156,701316
1687735157,359896
1687735157,365727
1687735157,366086
1687735157,371973
1687735157,373057
1687735157,373634
1687735157,375960
1687735157,376381
1687735157,377807
1687735157,383639
1687735157,385231
1687735157,394890
1687735157,396713
1687735157,399492
1687735157,419726
1687735157,428712
1687735157,438057
1687735157,446490
1687735157,446741
1687735157,447691
1687735157,477763
1687735157,479609
1687735157,490089
1687735157,510642
1687735157,516594
1687735157,525853
1687735157,542506
1687735157,549420
1687735157,552123
1687735157,571414
1687735157,585034
1687735157,588873
1687735157,591162
1687735157,610037
1687735157,611106
1687735157,613405
1687735157,620340
1687735157,644172
1687735157,645722
1687735157,648543
1687735157,650118
1687735157,650666
1687735157,671501
1687735157,672384
1687735157,680442
1687735157,681972
1687735157,682185
1687735157,682987
1687735157,693528
1687735157,695347
1687735157,695734
1687735158,367904
1687735158,368556
1687735158,371914
1687735158,372854
1687735158,376544
1687735158,379465
1687735158,384293
1687735158,389396
1687735158,389567
1687735158,416053
1687735158,417502
1687735158,430699
1687735158,436924
1687735158,439052
1687735158,461208
1687735158,463208
1687735158,466178
1687735158,474474
1687735158,486745
1687735158,500336
1687735158,503892
1687735158,526882
1687735158,539994
1687735158,544527
1687735158,550641
1687735158,564074
1687735158,576898
1687735158,591406
1687735158,607559
1687735158,609381
1687735158,630751
1687735158,637371
1687735158,643516
1687735158,644645
1687735158,656462
1687735158,661496
1687735158,664537
1687735158,668882
1687735158,673330
1687735158,673897
1687735158,678504
1687735158,686141
1687735158,686820
1687735158,687987
1687735158,693710
1687735158,698607
1687735158,700500
1687735159,364355
1687735159,365840
1687735159,366140
1687735159,368652
1687735159,377103
1687735159,382212
1687735159,383726
1687735159,387658
1687735159,388171
1687735159,406374
1687735159,406486
1687735159,409663
1687735159,412075
1687735159,413255
1687735159,423819
1687735159,425812
1687735159,439019
1687735159,463679
1687735159,465309
1687735159,469556
1687735159,485520
1687735159,500004
1687735159,501283
1687735159,524960
1687735159,538755
1687735159,544909
1687735159,560373
1687735159,564238
1687735159,567459
1687735159,574819
1687735159,586271
1687735159,589073
1687735159,604238
1687735159,609635
1687735159,626142
1687735159,640005
1687735159,659186
1687735159,666850
1687735159,667371
1687735159,686169
1687735159,686578
1687735159,692964
1687735159,694293
1687735160,361784
1687735160,363279
1687735160,363556
1687735160,372196
1687735160,376759
1687735160,377143
1687735160,377870
1687735160,380550
1687735160,381931
1687735160,383218
1687735160,408686
1687735160,416440
1687735160,424258
1687735160,429248
1687735160,429320
1687735160,441510
1687735160,462139
1687735160,463199
1687735160,469985
1687735160,493475
1687735160,500940
1687735160,507621
1687735160,521553
1687735160,524839
1687735160,529224
1687735160,531347
1687735160,535651
1687735160,561602
1687735160,562712
1687735160,567615
1687735160,572883
1687735160,579088
1687735160,602520
1687735160,604991
1687735160,622842
1687735160,630427
1687735160,632056
1687735160,640193
1687735160,655789
1687735160,663425
1687735160,664740
1687735160,677588
1687735160,678643
1687735160,680488
1687735160,680628
1687735160,682141
1687735160,685279
1687735160,687007
1687735160,687856
1687735160,688746
1687735160,692979
1687735160,700827
1687735161,359064
1687735161,364048
1687735161,372656
1687735161,375954
1687735161,377127
1687735161,384951
1687735161,390544
1687735161,392074
1687735161,396245
1687735161,399124
1687735161,399388
1687735161,408864
1687735161,417623
1687735161,429990
1687735161,442956
1687735161,444487
1687735161,453821
1687735161,458886
1687735161,460557
1687735161,479079
1687735161,488749
1687735161,496453
1687735161,502872
1687735161,525049
1687735161,538083
1687735161,558206
1687735161,563037
1687735161,563854
1687735161,579662
1687735161,592015
1687735161,596386
1687735161,600014
1687735161,604909
1687735161,605754
1687735161,617049
1687735161,631983
1687735161,638429
1687735161,643151
1687735161,650224
1687735161,653652
1687735161,660993
1687735161,665738
1687735161,674196
1687735161,675129
1687735161,678204
1687735161,678460
1687735161,683315
1687735161,687036
1687735161,691536
1687735161,693134
1687735161,702686
1687735162,359515
1687735162,366927
1687735162,367959
1687735162,369068
1687735162,373564
1687735162,374093
1687735162,374808
1687735162,380450
1687735162,392925
1687735162,394288
1687735162,395374
1687735162,397177
1687735162,400229
1687735162,420851
1687735162,425036
1687735162,433991
1687735162,447596
1687735162,449335
1687735162,480727
1687735162,493049
1687735162,493352
1687735162,495130
1687735162,503812
1687735162,515048
1687735162,523864
1687735162,537704
1687735162,541422
1687735162,550541
1687735162,583704
1687735162,587333
1687735162,604959
1687735162,614941
1687735162,628738
1687735162,629031
1687735162,638262
1687735162,652146
1687735162,653868
1687735162,654241
1687735162,654323
1687735162,670287
1687735162,673749
1687735162,684437
1687735162,685066
1687735162,685285
1687735162,687318
1687735162,688708
1687735162,689487
1687735162,693697
1687735163,358130
1687735163,365627
1687735163,366427
1687735163,375484
1687735163,376132
1687735163,382083
1687735163,384672
1687735163,385208
1687735163,397327
1687735163,399182
1687735163,415229
1687735163,417156
1687735163,419434
1687735163,436928
1687735163,443570
1687735163,452339
1687735163,457035
1687735163,478749
1687735163,479778
1687735163,480199
1687735163,481462
1687735163,489819
1687735163,516747
1687735163,517061
1687735163,519097
1687735163,520720
1687735163,522119
1687735163,538924
1687735163,550519
1687735163,552124
1687735163,581389
1687735163,589844
1687735163,598147
1687735163,615205
1687735163,619332
1687735163,623803
1687735163,628896
1687735163,648726
1687735163,656767
1687735163,664621
1687735163,667443
1687735163,673078
1687735163,673941
1687735163,684371
1687735163,685490
1687735163,686089
1687735163,692699
1687735163,701527
1687735164,359247
1687735164,359703
1687735164,365305
1687735164,369727
1687735164,372319
1687735164,377053
1687735164,378906
1687735164,388801
1687735164,389199
1687735164,389391
1687735164,402981
1687735164,409984
1687735164,414655
1687735164,416454
1687735164,419602
1687735164,442866
1687735164,449075
1687735164,455342
1687735164,458627
1687735164,472146
1687735164,472780
1687735164,474528
1687735164,487965
1687735164,495808
1687735164,505927
1687735164,516227
1687735164,517921
1687735164,518641
1687735164,542745
1687735164,547356
1687735164,557640
1687735164,576770
1687735164,578653
1687735164,579681
1687735164,597394
1687735164,611303
1687735164,615735
1687735164,620354
1687735164,644215
1687735164,652259
1687735164,653002
1687735164,662657
1687735164,668532
1687735164,675125
1687735164,682773
1687735164,686024
1687735164,690628
1687735164,690746
1687735164,690787
1687735164,692756
1687735164,699503
1687735165,362683
1687735165,364685
1687735165,366814
1687735165,372270
1687735165,385191
1687735165,393173
1687735165,398293
1687735165,404649
1687735165,404788
1687735165,411597
1687735165,433026
1687735165,437115
1687735165,437921
1687735165,454204
1687735165,468900
1687735165,469430
1687735165,494483
1687735165,496583
1687735165,499735
1687735165,506130
1687735165,513880
1687735165,529827
1687735165,541596
1687735165,542051
1687735165,546529
1687735165,554208
1687735165,574305
1687735165,574698
1687735165,575696
1687735165,594440
1687735165,611576
1687735165,612608
1687735165,640232
1687735165,649877
1687735165,651713
1687735165,654084
1687735165,662923
1687735165,669344
1687735165,671574
1687735165,674287
1687735165,675326
1687735165,678873
1687735165,682169
1687735165,686922
1687735165,688339
1687735165,691528
1687735165,692641
1687735165,694368
1687735166,359494
1687735166,360389
1687735166,366177
1687735166,367811
1687735166,371628
1687735166,374365
1687735166,381823
1687735166,390258
1687735166,391719
1687735166,400056
1687735166,404553
1687735166,432810
1687735166,436189
1687735166,438177
1687735166,443872
1687735166,455961
1687735166,465806
1687735166,470365
1687735166,492620
1687735166,501202
1687735166,506678
1687735166,529418
1687735166,533267
1687735166,549091
1687735166,555192
1687735166,565762
1687735166,595030
1687735166,596098
1687735166,600190
1687735166,612346
1687735166,626756
1687735166,633139
1687735166,634035
1687735166,648252
1687735166,657280
1687735166,659841
1687735166,664840
1687735166,677376
1687735166,680163
1687735166,688525
1687735166,690614
1687735166,691740
1687735166,693247
1687735166,696156
1687735167,362937
1687735167,364521
1687735167,366780
1687735167,371909
1687735167,377124
1687735167,377996
1687735167,379468
1687735167,381364
1687735167,383290
1687735167,387491
1687735167,404912
1687735167,427016
1687735167,430547
1687735167,431549
1687735167,431931
1687735167,443901
1687735167,462032
1687735167,463855
1687735167,470526
1687735167,495467
1687735167,530333
1687735167,531863
1687735167,564684
1687735167,565965
1687735167,567418
1687735167,568634
1687735167,569205
1687735167,571777
1687735167,593007
1687735167,600304
1687735167,602797
1687735167,608588
1687735167,630593
1687735167,635910
1687735167,640806
1687735167,655154
1687735167,659011
1687735167,660625
1687735167,667363
1687735167,668305
1687735167,684393
1687735167,684393
1687735167,685019
1687735167,685679
1687735167,688624
1687735167,691449
1687735167,697362
1687735168,360932
1687735168,365388
1687735168,368644
1687735168,368846
1687735168,376719
1687735168,376835
1687735168,380769
1687735168,383570
1687735168,385753
1687735168,397772
1687735168,408605
1687735168,420379
1687735168,420907
1687735168,433785
1687735168,449664
1687735168,456596
1687735168,469388
1687735168,481857
1687735168,488067
1687735168,490751
1687735168,504967
1687735168,507969
1687735168,525117
1687735168,526172
1687735168,528278
1687735168,530134
1687735168,536491
1687735168,554345
1687735168,570128
1687735168,594322
1687735168,595814
1687735168,609395
1687735168,616365
1687735168,620974
1687735168,624940
1687735168,628616
1687735168,629494
1687735168,641817
1687735168,654861
1687735168,665044
1687735168,671795
1687735168,676682
1687735168,681398
1687735168,683372
1687735168,683464
1687735168,684177
1687735168,688431
1687735168,693148
1687735168,693851
1687735168,699496
1687735169,363564
1687735169,366052
1687735169,374815
1687735169,375300
1687735169,379184
1687735169,391201
1687735169,394452
1687735169,396989
1687735169,397240
1687735169,408665
1687735169,414921
1687735169,423803
1687735169,426204
1687735169,447376
1687735169,447452
1687735169,451688
1687735169,454246
1687735169,468448
1687735169,481902
1687735169,483032
1687735169,487513
1687735169,508935
1687735169,515977
1687735169,517607
1687735169,545878
1687735169,549147
1687735169,557813
1687735169,558081
1687735169,568645
1687735169,584834
1687735169,590721
1687735169,591489
1687735169,607729
1687735169,612904
1687735169,623758
1687735169,627570
1687735169,644290
1687735169,645564
1687735169,647972
1687735169,648199
1687735169,649280
1687735169,654174
1687735169,656759
1687735169,671449
1687735169,673405
1687735169,676936
1687735169,678502
1687735169,680378
1687735169,687392
1687735169,689815
1687735169,691423
1687735169,694912
1687735170,361649
1687735170,366290
1687735170,372672
1687735170,373074
1687735170,373678
1687735170,374364
1687735170,374524
1687735170,377618
1687735170,378760
1687735170,379935
1687735170,393224
1687735170,393756
1687735170,395221
1687735170,400217
1687735170,429777
1687735170,439573
1687735170,443074
1687735170,443981
1687735170,450284
1687735170,461189
1687735170,475118
1687735170,481083
1687735170,483750
1687735170,499951
1687735170,512012
1687735170,521598
1687735170,523617
1687735170,543905
1687735170,546572
1687735170,553779
1687735170,561228
1687735170,576849
1687735170,587855
1687735170,601307
1687735170,618046
1687735170,623157
1687735170,624845
1687735170,637940
1687735170,644275
1687735170,649828
1687735170,651365
1687735170,669944
1687735170,671690
1687735170,673985
1687735170,674332
1687735170,676896
1687735170,681697
1687735170,683890
1687735170,685945
1687735170,686854
1687735170,688304
1687735170,693544
1687735170,697642
1687735170,701191
1687735171,363715
1687735171,368782
1687735171,370183
1687735171,379063
1687735171,381684
1687735171,385323
1687735171,386343
1687735171,386897
1687735171,396633
1687735171,407966
1687735171,408685
1687735171,411134
1687735171,414488
1687735171,415877
1687735171,424992
1687735171,441436
1687735171,461515
1687735171,463141
1687735171,471197
1687735171,479000
1687735171,484280
1687735171,494453
1687735171,506772
1687735171,511874
1687735171,521946
1687735171,537183
1687735171,542709
1687735171,542966
1687735171,556027
1687735171,582612
1687735171,582784
1687735171,585284
1687735171,613847
1687735171,615333
1687735171,621767
1687735171,636941
1687735171,643594
1687735171,652629
1687735171,662726
1687735171,667811
1687735171,674055
1687735171,682268
1687735171,682820
1687735171,685683
1687735171,688351
1687735171,689545
1687735171,690940
1687735171,693517
1687735172,359731
1687735172,366156
1687735172,367332
1687735172,367872
1687735172,368962
1687735172,369658
1687735172,373040
1687735172,373651
1687735172,376286
1687735172,379883
1687735172,382802
1687735172,389721
1687735172,391383
1687735172,407782
1687735172,408171
1687735172,411556
1687735172,413763
1687735172,414557
1687735172,422565
1687735172,435919
1687735172,438258
1687735172,438865
1687735172,457747
1687735172,468643
1687735172,473983
1687735172,477291
1687735172,499751
1687735172,505418
1687735172,522320
1687735172,532669
1687735172,533645
1687735172,544151
1687735172,558863
1687735172,562478
1687735172,572040
1687735172,579565
1687735172,579759
1687735172,585031
1687735172,600633
1687735172,603960
1687735172,604945
1687735172,615560
1687735172,621612
1687735172,636675
1687735172,639151
1687735172,647888
1687735172,652272
1687735172,653640
1687735172,656300
1687735172,662434
1687735172,664306
1687735172,669973
1687735172,672848
1687735172,678882
1687735172,679538
1687735172,679863
1687735172,685232
1687735172,686241
1687735172,690692
1687735172,691647
1687735172,691744
1687735172,695443
1687735173,364724
1687735173,364975
1687735173,377889
1687735173,386789
1687735173,390184
1687735173,399822
1687735173,402983
1687735173,403900
1687735173,427706
1687735173,431875
1687735173,436685
1687735173,438198
1687735173,439225
1687735173,460949
1687735173,476642
1687735173,497720
1687735173,498179
1687735173,501772
1687735173,518916
1687735173,535834
1687735173,536954
1687735173,541258
1687735173,559064
1687735173,566625
1687735173,570217
1687735173,572735
1687735173,596503
1687735173,599690
1687735173,606720
1687735173,609288
1687735173,632271
1687735173,638191
1687735173,643699
1687735173,663631
1687735173,675942
1687735173,681546
1687735173,684174
1687735173,684698
1687735173,685561
1687735173,686478
1687735173,689254
1687735173,693158
1687735174,367666
1687735174,367935
1687735174,368934
1687735174,370427
1687735174,375865
1687735174,379317
1687735174,380191
1687735174,393524
1687735174,395210
1687735174,399407
1687735174,409212
1687735174,409964
1687735174,413682
1687735174,418713
1687735174,423801
1687735174,426111
1687735174,436088
1687735174,448923
1687735174,458470
1687735174,479647
1687735174,485997
1687735174,492287
1687735174,495673
1687735174,499144
1687735174,513560
1687735174,525094
1687735174,535096
1687735174,538315
1687735174,546648
1687735174,556010
1687735174,578601
1687735174,602272
1687735174,605810
1687735174,628594
1687735174,629667
1687735174,631213
1687735174,636943
1687735174,649487
1687735174,656036
1687735174,660200
1687735174,664713
1687735174,672225
1687735174,679684
1687735174,681502
1687735174,681972
1687735174,683177
1687735174,686491
1687735174,687269
1687735174,691049
1687735174,693164
1687735174,697279
1687735175,366140
1687735175,372509
1687735175,375574
1687735175,382054
1687735175,384027
1687735175,384610
1687735175,385423
1687735175,390436
1687735175,401474
1687735175,414966
1687735175,420829
1687735175,434642
1687735175,451639
1687735175,452892
1687735175,465588
1687735175,476627
1687735175,493501
1687735175,511403
1687735175,522543
1687735175,522636
1687735175,534458
1687735175,547744
1687735175,558134
1687735175,577667
1687735175,590872
1687735175,591655
1687735175,597960
1687735175,614867
1687735175,617708
1687735175,623523
1687735175,624718
1687735175,631176
1687735175,632405
1687735175,648958
1687735175,656820
1687735175,664260
1687735175,665435
1687735175,666175
1687735175,670378
1687735175,677662
1687735175,682026
1687735175,687061
1687735175,687394
1687735175,687608
1687735175,698145
1687735176,360923
1687735176,361334
1687735176,362845
1687735176,365645
1687735176,372829
1687735176,378943
1687735176,379333
1687735176,386096
1687735176,389246
1687735176,396239
1687735176,398049
1687735176,400928
1687735176,410322
1687735176,414717
1687735176,416912
1687735176,453121
1687735176,454480
1687735176,470731
1687735176,475491
1687735176,477128
1687735176,480723
1687735176,490351
1687735176,490575
1687735176,510646
1687735176,513769
1687735176,514664
1687735176,519888
1687735176,520449
1687735176,523410
1687735176,546219
1687735176,551274
1687735176,555690
1687735176,578047
1687735176,582253
1687735176,585432
1687735176,593055
1687735176,616121
1687735176,616632
1687735176,616985
1687735176,643856
1687735176,650539
1687735176,652656
1687735176,662258
1687735176,671088
1687735176,672272
1687735176,673380
1687735176,683654
1687735176,683718
1687735176,683738
1687735176,690798
1687735176,691943
1687735176,697529
1687735176,701228
1687735177,366168
1687735177,366194
1687735177,371241
1687735177,372586
1687735177,374904
1687735177,377409
1687735177,377582
1687735177,384226
1687735177,384304
1687735177,393850
1687735177,395345
1687735177,400634
1687735177,401418
1687735177,418124
1687735177,430670
1687735177,436341
1687735177,444547
1687735177,445724
1687735177,448744
1687735177,451017
1687735177,475634
1687735177,477710
1687735177,490674
1687735177,491699
1687735177,491984
1687735177,501778
1687735177,508574
1687735177,527726
1687735177,540550
1687735177,551584
1687735177,573568
1687735177,582473
1687735177,591027
1687735177,593617
1687735177,611338
1687735177,611626
1687735177,613054
1687735177,619710
1687735177,621985
1687735177,644155
1687735177,645698
1687735177,646965
1687735177,649083
1687735177,651309
1687735177,669137
1687735177,670936
1687735177,672407
1687735177,672877
1687735177,680011
1687735177,680660
1687735177,681119
1687735177,691385
1687735177,693456
1687735177,695357
1687735177,695368
1687735178,359171
1687735178,367531
1687735178,367786
1687735178,368472
1687735178,372178
1687735178,376985
1687735178,379859
1687735178,385470
1687735178,388611
1687735178,390655
1687735178,407118
1687735178,415953
1687735178,432431
1687735178,434736
1687735178,441229
1687735178,465333
1687735178,468141
1687735178,472275
1687735178,488800
1687735178,498440
1687735178,498569
1687735178,528851
1687735178,538171
1687735178,542379
1687735178,552686
1687735178,566416
1687735178,574581
1687735178,576817
1687735178,593434
1687735178,597120
1687735178,605416
1687735178,607403
1687735178,632550
1687735178,638873
1687735178,642595
1687735178,645009
1687735178,657876
1687735178,661386
1687735178,663344
1687735178,667477
1687735178,672599
1687735178,674360
1687735178,677981
1687735178,686328
1687735178,687191
1687735178,688181
1687735178,694198
1687735178,699230
1687735178,700534
1687735179,364240
1687735179,364458
1687735179,365874
1687735179,365937
1687735179,369300
1687735179,372837
1687735179,376700
1687735179,380831
1687735179,380855
1687735179,384721
1687735179,387144
1687735179,389040
1687735179,404813
1687735179,408243
1687735179,410668
1687735179,410964
1687735179,411664
1687735179,421218
1687735179,425874
1687735179,427594
1687735179,437022
1687735179,461505
1687735179,467289
1687735179,467404
1687735179,468079
1687735179,487623
1687735179,499346
1687735179,502022
1687735179,510131
1687735179,520673
1687735179,526822
1687735179,536705
1687735179,547036
1687735179,566481
1687735179,569580
1687735179,570607
1687735179,572499
1687735179,588188
1687735179,591249
1687735179,602199
1687735179,604314
1687735179,607426
1687735179,614647
1687735179,627658
1687735179,638242
1687735179,660017
1687735179,660592
1687735179,665525
1687735179,668497
1687735179,679545
1687735179,679627
1687735179,685839
1687735179,687265
1687735179,693481
1687735179,693591
1687735179,693781
1687735180,360930
1687735180,363566
1687735180,372579
1687735180,376786
1687735180,376836
1687735180,376853
1687735180,390327
1687735180,407154
1687735180,410245
1687735180,418063
1687735180,422481
1687735180,427499
1687735180,427597
1687735180,443445
1687735180,461190
1687735180,464283
1687735180,475982
1687735180,491455
1687735180,498913
1687735180,509407
1687735180,523651
1687735180,526879
1687735180,527298
1687735180,529461
1687735180,537485
1687735180,559499
1687735180,564992
1687735180,565407
1687735180,574898
1687735180,606828
1687735180,624508
1687735180,628441
1687735180,629986
1687735180,640244
1687735180,641776
1687735180,648871
1687735180,657347
1687735180,662979
1687735180,664395
1687735180,676797
1687735180,681356
1687735180,682828
1687735180,685184
1687735180,686816
1687735180,687175
1687735180,689062
1687735180,700953
1687735181,359477
1687735181,362920
1687735181,363586
1687735181,369248
1687735181,372180
1687735181,375852
1687735181,376495
1687735181,376945
1687735181,381117
1687735181,383864
1687735181,391873
1687735181,394833
1687735181,397887
1687735181,400848
1687735181,419363
1687735181,428303
1687735181,440425
1687735181,441643
1687735181,444839
1687735181,446346
1687735181,451166
1687735181,451483
1687735181,456610
1687735181,459110
1687735181,462590
1687735181,481032
1687735181,487525
1687735181,494241
1687735181,504771
1687735181,523208
1687735181,540381
1687735181,543524
1687735181,543665
1687735181,558204
1687735181,561799
1687735181,565069
1687735181,581797
1687735181,590103
1687735181,594448
1687735181,598233
1687735181,602865
1687735181,607477
1687735181,615198
1687735181,618577
1687735181,629810
1687735181,639504
1687735181,644550
1687735181,651533
1687735181,654974
1687735181,659574
1687735181,667063
1687735181,673308
1687735181,675758
1687735181,677129
1687735181,679475
1687735181,679837
1687735181,682376
1687735181,686505
1687735181,691852
1687735181,692987
1687735181,702351
1687735182,359715
1687735182,364743
1687735182,366588
1687735182,367568
1687735182,367882
1687735182,368367
1687735182,368829
1687735182,372864
1687735182,379854
1687735182,393840
1687735182,394249
1687735182,395457
1687735182,398870
1687735182,398993
1687735182,422734
1687735182,423538
1687735182,436242
1687735182,445390
1687735182,447479
1687735182,482673
1687735182,491405
1687735182,497128
1687735182,516714
1687735182,516897
1687735182,521606
1687735182,539834
1687735182,548387
1687735182,565483
1687735182,583525
1687735182,585275
1687735182,585596
1687735182,606787
1687735182,617049
1687735182,626875
1687735182,626960
1687735182,639860
1687735182,650425
1687735182,652417
1687735182,652689
1687735182,671428
1687735182,674542
1687735182,682308
1687735182,684451
1687735182,684887
1687735182,685647
1687735182,686978
1687735182,688627
1687735182,689814
1687735182,694102
1687735183,358313
1687735183,361435
1687735183,365078
1687735183,374590
1687735183,376619
1687735183,382983
1687735183,384072
1687735183,386439
1687735183,396353
1687735183,400461
1687735183,413562
1687735183,415317
1687735183,421337
1687735183,438953
1687735183,450461
1687735183,458924
1687735183,477439
1687735183,479237
1687735183,480824
1687735183,482142
1687735183,518462
1687735183,518582
1687735183,518699
1687735183,540900
1687735183,549939
1687735183,552521
1687735183,587622
1687735183,599826
1687735183,613170
1687735183,617471
1687735183,618051
1687735183,622042
1687735183,630439
1687735183,650491
1687735183,654954
1687735183,665633
1687735183,667582
1687735183,668275
1687735183,671703
1687735183,672935
1687735183,683835
1687735183,686785
1687735183,692331
1687735183,697156
1687735183,701729
1687735184,359108
1687735184,359663
1687735184,365485
1687735184,370378
1687735184,371650
1687735184,378439
1687735184,380227
1687735184,387646
1687735184,387821
1687735184,388423
1687735184,404357
1687735184,409716
1687735184,410279
1687735184,412064
1687735184,413013
1687735184,417916
1687735184,418075
1687735184,440907
1687735184,457354
1687735184,460682
1687735184,470255
1687735184,472445
1687735184,474996
1687735184,489871
1687735184,497761
1687735184,503862
1687735184,511204
1687735184,515930
1687735184,516546
1687735184,518148
1687735184,540598
1687735184,545092
1687735184,549746
1687735184,559889
1687735184,574727
1687735184,577655
1687735184,580760
1687735184,596484
1687735184,599305
1687735184,609120
1687735184,617434
1687735184,622210
1687735184,642533
1687735184,650580
1687735184,654508
1687735184,663655
1687735184,676069
1687735184,678453
1687735184,682282
1687735184,683188
1687735184,685777
1687735184,690088
1687735184,690410
1687735184,690786
1687735184,693449
1687735184,699501
1687735185,362784
1687735185,364384
1687735185,367846
1687735185,371827
1687735185,373257
1687735185,386152
1687735185,392197
1687735185,399610
1687735185,403167
1687735185,403311
1687735185,425113
1687735185,434911
1687735185,435637
1687735185,435785
1687735185,456294
1687735185,466703
1687735185,471336
1687735185,496589
1687735185,497584
1687735185,503881
1687735185,515899
1687735185,531703
1687735185,539491
1687735185,539666
1687735185,544406
1687735185,556347
1687735185,572058
1687735185,572360
1687735185,577805
1687735185,614196
1687735185,638564
1687735185,648360
1687735185,653350
1687735185,655205
1687735185,667909
1687735185,672632
1687735185,672685
1687735185,676267
1687735185,681727
1687735185,687300
1687735185,688257
1687735185,691488
1687735185,692457
1687735186,359785
1687735186,360274
1687735186,367154
1687735186,368342
1687735186,371025
1687735186,374134
1687735186,380797
1687735186,391268
1687735186,393089
1687735186,401297
1687735186,403474
1687735186,434210
1687735186,434735
1687735186,436226
1687735186,446055
1687735186,453962
1687735186,463968
1687735186,472339
1687735186,494503
1687735186,499197
1687735186,508651
1687735186,527366
1687735186,535271
1687735186,551134
1687735186,557177
1687735186,565130
1687735186,568299
1687735186,596825
1687735186,598138
1687735186,598314
1687735186,610285
1687735186,610372
1687735186,628423
1687735186,632022
1687735186,634978
1687735186,642147
1687735186,649618
1687735186,661272
1687735186,661673
1687735186,663549
1687735186,676738
1687735186,681413
1687735186,683234
1687735186,687401
1687735186,690362
1687735186,691918
1687735186,695173
1687735186,695880
1687735187,362815
1687735187,364143
1687735187,367046
1687735187,371941
1687735187,376615
1687735187,377587
1687735187,378019
1687735187,381207
1687735187,382444
1687735187,388447
1687735187,403723
1687735187,411743
1687735187,416030
1687735187,425172
1687735187,430003
1687735187,432350
1687735187,433786
1687735187,445863
1687735187,459900
1687735187,461660
1687735187,472399
1687735187,493448
1687735187,526360
1687735187,529547
1687735187,532460
1687735187,562450
1687735187,563986
1687735187,566973
1687735187,570860
1687735187,574129
1687735187,594798
1687735187,598254
1687735187,600450
1687735187,614732
1687735187,632316
1687735187,634122
1687735187,656306
1687735187,660197
1687735187,664719
1687735187,666413
1687735187,669309
1687735187,683349
1687735187,684084
1687735187,685135
1687735187,685655
1687735187,688131
1687735187,689005
1687735187,691499
1687735188,361350
1687735188,365015
1687735188,367806
1687735188,368962
1687735188,378652
1687735188,379732
1687735188,382950
1687735188,384195
1687735188,386891
1687735188,395999
1687735188,410137
1687735188,419241
1687735188,422279
1687735188,432272
1687735188,449688
1687735188,451600
1687735188,454582
1687735188,471466
1687735188,479712
1687735188,486008
1687735188,488487
1687735188,505845
1687735188,507015
1687735188,509894
1687735188,524164
1687735188,527270
1687735188,532228
1687735188,538393
1687735188,552295
1687735188,572150
1687735188,592148
1687735188,593556
1687735188,611096
1687735188,622851
1687735188,627591
1687735188,630438
1687735188,643586
1687735188,653303
1687735188,655866
1687735188,671117
1687735188,675716
1687735188,684869
1687735188,685029
1687735188,693504
1687735188,693713
1687735189,363759
1687735189,366718
1687735189,372622
1687735189,374284
1687735189,374774
1687735189,380285
1687735189,392763
1687735189,395583
1687735189,396032
1687735189,396279
1687735189,410549
1687735189,413446
1687735189,422245
1687735189,427831
1687735189,445337
1687735189,449488
1687735189,470552
1687735189,473135
1687735189,479807
1687735189,484974
1687735189,485628
1687735189,510890
1687735189,513816
1687735189,515677
1687735189,548084
1687735189,551047
1687735189,555689
1687735189,556135
1687735189,570647
1687735189,587088
1687735189,588875
1687735189,589109
1687735189,609424
1687735189,615923
1687735189,621822
1687735189,622650
1687735189,625415
1687735189,645988
1687735189,646280
1687735189,646759
1687735189,650174
1687735189,655379
1687735189,672491
1687735189,672706
1687735189,677609
1687735189,679193
1687735189,679482
1687735189,687327
1687735189,690240
1687735189,691092
1687735190,361402
1687735190,361708
1687735190,366112
1687735190,369659
1687735190,372537
1687735190,375060
1687735190,375225
1687735190,375819
1687735190,377501
1687735190,379288
1687735190,392202
1687735190,393603
1687735190,394426
1687735190,401743
1687735190,431515
1687735190,442072
1687735190,445079
1687735190,448519
1687735190,483167
1687735190,485657
1687735190,501851
1687735190,509907
1687735190,523832
1687735190,525521
1687735190,544498
1687735190,545974
1687735190,551682
1687735190,574709
1687735190,589952
1687735190,602885
1687735190,620928
1687735190,621626
1687735190,626312
1687735190,639176
1687735190,645979
1687735190,647874
1687735190,668752
1687735190,670869
1687735190,672806
1687735190,672821
1687735190,675107
1687735190,675450
1687735190,681083
1687735190,683452
1687735190,684885
1687735190,686417
1687735190,687577
1687735190,693499
1687735190,698198
1687735190,701047
1687735191,363502
1687735191,370160
1687735191,378476
1687735191,382558
1687735191,385719
1687735191,386492
1687735191,387646
1687735191,395506
1687735191,407267
1687735191,409452
1687735191,412977
1687735191,414442
1687735191,426630
1687735191,439495
1687735191,441848
1687735191,463541
1687735191,465071
1687735191,469031
1687735191,486233
1687735191,504700
1687735191,507912
1687735191,509731
1687735191,523932
1687735191,541078
1687735191,544767
1687735191,558112
1687735191,580062
1687735191,587287
1687735191,611854
1687735191,613405
1687735191,623724
1687735191,638400
1687735191,641845
1687735191,654195
1687735191,682382
1687735191,682837
1687735191,684987
1687735191,688920
1687735191,689925
1687735191,690909
1687735191,693882
1687735192,359778
1687735192,365944
1687735192,367811
1687735192,368386
1687735192,369054
1687735192,372663
1687735192,373482
1687735192,374706
1687735192,375929
1687735192,380622
1687735192,381534
1687735192,388639
1687735192,406160
1687735192,409759
1687735192,413066
1687735192,415665
1687735192,424306
1687735192,434274
1687735192,437316
1687735192,459615
1687735192,466584
1687735192,472056
1687735192,479452
1687735192,497665
1687735192,507301
1687735192,524302
1687735192,530168
1687735192,531668
1687735192,542089
1687735192,561238
1687735192,564592
1687735192,569776
1687735192,577445
1687735192,581570
1687735192,587114
1687735192,601852
1687735192,602458
1687735192,607025
1687735192,617235
1687735192,623308
1687735192,637218
1687735192,645975
1687735192,653861
1687735192,654807
1687735192,657889
1687735192,660981
1687735192,662834
1687735192,663782
1687735192,668342
1687735192,671863
1687735192,679712
1687735192,680222
1687735192,680746
1687735192,684848
1687735192,685944
1687735192,690116
1687735192,690745
1687735192,695797
1687735193,364468
1687735193,365322
1687735193,375169
1687735193,378016
1687735193,385967
1687735193,391285
1687735193,401360
1687735193,401613
1687735193,409674
1687735193,426101
1687735193,430056
1687735193,434657
1687735193,440071
1687735193,441078
1687735193,459060
1687735193,461207
1687735193,478238
1687735193,495539
1687735193,500001
1687735193,520947
1687735193,534856
1687735193,537666
1687735193,539621
1687735193,564690
1687735193,568066
1687735193,575106
1687735193,594497
1687735193,601497
1687735193,604702
1687735193,633827
1687735193,636298
1687735193,641824
1687735193,676556
1687735193,680673
1687735193,683445
1687735193,689177
1687735193,692047
1687735193,693274
1687735194,367648
1687735194,368159
1687735194,369315
1687735194,369549
1687735194,375661
1687735194,378469
1687735194,380662
1687735194,380761
1687735194,395035
1687735194,396095
1687735194,397841
1687735194,407719
1687735194,420576
1687735194,421959
1687735194,424311
1687735194,438110
1687735194,449146
1687735194,451115
1687735194,451276
1687735194,456131
1687735194,484131
1687735194,489942
1687735194,492554
1687735194,493455
1687735194,501148
1687735194,515701
1687735194,522930
1687735194,537294
1687735194,540293
1687735194,548780
1687735194,553826
1687735194,556039
1687735194,580786
1687735194,603496
1687735194,604120
1687735194,616842
1687735194,626474
1687735194,627461
1687735194,632403
1687735194,638487
1687735194,650736
1687735194,654618
1687735194,658788
1687735194,661997
1687735194,666037
1687735194,673193
1687735194,680080
1687735194,681988
1687735194,682330
1687735194,683038
1687735194,685651
1687735194,685778
1687735194,686830
1687735194,691368
1687735194,692909
1687735194,696814
1687735195,364582
1687735195,365449
1687735195,365593
1687735195,367905
1687735195,371642
1687735195,376532
1687735195,383708
1687735195,385371
1687735195,385767
1687735195,391635
1687735195,400319
1687735195,416875
1687735195,418931
1687735195,436626
1687735195,450800
1687735195,453617
1687735195,463405
1687735195,478434
1687735195,495517
1687735195,513128
1687735195,520208
1687735195,520416
1687735195,536434
1687735195,549638
1687735195,555972
1687735195,563576
1687735195,579778
1687735195,588758
1687735195,589514
1687735195,599530
1687735195,615713
1687735195,616740
1687735195,621543
1687735195,632687
1687735195,633981
1687735195,650585
1687735195,655791
1687735195,662760
1687735195,666991
1687735195,667141
1687735195,671377
1687735195,676801
1687735195,682838
1687735195,686625
1687735195,687279
1687735195,687877
1687735195,697403
1687735195,697982
1687735195,698683
1687735196,361137
1687735196,362632
1687735196,373286
1687735196,378472
1687735196,379948
1687735196,385198
1687735196,389820
1687735196,397013
1687735196,397558
1687735196,402546
1687735196,412136
1687735196,413292
1687735196,415186
1687735196,456548
1687735196,472837
1687735196,475097
1687735196,477591
1687735196,478777
1687735196,492500
1687735196,492590
1687735196,512646
1687735196,512722
1687735196,515758
1687735196,517675
1687735196,518311
1687735196,525215
1687735196,544013
1687735196,547344
1687735196,549287
1687735196,557732
1687735196,580130
1687735196,580157
1687735196,583250
1687735196,594908
1687735196,613958
1687735196,618383
1687735196,618478
1687735196,647201
1687735196,650913
1687735196,651874
1687735196,663281
1687735196,670291
1687735196,672556
1687735196,673391
1687735196,684045
1687735196,684260
1687735196,691052
1687735196,692278
1687735196,696947
1687735196,701138
1687735197,366289
1687735197,366634
1687735197,367061
1687735197,370535
1687735197,373346
1687735197,377386
1687735197,378485
1687735197,379632
1687735197,383418
1687735197,392854
1687735197,394033
1687735197,400021
1687735197,401780
1687735197,411795
1687735197,416572
1687735197,432674
1687735197,434676
1687735197,439760
1687735197,442596
1687735197,443719
1687735197,450781
1687735197,452914
1687735197,473507
1687735197,475832
1687735197,489583
1687735197,493905
1687735197,506496
1687735197,513208
1687735197,529592
1687735197,538612
1687735197,553760
1687735197,561248
1687735197,575705
1687735197,579918
1687735197,591632
1687735197,593115
1687735197,609292
1687735197,613227
1687735197,614947
1687735197,623691
1687735197,642194
1687735197,642587
1687735197,645376
1687735197,647472
1687735197,652506
1687735197,668309
1687735197,671841
1687735197,673273
1687735197,673362
1687735197,679125
1687735197,680248
1687735197,691663
1687735197,693343
1687735197,694965
1687735197,695364
1687735198,358535
1687735198,367926
1687735198,369110
1687735198,371552
1687735198,373855
1687735198,377464
1687735198,386639
1687735198,387716
1687735198,391983
1687735198,408683
1687735198,410131
1687735198,414414
1687735198,432559
1687735198,434230
1687735198,443439
1687735198,467488
1687735198,470041
1687735198,470068
1687735198,490840
1687735198,496562
1687735198,499680
1687735198,500572
1687735198,530827
1687735198,536345
1687735198,540233
1687735198,554748
1687735198,568763
1687735198,572225
1687735198,574506
1687735198,593394
1687735198,595405
1687735198,598656
1687735198,605382
1687735198,609544
1687735198,634312
1687735198,640404
1687735198,640536
1687735198,646488
1687735198,659250
1687735198,662156
1687735198,662157
1687735198,666026
1687735198,671254
1687735198,675346
1687735198,677454
1687735198,679584
1687735198,686488
1687735198,687527
1687735198,694618
1687735198,699827
1687735198,700545
1687735199,364173
1687735199,364245
1687735199,365935
1687735199,369963
1687735199,376309
1687735199,379531
1687735199,385763
1687735199,386061
1687735199,403261
1687735199,409319
1687735199,409993
1687735199,412310
1687735199,419483
1687735199,427946
1687735199,429365
1687735199,435071
1687735199,459146
1687735199,459353
1687735199,465254
1687735199,469299
1687735199,489717
1687735199,497389
1687735199,504038
1687735199,518563
1687735199,525368
1687735199,528674
1687735199,534620
1687735199,549141
1687735199,568272
1687735199,568683
1687735199,571759
1687735199,590088
1687735199,600194
1687735199,605208
1687735199,606106
1687735199,612904
1687735199,629159
1687735199,636416
1687735199,658483
1687735199,661975
1687735199,664139
1687735199,669650
1687735199,679016
1687735199,680386
1687735199,685528
1687735199,687887
1687735199,692848
1687735199,693716
1687735199,694520
1687735200,360155
1687735200,363595
1687735200,373012
1687735200,375840
1687735200,376558
1687735200,376813
1687735200,379779
1687735200,384831
1687735200,391300
1687735200,405582
1687735200,411656
1687735200,419703
1687735200,420713
1687735200,425737
1687735200,425920
1687735200,426815
1687735200,445401
1687735200,466376
1687735200,477831
1687735200,489441
1687735200,496843
1687735200,506594
1687735200,511182
1687735200,525764
1687735200,527614
1687735200,528919
1687735200,539345
1687735200,557421
1687735200,563226
1687735200,567246
1687735200,576836
1687735200,608652
1687735200,620118
1687735200,626186
1687735200,626402
1687735200,627920
1687735200,643349
1687735200,649948
1687735200,658935
1687735200,661193
1687735200,665323
1687735200,675918
1687735200,682264
1687735200,683472
1687735200,685081
1687735200,686413
1687735200,686598
1687735200,689377
1687735200,701055
1687735201,359963
1687735201,362584
1687735201,363162
1687735201,368442
1687735201,371718
1687735201,375886
1687735201,377931
1687735201,378432
1687735201,381647
1687735201,382763
1687735201,393260
1687735201,393450
1687735201,396418
1687735201,402660
1687735201,421110
1687735201,426648
1687735201,438514
1687735201,448207
1687735201,449124
1687735201,464592
1687735201,482958
1687735201,485250
1687735201,492068
1687735201,507883
1687735201,521379
1687735201,541603
1687735201,542659
1687735201,545641
1687735201,559733
1687735201,567104
1687735201,583893
1687735201,588171
1687735201,592480
1687735201,596412
1687735201,600721
1687735201,609168
1687735201,622708
1687735201,627630
1687735201,638033
1687735201,642036
1687735201,645898
1687735201,652778
1687735201,656265
1687735201,658083
1687735201,668367
1687735201,672407
1687735201,676001
1687735201,676449
1687735201,679016
1687735201,682238
1687735201,686054
1687735201,692114
1687735201,692729
1687735201,701941
1687735202,366733
1687735202,368657
1687735202,368845
1687735202,368891
1687735202,371610
1687735202,371762
1687735202,379264
1687735202,392365
1687735202,395570
1687735202,396647
1687735202,397584
1687735202,400824
1687735202,422070
1687735202,424646
1687735202,438524
1687735202,443186
1687735202,445622
1687735202,453056
1687735202,484622
1687735202,489457
1687735202,499132
1687735202,518760
1687735202,519388
1687735202,541987
1687735202,546228
1687735202,554079
1687735202,554089
1687735202,583190
1687735202,587480
1687735202,608566
1687735202,619152
1687735202,624719
1687735202,625122
1687735202,634403
1687735202,641440
1687735202,648639
1687735202,650606
1687735202,651037
1687735202,672560
1687735202,675348
1687735202,681200
1687735202,681619
1687735202,683802
1687735202,685277
1687735202,685978
1687735202,686629
1687735202,688545
1687735202,690130
1687735202,694472
1687735203,358511
1687735203,364539
1687735203,376850
1687735203,377132
1687735203,380772
1687735203,383471
1687735203,383885
1687735203,387686
1687735203,395389
1687735203,401797
1687735203,411892
1687735203,413512
1687735203,423231
1687735203,428314
1687735203,440947
1687735203,448553
1687735203,459963
1687735203,460798
1687735203,475095
1687735203,482933
1687735203,484108
1687735203,514330
1687735203,516169
1687735203,520340
1687735203,520429
1687735203,542863
1687735203,547795
1687735203,554542
1687735203,564322
1687735203,585340
1687735203,585652
1687735203,601528
1687735203,611103
1687735203,615602
1687735203,619754
1687735203,620313
1687735203,631995
1687735203,652209
1687735203,653117
1687735203,655234
1687735203,666624
1687735203,669083
1687735203,670246
1687735203,671895
1687735203,683322
1687735203,684191
1687735203,687460
1687735203,691994
1687735203,701919
1687735204,358563
1687735204,360144
1687735204,365713
1687735204,371029
1687735204,371036
1687735204,379817
1687735204,381552
1687735204,385142
1687735204,386094
1687735204,386878
1687735204,387463
1687735204,405696
1687735204,408956
1687735204,411423
1687735204,414201
1687735204,416228
1687735204,419742
1687735204,438969
1687735204,459369
1687735204,462762
1687735204,468469
1687735204,470388
1687735204,477178
1687735204,478203
1687735204,481628
1687735204,491758
1687735204,498686
1687735204,499669
1687735204,501586
1687735204,513990
1687735204,514398
1687735204,520045
1687735204,527385
1687735204,538445
1687735204,542855
1687735204,562133
1687735204,572693
1687735204,575677
1687735204,582905
1687735204,601166
1687735204,606934
1687735204,619187
1687735204,620577
1687735204,624072
1687735204,640732
1687735204,648818
1687735204,655977
1687735204,664643
1687735204,666636
1687735204,667040
1687735204,671072
1687735204,675440
1687735204,676975
1687735204,677998
1687735204,683139
1687735204,683597
1687735204,684452
1687735204,685514
1687735204,689334
1687735204,690039
1687735204,690917
1687735204,694061
1687735204,699495
1687735205,355566
1687735205,362920
1687735205,364118
1687735205,365750
1687735205,368972
1687735205,371437
1687735205,373907
1687735205,387175
1687735205,391123
1687735205,391265
1687735205,401008
1687735205,401695
1687735205,433725
1687735205,434147
1687735205,436817
1687735205,458424
1687735205,464501
1687735205,466162
1687735205,473250
1687735205,495427
1687735205,517947
1687735205,533590
1687735205,536921
1687735205,537730
1687735205,542281
1687735205,558514
1687735205,569870
1687735205,570051
1687735205,579915
1687735205,588898
1687735205,598539
1687735205,603263
1687735205,607555
1687735205,615740
1687735205,630116
1687735205,636851
1687735205,646756
1687735205,654927
1687735205,656297
1687735205,666474
1687735205,673647
1687735205,677175
1687735205,681222
1687735205,687689
1687735205,688142
1687735205,691442
1687735205,692200
1687735206,360115
1687735206,360178
1687735206,368186
1687735206,368886
1687735206,370420
1687735206,373808
1687735206,379816
1687735206,390470
1687735206,392315
1687735206,394518
1687735206,402460
1687735206,402592
1687735206,403049
1687735206,432257
1687735206,434240
1687735206,436732
1687735206,448258
1687735206,451982
1687735206,459485
1687735206,462152
1687735206,474325
1687735206,494418
1687735206,496134
1687735206,496403
1687735206,497156
1687735206,506493
1687735206,525288
1687735206,537282
1687735206,553179
1687735206,559172
1687735206,562870
1687735206,570203
1687735206,570845
1687735206,596406
1687735206,598594
1687735206,600130
1687735206,608179
1687735206,611937
1687735206,630010
1687735206,636826
1687735206,643434
1687735206,650932
1687735206,655292
1687735206,660416
1687735206,662179
1687735206,662691
1687735206,672085
1687735206,673995
1687735206,682616
1687735206,686250
1687735206,690049
1687735206,692049
1687735206,695525
1687735206,695941
1687735207,362761
1687735207,363854
1687735207,367342
1687735207,371995
1687735207,375326
1687735207,378521
1687735207,378953
1687735207,381073
1687735207,381612
1687735207,389405
1687735207,402561
1687735207,413538
1687735207,417520
1687735207,423335
1687735207,428463
1687735207,434202
1687735207,435669
1687735207,447869
1687735207,454357
1687735207,457774
1687735207,474219
1687735207,491430
1687735207,507537
1687735207,510619
1687735207,527240
1687735207,534596
1687735207,560231
1687735207,561998
1687735207,564707
1687735207,573103
1687735207,576496
1687735207,596207
1687735207,596565
1687735207,598079
1687735207,610225
1687735207,612110
1687735207,616505
1687735207,632364
1687735207,634027
1687735207,661372
1687735207,663357
1687735207,665415
1687735207,665802
1687735207,670298
1687735207,682221
1687735207,682980
1687735207,684644
1687735207,684758
1687735207,686277
1687735207,687796
1687735207,689325
1687735207,691551
1687735208,361820
1687735208,364647
1687735208,366988
1687735208,369108
1687735208,377858
1687735208,378195
1687735208,378745
1687735208,380285
1687735208,382358
1687735208,388041
1687735208,394237
1687735208,411753
1687735208,417588
1687735208,424192
1687735208,430770
1687735208,446696
1687735208,447722
1687735208,452598
1687735208,453557
1687735208,473534
1687735208,477565
1687735208,483907
1687735208,486216
1687735208,509045
1687735208,511805
1687735208,524446
1687735208,529417
1687735208,534360
1687735208,540372
1687735208,550243
1687735208,574204
1687735208,589934
1687735208,591307
1687735208,612803
1687735208,620773
1687735208,632235
1687735208,645298
1687735208,651472
1687735208,656922
1687735208,670467
1687735208,674709
1687735208,680466
1687735208,685524
1687735208,685613
1687735208,693524
1687735208,693774
1687735208,697443
1687735209,359929
1687735209,363952
1687735209,367447
1687735209,373313
1687735209,374766
1687735209,381403
1687735209,394182
1687735209,394373
1687735209,395318
1687735209,397650
1687735209,411992
1687735209,412425
1687735209,420675
1687735209,429460
1687735209,443227
1687735209,451596
1687735209,472611
1687735209,477016
1687735209,477739
1687735209,483781
1687735209,486911
1687735209,511652
1687735209,512809
1687735209,513737
1687735209,550278
1687735209,552922
1687735209,553354
1687735209,572634
1687735209,586736
1687735209,587000
1687735209,589261
1687735209,611095
1687735209,619854
1687735209,623235
1687735209,624337
1687735209,644589
1687735209,645298
1687735209,647677
1687735209,647686
1687735209,651079
1687735209,654001
1687735209,671554
1687735209,673906
1687735209,678286
1687735209,678568
1687735209,679803
1687735209,683016
1687735209,687214
1687735209,690632
1687735209,690744
1687735210,361526
1687735210,361814
1687735210,365973
1687735210,372040
1687735210,372366
1687735210,375780
1687735210,375930
1687735210,378677
1687735210,380535
1687735210,390640
1687735210,392036
1687735210,395689
1687735210,403298
1687735210,433264
1687735210,440210
1687735210,446788
1687735210,447128
1687735210,471139
1687735210,485232
1687735210,487548
1687735210,503749
1687735210,507755
1687735210,526050
1687735210,527456
1687735210,542422
1687735210,548047
1687735210,549611
1687735210,572611
1687735210,592019
1687735210,604453
1687735210,613827
1687735210,618723
1687735210,623510
1687735210,627781
1687735210,639826
1687735210,640373
1687735210,645911
1687735210,671559
1687735210,671799
1687735210,673940
1687735210,673951
1687735210,675882
1687735210,680506
1687735210,686889
1687735210,688312
1687735210,693429
1687735210,698686
1687735210,700874
1687735211,363296
1687735211,370270
1687735211,373726
1687735211,377886
1687735211,383488
1687735211,384581
1687735211,387685
1687735211,388998
1687735211,394383
1687735211,405875
1687735211,407793
1687735211,411412
1687735211,411501
1687735211,412975
1687735211,428304
1687735211,437563
1687735211,465572
1687735211,466873
1687735211,467030
1687735211,488177
1687735211,497818
1687735211,502637
1687735211,507587
1687735211,509184
1687735211,525941
1687735211,539239
1687735211,546822
1687735211,560249
1687735211,567460
1687735211,575179
1687735211,577526
1687735211,589263
1687735211,609880
1687735211,611460
1687735211,625709
1687735211,640072
1687735211,655742
1687735211,661348
1687735211,669678
1687735211,681914
1687735211,683397
1687735211,684265
1687735211,689490
1687735211,690240
1687735211,690852
1687735211,694236
1687735212,359848
1687735212,365760
1687735212,367849
1687735212,368307
1687735212,368467
1687735212,373932
1687735212,375582
1687735212,375805
1687735212,380274
1687735212,381372
1687735212,387539
1687735212,404540
1687735212,411351
1687735212,414537
1687735212,417583
1687735212,426063
1687735212,432621
1687735212,435788
1687735212,461456
1687735212,464516
1687735212,470102
1687735212,481617
1687735212,495586
1687735212,526312
1687735212,527695
1687735212,529711
1687735212,540031
1687735212,566684
1687735212,583567
1687735212,589167
1687735212,599757
1687735212,604244
1687735212,609083
1687735212,618938
1687735212,624979
1687735212,635259
1687735212,644003
1687735212,655989
1687735212,659457
1687735212,664799
1687735212,666641
1687735212,670870
1687735212,676075
1687735212,680501
1687735212,680874
1687735212,681634
1687735212,684471
1687735212,685613
1687735212,688383
1687735212,689675
1687735212,696157
1687735213,363989
1687735213,365975
1687735213,374542
1687735213,378165
1687735213,385226
1687735213,392363
1687735213,399744
1687735213,401864
1687735213,403429
1687735213,422518
1687735213,424527
1687735213,428237
1687735213,432695
1687735213,441939
1687735213,442917
1687735213,457225
1687735213,463267
1687735213,479853
1687735213,493341
1687735213,501814
1687735213,501864
1687735213,523015
1687735213,532734
1687735213,537983
1687735213,539522
1687735213,562750
1687735213,563465
1687735213,565898
1687735213,577506
1687735213,592463
1687735213,602725
1687735213,603304
1687735213,634346
1687735213,635361
1687735213,639885
1687735213,651980
1687735213,655436
1687735213,659528
1687735213,667365
1687735213,677158
1687735213,679699
1687735213,682648
1687735213,689033
1687735213,689493
1687735213,692404
1687735213,693343
1687735214,367619
1687735214,368276
1687735214,368386
1687735214,370175
1687735214,375460
1687735214,377645
1687735214,381158
1687735214,396286
1687735214,396608
1687735214,397048
1687735214,406174
1687735214,422449
1687735214,440106
1687735214,447160
1687735214,449457
1687735214,453304
1687735214,453840
1687735214,461198
1687735214,482269
1687735214,487618
1687735214,491185
1687735214,503147
1687735214,520718
1687735214,539457
1687735214,542288
1687735214,550888
1687735214,551702
1687735214,553913
1687735214,583013
1687735214,601183
1687735214,605974
1687735214,620773
1687735214,624375
1687735214,633577
1687735214,640032
1687735214,653210
1687735214,657288
1687735214,674122
1687735214,680446
1687735214,681473
1687735214,684738
1687735214,685979
1687735214,686362
1687735214,691642
1687735214,692680
1687735214,697805
1687735215,349859
1687735215,364480
1687735215,368250
1687735215,370815
1687735215,377516
1687735215,382817
1687735215,386100
1687735215,386765
1687735215,392855
1687735215,399178
1687735215,418841
1687735215,428535
1687735215,438625
1687735215,448661
1687735215,455571
1687735215,480219
1687735215,497527
1687735215,514827
1687735215,517903
1687735215,527110
1687735215,538420
1687735215,551564
1687735215,553828
1687735215,561682
1687735215,581878
1687735215,586590
1687735215,587329
1687735215,601065
1687735215,613770
1687735215,618572
1687735215,619558
1687735215,625632
1687735215,634179
1687735215,635555
1687735215,652166
1687735215,654735
1687735215,661233
1687735215,668095
1687735215,668498
1687735215,672328
1687735215,675887
1687735215,683611
1687735215,686172
1687735215,686937
1687735215,688348
1687735216,361377
1687735216,362504
1687735216,373721
1687735216,377643
1687735216,380984
1687735216,384315
1687735216,385462
1687735216,390414
1687735216,395958
1687735216,404174
1687735216,411840
1687735216,413500
1687735216,413988
1687735216,420087
1687735216,437924
1687735216,454807
1687735216,458611
1687735216,473060
1687735216,474905
1687735216,476831
1687735216,479686
1687735216,494826
1687735216,510773
1687735216,514647
1687735216,515521
1687735216,516146
1687735216,517736
1687735216,541820
1687735216,547310
1687735216,559797
1687735216,578024
1687735216,581088
1687735216,582260
1687735216,611775
1687735216,620105
1687735216,649161
1687735216,653207
1687735216,664279
1687735216,669426
1687735216,671613
1687735216,684370
1687735216,684779
1687735216,691267
1687735216,692568
1687735216,696307
1687735216,701034
1687735217,366361
1687735217,367122
1687735217,370553
1687735217,374162
1687735217,377212
1687735217,380746
1687735217,382577
1687735217,391896
1687735217,392791
1687735217,398611
1687735217,402951
1687735217,412859
1687735217,413897
1687735217,415079
1687735217,434666
1687735217,440631
1687735217,441670
1687735217,444161
1687735217,452854
1687735217,471445
1687735217,473972
1687735217,487450
1687735217,495805
1687735217,504389
1687735217,515189
1687735217,531484
1687735217,536704
1687735217,569871
1687735217,577414
1687735217,577818
1687735217,589594
1687735217,595162
1687735217,607263
1687735217,614859
1687735217,616798
1687735217,619957
1687735217,625425
1687735217,640982
1687735217,643729
1687735217,645833
1687735217,653740
1687735217,667499
1687735217,672734
1687735217,673836
1687735217,674095
1687735217,677600
1687735217,679361
1687735217,685105
1687735217,693176
1687735217,694518
1687735217,695372
1687735217,700379
1687735218,357992
1687735218,365585
1687735218,368341
1687735218,369817
1687735218,370958
1687735218,377980
1687735218,386858
1687735218,387821
1687735218,393388
1687735218,408636
1687735218,410268
1687735218,430429
1687735218,436085
1687735218,445691
1687735218,467783
1687735218,469632
1687735218,491788
1687735218,492851
1687735218,494741
1687735218,497593
1687735218,502542
1687735218,505695
1687735218,522137
1687735218,532802
1687735218,534491
1687735218,538102
1687735218,556820
1687735218,572173
1687735218,595485
1687735218,597388
1687735218,600175
1687735218,601127
1687735218,603356
1687735218,636000
1687735218,638445
1687735218,641912
1687735218,647944
1687735218,662853
1687735218,669859
1687735218,670826
1687735218,676260
1687735218,676892
1687735218,679159
1687735218,686645
1687735218,687817
1687735218,688487
1687735218,695023
1687735218,697840
1687735218,700545
1687735219,364089
1687735219,364177
1687735219,366029
1687735219,370609
1687735219,372546
1687735219,375940
1687735219,378299
1687735219,384909
1687735219,386818
1687735219,391959
1687735219,401726
1687735219,408047
1687735219,411720
1687735219,413701
1687735219,417759
1687735219,431155
1687735219,433160
1687735219,457070
1687735219,463129
1687735219,471357
1687735219,483605
1687735219,495400
1687735219,506056
1687735219,516455
1687735219,530521
1687735219,532505
1687735219,551263
1687735219,563589
1687735219,565938
1687735219,570859
1687735219,573935
1687735219,591976
1687735219,598173
1687735219,603013
1687735219,607911
1687735219,611170
1687735219,630713
1687735219,634536
1687735219,656944
1687735219,662728
1687735219,663355
1687735219,678362
1687735219,681190
1687735219,685226
1687735219,692052
1687735219,693953
1687735219,695211
1687735220,359451
1687735220,363647
1687735220,374865
1687735220,376317
1687735220,376847
1687735220,378732
1687735220,382174
1687735220,386052
1687735220,392321
1687735220,404003
1687735220,413097
1687735220,418976
1687735220,421396
1687735220,423982
1687735220,424289
1687735220,447385
1687735220,450031
1687735220,452113
1687735220,464249
1687735220,468475
1687735220,479721
1687735220,487403
1687735220,494784
1687735220,508379
1687735220,512945
1687735220,523426
1687735220,525783
1687735220,527859
1687735220,541189
1687735220,544926
1687735220,555398
1687735220,569466
1687735220,578784
1687735220,610488
1687735220,624348
1687735220,625860
1687735220,627843
1687735220,644896
1687735220,651002
1687735220,659412
1687735220,660527
1687735220,666246
1687735220,674960
1687735220,683177
1687735220,684028
1687735220,684097
1687735220,684943
1687735220,685608
1687735220,686367
1687735220,689671
1687735220,696310
1687735220,701123
1687735221,360512
1687735221,362277
1687735221,362788
1687735221,367678
1687735221,371283
1687735221,375267
1687735221,378954
1687735221,379114
1687735221,379486
1687735221,381686
1687735221,392114
1687735221,394688
1687735221,395017
1687735221,404514
1687735221,422859
1687735221,424991
1687735221,430026
1687735221,436646
1687735221,446713
1687735221,448555
1687735221,466555
1687735221,482977
1687735221,484845
1687735221,489952
1687735221,509885
1687735221,517226
1687735221,519545
1687735221,539558
1687735221,547788
1687735221,557672
1687735221,569152
1687735221,585955
1687735221,586200
1687735221,590522
1687735221,594543
1687735221,598530
1687735221,610849
1687735221,621667
1687735221,625459
1687735221,636554
1687735221,643777
1687735221,647204
1687735221,653963
1687735221,656548
1687735221,657556
1687735221,669639
1687735221,671519
1687735221,674847
1687735221,677175
1687735221,678125
1687735221,681472
1687735221,682067
1687735221,685654
1687735221,692357
1687735221,692361
1687735221,701491
1687735222,360154
1687735222,366896
1687735222,368544
1687735222,369345
1687735222,369942
1687735222,370398
1687735222,370985
1687735222,377630
1687735222,378676
1687735222,390943
1687735222,396334
1687735222,396856
1687735222,397839
1687735222,402652
1687735222,420637
1687735222,426576
1687735222,440861
1687735222,440978
1687735222,443768
1687735222,455072
1687735222,474804
1687735222,487514
1687735222,501138
1687735222,520668
1687735222,544112
1687735222,552039
1687735222,556112
1687735222,581044
1687735222,589360
1687735222,610350
1687735222,621268
1687735222,622622
1687735222,623244
1687735222,633540
1687735222,635619
1687735222,643010
1687735222,646808
1687735222,648770
1687735222,649366
1687735222,673657
1687735222,676156
1687735222,680026
1687735222,681965
1687735222,683125
1687735222,685655
1687735222,686240
1687735222,686267
1687735222,688458
1687735222,690426
1687735222,694804
1687735223,358705
1687735223,363980
1687735223,365566
1687735223,372805
1687735223,377909
1687735223,379547
1687735223,382873
1687735223,384790
1687735223,388949
1687735223,394419
1687735223,403182
1687735223,410214
1687735223,411738
1687735223,425126
1687735223,430237
1687735223,442927
1687735223,446608
1687735223,458074
1687735223,462654
1687735223,472755
1687735223,485063
1687735223,486051
1687735223,511928
1687735223,513869
1687735223,521992
1687735223,522251
1687735223,544836
1687735223,545633
1687735223,556614
1687735223,562466
1687735223,583024
1687735223,587747
1687735223,603231
1687735223,609053
1687735223,613727
1687735223,618646
1687735223,621485
1687735223,651250
1687735223,653894
1687735223,653931
1687735223,665679
1687735223,667612
1687735223,668685
1687735223,669905
1687735223,670846
1687735223,682838
1687735223,683461
1687735223,688091
1687735223,691008
1687735223,691658
1687735223,702075
1687735224,358069
1687735224,360730
1687735224,365950
1687735224,371678
1687735224,372895
1687735224,381158
1687735224,382874
1687735224,384570
1687735224,385941
1687735224,386525
1687735224,406978
1687735224,407663
1687735224,409881
1687735224,414577
1687735224,416348
1687735224,421433
1687735224,437068
1687735224,461370
1687735224,464881
1687735224,466749
1687735224,468369
1687735224,475659
1687735224,479327
1687735224,493676
1687735224,499333
1687735224,500764
1687735224,501529
1687735224,512123
1687735224,512213
1687735224,521955
1687735224,529439
1687735224,536272
1687735224,540607
1687735224,564371
1687735224,570686
1687735224,573763
1687735224,585086
1687735224,602959
1687735224,604737
1687735224,620952
1687735224,621798
1687735224,625918
1687735224,638852
1687735224,646985
1687735224,648712
1687735224,657387
1687735224,665601
1687735224,666301
1687735224,669445
1687735224,675991
1687735224,677502
1687735224,677838
1687735224,683951
1687735224,684005
1687735224,685262
1687735224,688537
1687735224,689667
1687735224,694581
1687735224,699493
1687735225,356467
1687735225,363089
1687735225,363878
1687735225,366396
1687735225,369907
1687735225,370197
1687735225,370476
1687735225,371131
1687735225,374638
1687735225,388252
1687735225,389401
1687735225,390399
1687735225,400225
1687735225,402454
1687735225,431762
1687735225,432593
1687735225,438721
1687735225,460564
1687735225,462317
1687735225,475136
1687735225,495096
1687735225,520004
1687735225,534331
1687735225,535513
1687735225,535786
1687735225,540122
1687735225,560690
1687735225,567713
1687735225,567748
1687735225,581947
1687735225,586881
1687735225,600547
1687735225,602081
1687735225,605594
1687735225,617251
1687735225,631820
1687735225,635123
1687735225,645052
1687735225,656455
1687735225,657376
1687735225,665008
1687735225,674613
1687735225,675413
1687735225,678051
1687735225,680688
1687735225,687976
1687735225,688079
1687735225,691396
1687735225,691908
1687735226,360086
1687735226,369265
1687735226,369483
1687735226,369808
1687735226,373444
1687735226,378902
1687735226,393395
1687735226,395983
1687735226,400438
1687735226,401500
1687735226,403895
1687735226,405014
1687735226,430305
1687735226,432232
1687735226,438750
1687735226,450029
1687735226,450485
1687735226,457323
1687735226,460348
1687735226,476373
1687735226,493245
1687735226,498364
1687735226,508487
1687735226,523199
1687735226,539283
1687735226,555260
1687735226,560631
1687735226,561044
1687735226,561179
1687735226,573441
1687735226,594485
1687735226,600350
1687735226,606098
1687735226,613580
1687735226,627972
1687735226,638694
1687735226,644703
1687735226,652236
1687735226,659123
1687735226,660778
1687735226,664099
1687735226,673066
1687735226,673630
1687735226,683768
1687735226,685065
1687735226,689731
1687735226,692165
1687735226,695113
1687735226,696721
1687735227,360490
1687735227,362792
1687735227,363653
1687735227,367674
1687735227,372077
1687735227,374140
1687735227,379536
1687735227,379912
1687735227,380800
1687735227,380943
1687735227,385219
1687735227,390370
1687735227,401427
1687735227,404700
1687735227,415337
1687735227,419041
1687735227,421479
1687735227,426969
1687735227,436118
1687735227,437551
1687735227,449918
1687735227,455642
1687735227,476042
1687735227,489418
1687735227,505375
1687735227,512602
1687735227,524957
1687735227,536747
1687735227,557990
1687735227,559981
1687735227,562364
1687735227,575371
1687735227,578848
1687735227,590588
1687735227,594155
1687735227,595709
1687735227,598293
1687735227,607917
1687735227,613814
1687735227,618232
1687735227,630606
1687735227,635700
1687735227,654209
1687735227,662504
1687735227,664386
1687735227,664530
1687735227,664666
1687735227,666883
1687735227,669826
1687735227,671275
1687735227,676910
1687735227,681068
1687735227,682699
1687735227,684191
1687735227,685386
1687735227,686854
1687735227,687433
1687735227,689618
1687735227,691591
1687735228,362330
1687735228,364301
1687735228,366204
1687735228,369278
1687735228,377060
1687735228,377780
1687735228,378951
1687735228,381825
1687735228,382546
1687735228,389217
1687735228,392488
1687735228,413392
1687735228,415985
1687735228,426101
1687735228,429258
1687735228,445817
1687735228,450627
1687735228,455507
1687735228,475413
1687735228,475573
1687735228,481823
1687735228,483936
1687735228,486582
1687735228,487449
1687735228,511097
1687735228,513713
1687735228,520060
1687735228,522508
1687735228,531549
1687735228,536503
1687735228,542387
1687735228,548197
1687735228,554847
1687735228,576294
1687735228,587672
1687735228,589085
1687735228,614516
1687735228,618732
1687735228,623631
1687735228,634019
1687735228,646970
1687735228,649610
1687735228,658018
1687735228,660871
1687735228,673667
1687735228,686160
1687735228,686189
1687735228,693286
1687735228,693953
1687735228,697476
1687735229,358173
1687735229,364145
1687735229,368224
1687735229,369675
1687735229,372394
1687735229,374764
1687735229,392833
1687735229,394359
1687735229,396013
1687735229,399301
1687735229,410556
1687735229,414321
1687735229,419062
1687735229,424899
1687735229,431125
1687735229,441116
1687735229,453696
1687735229,462300
1687735229,474653
1687735229,475691
1687735229,481888
1687735229,488790
1687735229,511803
1687735229,514702
1687735229,526622
1687735229,544165
1687735229,551018
1687735229,552461
1687735229,555959
1687735229,563678
1687735229,574620
1687735229,584373
1687735229,585108
1687735229,591359
1687735229,611741
1687735229,612721
1687735229,617869
1687735229,625984
1687735229,642870
1687735229,643816
1687735229,649340
1687735229,649358
1687735229,651998
1687735229,652647
1687735229,670609
1687735229,675085
1687735229,677629
1687735229,678951
1687735229,680350
1687735229,682564
1687735229,687088
1687735229,690343
1687735229,691006
1687735229,699103
1687735230,361690
1687735230,361979
1687735230,365878
1687735230,371489
1687735230,371554
1687735230,376534
1687735230,376634
1687735230,378079
1687735230,381458
1687735230,389119
1687735230,390506
1687735230,396983
1687735230,404889
1687735230,435032
1687735230,438396
1687735230,445082
1687735230,446504
1687735230,449220
1687735230,469122
1687735230,487298
1687735230,489469
1687735230,505553
1687735230,505669
1687735230,509488
1687735230,528269
1687735230,529395
1687735230,540377
1687735230,547508
1687735230,550120
1687735230,570530
1687735230,594076
1687735230,606042
1687735230,616461
1687735230,625383
1687735230,629270
1687735230,641567
1687735230,643884
1687735230,648204
1687735230,651088
1687735230,661039
1687735230,670220
1687735230,672400
1687735230,672700
1687735230,675031
1687735230,676666
1687735230,679953
1687735230,680201
1687735230,687378
1687735230,689052
1687735230,690784
1687735230,693339
1687735230,700684
1687735231,361202
1687735231,363145
1687735231,370475
1687735231,371927
1687735231,377280
1687735231,383457
1687735231,384456
1687735231,386434
1687735231,388868
1687735231,390377
1687735231,393281
1687735231,404487
1687735231,406109
1687735231,410047
1687735231,411499
1687735231,413169
1687735231,430004
1687735231,435620
1687735231,437170
1687735231,464754
1687735231,467652
1687735231,468144
1687735231,468976
1687735231,490093
1687735231,500600
1687735231,503454
1687735231,505413
1687735231,527986
1687735231,537379
1687735231,551110
1687735231,562414
1687735231,575023
1687735231,591238
1687735231,607887
1687735231,609466
1687735231,627702
1687735231,638278
1687735231,641222
1687735231,657287
1687735231,659844
1687735231,670606
1687735231,681415
1687735231,683492
1687735231,683961
1687735231,690033
1687735231,690529
1687735231,694577
1687735232,349503
1687735232,359929
1687735232,365630
1687735232,367359
1687735232,367889
1687735232,368833
1687735232,372489
1687735232,374404
1687735232,375215
1687735232,376946
1687735232,379074
1687735232,382121
1687735232,402960
1687735232,412949
1687735232,416030
1687735232,419527
1687735232,427873
1687735232,430956
1687735232,434293
1687735232,462466
1687735232,463314
1687735232,483749
1687735232,493527
1687735232,499870
1687735232,525238
1687735232,527778
1687735232,528319
1687735232,537943
1687735232,537947
1687735232,565165
1687735232,565960
1687735232,568754
1687735232,572991
1687735232,585565
1687735232,591185
1687735232,597654
1687735232,605108
1687735232,606002
1687735232,611149
1687735232,620676
1687735232,621054
1687735232,626629
1687735232,630403
1687735232,633275
1687735232,641968
1687735232,657179
1687735232,664855
1687735232,665817
1687735232,669866
1687735232,681495
1687735232,682485
1687735232,683867
1687735232,684072
1687735232,685275
1687735232,688565
1687735232,696493
1687735233,363543
1687735233,366673
1687735233,373965
1687735233,378362
1687735233,384553
1687735233,393441
1687735233,398142
1687735233,405255
1687735233,422994
1687735233,426462
1687735233,430802
1687735233,443820
1687735233,444766
1687735233,455451
1687735233,465364
1687735233,481480
1687735233,491124
1687735233,503647
1687735233,525124
1687735233,530633
1687735233,536352
1687735233,541391
1687735233,560824
1687735233,563718
1687735233,565699
1687735233,579917
1687735233,590402
1687735233,600768
1687735233,632379
1687735233,636841
1687735233,637903
1687735233,657006
1687735233,658115
1687735233,677739
1687735233,678638
1687735233,681752
1687735233,684979
1687735233,688817
1687735233,688852
1687735233,692451
1687735233,692742
1687735233,693392
1687735233,695802
1687735234,367361
1687735234,367583
1687735234,368626
1687735234,370805
1687735234,375286
1687735234,376817
1687735234,378252
1687735234,381681
1687735234,394718
1687735234,398071
1687735234,398222
1687735234,404583
1687735234,418246
1687735234,420739
1687735234,424323
1687735234,440641
1687735234,442115
1687735234,445206
1687735234,447662
1687735234,451584
1687735234,455501
1687735234,480425
1687735234,485324
1687735234,485565
1687735234,488926
1687735234,505128
1687735234,518513
1687735234,530954
1687735234,541552
1687735234,544282
1687735234,549617
1687735234,551855
1687735234,552998
1687735234,585264
1687735234,598844
1687735234,607772
1687735234,618874
1687735234,622303
1687735234,634705
1687735234,641575
1687735234,651812
1687735234,668677
1687735234,669093
1687735234,675022
1687735234,680594
1687735234,680788
1687735234,683734
1687735234,685902
1687735234,686190
1687735234,691874
1687735235,364425
1687735235,368618
1687735235,370026
1687735235,373485
1687735235,374172
1687735235,378541
1687735235,381942
1687735235,386435
1687735235,388186
1687735235,394081
1687735235,398088
1687735235,420894
1687735235,430286
1687735235,446505
1687735235,457519
1687735235,458964
1687735235,482052
1687735235,499547
1687735235,515622
1687735235,516536
1687735235,540441
1687735235,551713
1687735235,553503
1687735235,559815
1687735235,583969
1687735235,584369
1687735235,585118
1687735235,602594
1687735235,611901
1687735235,617585
1687735235,620381
1687735235,628626
1687735235,635637
1687735235,637120
1687735235,653614
1687735235,653673
1687735235,659668
1687735235,669977
1687735235,673259
1687735235,674894
1687735235,684321
1687735235,685678
1687735235,686573
1687735235,688810
1687735235,696921
1687735235,697614
1687735236,361643
1687735236,362432
1687735236,365575
1687735236,376860
1687735236,382066
1687735236,383454
1687735236,386078
1687735236,390997
1687735236,394891
1687735236,405792
1687735236,410390
1687735236,411867
1687735236,415884
1687735236,436113
1687735236,456726
1687735236,460669
1687735236,471054
1687735236,474859
1687735236,476949
1687735236,481774
1687735236,497060
1687735236,508793
1687735236,513356
1687735236,513971
1687735236,516642
1687735236,519719
1687735236,529017
1687735236,539658
1687735236,545339
1687735236,558189
1687735236,561892
1687735236,575928
1687735236,578961
1687735236,584325
1687735236,609596
1687735236,621445
1687735236,621814
1687735236,644178
1687735236,647367
1687735236,654556
1687735236,665252
1687735236,668498
1687735236,670560
1687735236,676127
1687735236,684638
1687735236,685256
1687735236,691408
1687735236,692780
1687735236,695627
1687735236,700891
1687735237,366395
1687735237,367639
1687735237,375058
1687735237,377052
1687735237,381192
1687735237,381736
1687735237,390969
1687735237,391586
1687735237,397194
1687735237,404156
1687735237,411308
1687735237,413614
1687735237,416034
1687735237,436632
1687735237,438656
1687735237,439568
1687735237,445396
1687735237,454961
1687735237,469460
1687735237,472030
1687735237,485314
1687735237,497726
1687735237,502267
1687735237,517168
1687735237,533363
1687735237,534799
1687735237,574983
1687735237,579892
1687735237,587556
1687735237,597204
1687735237,605262
1687735237,616475
1687735237,618616
1687735237,627174
1687735237,639332
1687735237,642014
1687735237,654947
1687735237,668419
1687735237,673629
1687735237,674308
1687735237,674920
1687735237,678478
1687735237,681247
1687735237,685680
1687735237,692987
1687735237,694047
1687735237,695374
1687735237,700889
1687735238,357599
1687735238,365445
1687735238,368771
1687735238,370390
1687735238,370572
1687735238,378539
1687735238,386044
1687735238,389004
1687735238,394867
1687735238,407210
1687735238,411896
1687735238,428311
1687735238,437986
1687735238,447951
1687735238,465521
1687735238,471771
1687735238,492927
1687735238,494829
1687735238,495503
1687735238,504493
1687735238,532617
1687735238,534793
1687735238,535986
1687735238,548880
1687735238,558947
1687735238,567551
1687735238,569820
1687735238,593863
1687735238,597547
1687735238,599026
1687735238,599385
1687735238,601334
1687735238,601689
1687735238,636347
1687735238,637622
1687735238,643433
1687735238,649383
1687735238,663510
1687735238,676281
1687735238,677145
1687735238,678739
1687735238,686770
1687735238,688104
1687735238,689024
1687735238,695443
1687735238,700509
1687735239,364002
1687735239,364275
1687735239,366151
1687735239,375573
1687735239,377139
1687735239,387931
1687735239,393518
1687735239,393670
1687735239,400225
1687735239,406815
1687735239,413467
1687735239,415114
1687735239,416033
1687735239,431281
1687735239,432124
1687735239,432962
1687735239,454977
1687735239,473458
1687735239,493380
1687735239,493821
1687735239,508089
1687735239,511067
1687735239,514312
1687735239,530362
1687735239,532358
1687735239,532956
1687735239,553369
1687735239,558884
1687735239,563624
1687735239,573063
1687735239,576097
1687735239,596171
1687735239,600829
1687735239,609435
1687735239,609699
1687735239,632271
1687735239,632614
1687735239,655390
1687735239,661274
1687735239,667964
1687735239,672023
1687735239,677704
1687735239,681942
1687735239,684900
1687735239,691177
1687735239,694193
1687735239,695829
1687735240,358829
1687735240,363735
1687735240,373911
1687735240,373992
1687735240,376120
1687735240,376871
1687735240,377725
1687735240,386937
1687735240,393377
1687735240,402392
1687735240,414585
1687735240,417248
1687735240,422245
1687735240,422656
1687735240,423132
1687735240,449899
1687735240,451859
1687735240,462311
1687735240,470580
1687735240,481617
1687735240,492729
1687735240,499499
1687735240,510150
1687735240,514697
1687735240,521438
1687735240,523918
1687735240,529927
1687735240,553425
1687735240,571684
1687735240,580688
1687735240,612357
1687735240,622334
1687735240,623821
1687735240,629498
1687735240,652027
1687735240,662121
1687735240,667125
1687735240,673928
1687735240,684111
1687735240,684701
1687735240,684748
1687735240,684760
1687735240,686101
1687735240,701182
1687735241,361989
1687735241,362467
1687735241,366945
1687735241,370862
1687735241,374670
1687735241,379796
1687735241,379996
1687735241,380619
1687735241,382668
1687735241,396154
1687735241,406400
1687735241,423372
1687735241,434817
1687735241,444277
1687735241,450430
1687735241,468511
1687735241,480696
1687735241,486672
1687735241,487855
1687735241,488554
1687735241,496289
1687735241,511847
1687735241,517696
1687735241,537469
1687735241,547212
1687735241,549963
1687735241,555575
1687735241,571190
1687735241,584246
1687735241,588026
1687735241,588529
1687735241,596314
1687735241,612517
1687735241,623235
1687735241,623349
1687735241,635045
1687735241,645493
1687735241,648470
1687735241,654919
1687735241,655131
1687735241,655697
1687735241,658763
1687735241,670861
1687735241,673636
1687735241,677198
1687735241,677914
1687735241,681906
1687735241,682483
1687735241,685288
1687735241,691880
1687735241,692620
1687735241,700966
1687735242,360398
1687735242,367099
1687735242,368479
1687735242,369244
1687735242,369336
1687735242,369919
1687735242,370281
1687735242,371039
1687735242,378084
1687735242,389560
1687735242,395101
1687735242,398143
1687735242,399076
1687735242,404471
1687735242,419245
1687735242,428512
1687735242,438792
1687735242,441918
1687735242,443209
1687735242,457102
1687735242,472598
1687735242,485596
1687735242,503144
1687735242,542010
1687735242,546350
1687735242,550006
1687735242,558108
1687735242,578834
1687735242,591242
1687735242,612102
1687735242,620609
1687735242,621352
1687735242,636878
1687735242,644543
1687735242,644932
1687735242,646924
1687735242,647673
1687735242,653236
1687735242,674728
1687735242,676982
1687735242,678742
1687735242,682297
1687735242,685836
1687735242,686526
1687735242,688380
1687735242,688695
1687735242,690701
1687735242,691331
1687735243,363416
1687735243,373217
1687735243,378124
1687735243,378350
1687735243,379057
1687735243,382273
1687735243,385708
1687735243,390223
1687735243,393437
1687735243,410014
1687735243,427012
1687735243,432124
1687735243,444653
1687735243,444879
1687735243,456194
1687735243,464537
1687735243,470431
1687735243,487197
1687735243,487932
1687735243,511561
1687735243,523678
1687735243,524064
1687735243,543482
1687735243,546806
1687735243,558720
1687735243,560651
1687735243,580727
1687735243,589809
1687735243,604929
1687735243,607014
1687735243,617051
1687735243,623235
1687735243,649351
1687735243,652641
1687735243,655544
1687735243,662953
1687735243,666658
1687735243,667053
1687735243,668554
1687735243,669766
1687735243,670736
1687735243,682385
1687735243,682684
1687735243,702203
1687735244,357615
1687735244,361357
1687735244,363686
1687735244,366254
1687735244,372069
1687735244,372324
1687735244,382500
1687735244,383081
1687735244,384206
1687735244,385021
1687735244,385595
1687735244,406390
1687735244,408254
1687735244,408339
1687735244,412965
1687735244,418491
1687735244,423154
1687735244,435229
1687735244,463391
1687735244,465111
1687735244,466370
1687735244,466982
1687735244,473130
1687735244,481466
1687735244,502842
1687735244,503385
1687735244,510053
1687735244,510302
1687735244,523866
1687735244,531503
1687735244,533842
1687735244,534105
1687735244,538353
1687735244,566601
1687735244,568741
1687735244,571921
1687735244,587278
1687735244,602552
1687735244,622703
1687735244,622991
1687735244,627736
1687735244,635069
1687735244,636881
1687735244,643292
1687735244,645096
1687735244,658748
1687735244,664714
1687735244,665531
1687735244,666506
1687735244,676482
1687735244,677008
1687735244,684389
1687735244,684739
1687735244,687674
1687735244,689334
1687735244,695002
1687735244,699492
1687735245,357400
1687735245,360865
1687735245,363291
1687735245,365763
1687735245,369970
1687735245,370909
1687735245,371522
1687735245,375398
1687735245,387683
1687735245,389360
1687735245,389581
1687735245,398714
1687735245,403987
1687735245,429848
1687735245,431017
1687735245,440600
1687735245,460180
1687735245,462692
1687735245,477025
1687735245,522088
1687735245,531741
1687735245,537438
1687735245,537917
1687735245,562901
1687735245,565455
1687735245,565558
1687735245,583957
1687735245,584857
1687735245,603648
1687735245,604005
1687735245,618741
1687735245,625913
1687735245,633333
1687735245,633533
1687735245,650227
1687735245,657961
1687735245,658440
1687735245,663521
1687735245,674735
1687735245,675543
1687735245,678861
1687735245,680078
1687735245,684890
1687735245,687740
1687735245,688462
1687735245,691335
1687735245,691590
1687735246,359987
1687735246,369196
1687735246,370382
1687735246,373048
1687735246,378049
1687735246,394505
1687735246,397495
1687735246,399045
1687735246,400612
1687735246,405234
1687735246,407012
1687735246,428331
1687735246,430205
1687735246,440768
1687735246,448126
1687735246,452724
1687735246,455170
1687735246,458569
1687735246,461046
1687735246,478474
1687735246,491069
1687735246,493022
1687735246,500351
1687735246,510447
1687735246,521092
1687735246,541259
1687735246,557346
1687735246,558417
1687735246,563162
1687735246,576029
1687735246,592541
1687735246,593376
1687735246,602115
1687735246,604015
1687735246,615192
1687735246,640535
1687735246,645956
1687735246,653497
1687735246,657799
1687735246,659326
1687735246,665487
1687735246,673262
1687735246,674017
1687735246,683843
1687735246,689383
1687735246,692253
1687735246,697487
1687735247,349283
1687735247,362945
1687735247,363511
1687735247,368057
1687735247,372198
1687735247,373066
1687735247,376294
1687735247,380013
1687735247,380598
1687735247,380782
1687735247,380933
1687735247,386580
1687735247,391376
1687735247,400306
1687735247,403345
1687735247,417119
1687735247,419614
1687735247,420569
1687735247,425504
1687735247,438084
1687735247,439429
1687735247,451994
1687735247,453529
1687735247,477893
1687735247,487378
1687735247,498187
1687735247,503214
1687735247,514565
1687735247,522630
1687735247,538887
1687735247,555770
1687735247,557963
1687735247,559987
1687735247,577618
1687735247,581183
1687735247,592117
1687735247,592589
1687735247,600012
1687735247,605614
1687735247,615481
1687735247,616723
1687735247,619955
1687735247,628871
1687735247,637334
1687735247,653049
1687735247,663307
1687735247,663604
1687735247,665960
1687735247,667919
1687735247,672242
1687735247,682399
1687735247,683784
1687735247,685993
1687735247,687051
1687735247,687363
1687735247,689862
1687735247,691612
1687735248,362861
1687735248,363971
1687735248,365462
1687735248,369467
1687735248,376831
1687735248,379766
1687735248,381334
1687735248,390394
1687735248,390779
1687735248,414398
1687735248,415058
1687735248,427736
1687735248,428055
1687735248,443950
1687735248,448695
1687735248,457463
1687735248,473304
1687735248,477587
1687735248,479776
1687735248,481690
1687735248,489440
1687735248,507343
1687735248,513144
1687735248,515618
1687735248,517960
1687735248,520556
1687735248,533663
1687735248,538624
1687735248,544464
1687735248,546170
1687735248,578416
1687735248,585403
1687735248,586864
1687735248,616222
1687735248,618881
1687735248,621594
1687735248,626793
1687735248,635793
1687735248,647768
1687735248,648631
1687735248,657622
1687735248,659149
1687735248,661921
1687735248,669165
1687735248,672615
1687735248,676900
1687735248,686696
1687735248,693000
1687735248,694033
1687735248,695968
1687735248,697500
1687735249,357440
1687735249,364364
1687735249,369011
1687735249,370959
1687735249,371517
1687735249,374765
1687735249,377313
1687735249,391507
1687735249,393392
1687735249,397688
1687735249,401006
1687735249,409135
1687735249,416255
1687735249,417415
1687735249,423544
1687735249,432815
1687735249,439041
1687735249,455773
1687735249,464396
1687735249,473664
1687735249,476694
1687735249,479962
1687735249,490624
1687735249,497880
1687735249,509840
1687735249,515102
1687735249,516585
1687735249,524412
1687735249,531331
1687735249,548673
1687735249,554639
1687735249,565715
1687735249,576614
1687735249,582064
1687735249,583193
1687735249,593392
1687735249,614328
1687735249,615827
1687735249,627590
1687735249,641117
1687735249,642298
1687735249,651008
1687735249,651301
1687735249,652911
1687735249,669606
1687735249,676213
1687735249,676688
1687735249,679624
1687735249,680846
1687735249,686908
1687735249,687874
1687735249,691390
1687735249,695093
1687735249,699467
1687735250,362193
1687735250,365825
1687735250,371094
1687735250,372427
1687735250,377365
1687735250,377457
1687735250,382401
1687735250,387625
1687735250,389027
1687735250,398327
1687735250,406516
1687735250,436637
1687735250,436831
1687735250,443395
1687735250,443629
1687735250,448888
1687735250,451332
1687735250,467114
1687735250,489314
1687735250,491404
1687735250,503333
1687735250,507592
1687735250,530475
1687735250,538372
1687735250,545412
1687735250,552235
1687735250,568472
1687735250,593188
1687735250,596084
1687735250,607632
1687735250,609678
1687735250,614150
1687735250,627246
1687735250,630728
1687735250,641790
1687735250,642780
1687735250,649472
1687735250,649518
1687735250,668784
1687735250,670784
1687735250,673541
1687735250,676112
1687735250,677475
1687735250,679408
1687735250,680188
1687735250,682113
1687735250,684508
1687735250,689764
1687735250,690713
1687735250,691067
1687735250,693226
1687735250,700449
1687735251,361903
1687735251,363058
1687735251,370779
1687735251,376665
1687735251,382322
1687735251,385334
1687735251,385464
1687735251,390067
1687735251,391827
1687735251,392222
1687735251,403147
1687735251,404433
1687735251,408610
1687735251,410014
1687735251,414902
1687735251,431723
1687735251,432817
1687735251,433708
1687735251,439211
1687735251,462627
1687735251,466147
1687735251,469741
1687735251,470886
1687735251,491994
1687735251,497110
1687735251,498603
1687735251,501182
1687735251,503234
1687735251,530045
1687735251,535502
1687735251,549032
1687735251,550931
1687735251,562873
1687735251,564615
1687735251,572525
1687735251,593172
1687735251,602542
1687735251,605892
1687735251,607438
1687735251,629694
1687735251,636437
1687735251,642603
1687735251,658356
1687735251,658838
1687735251,667781
1687735251,671551
1687735251,680891
1687735251,681960
1687735251,682655
1687735251,690549
1687735251,690791
1687735251,694916
1687735252,360001
1687735252,365562
1687735252,366917
1687735252,367333
1687735252,369380
1687735252,372479
1687735252,374853
1687735252,374887
1687735252,377939
1687735252,378118
1687735252,382877
1687735252,401458
1687735252,414522
1687735252,417561
1687735252,421514
1687735252,429322
1687735252,429703
1687735252,460416
1687735252,465194
1687735252,485869
1687735252,491444
1687735252,512932
1687735252,522780
1687735252,525865
1687735252,530325
1687735252,535871
1687735252,540109
1687735252,568251
1687735252,570796
1687735252,570834
1687735252,571288
1687735252,587520
1687735252,595526
1687735252,598768
1687735252,607695
1687735252,613247
1687735252,622387
1687735252,628222
1687735252,631247
1687735252,631538
1687735252,639872
1687735252,658350
1687735252,662552
1687735252,663005
1687735252,666747
1687735252,666806
1687735252,668845
1687735252,682080
1687735252,683376
1687735252,684126
1687735252,684934
1687735252,687376
1687735252,696813
1687735253,350777
1687735253,363150
1687735253,367409
1687735253,370134
1687735253,370585
1687735253,373450
1687735253,378595
1687735253,381831
1687735253,383969
1687735253,394540
1687735253,396565
1687735253,407067
1687735253,413840
1687735253,421472
1687735253,424725
1687735253,428960
1687735253,445745
1687735253,453746
1687735253,466528
1687735253,467451
1687735253,483127
1687735253,488903
1687735253,505465
1687735253,514305
1687735253,527242
1687735253,528531
1687735253,534685
1687735253,543259
1687735253,558878
1687735253,561508
1687735253,567891
1687735253,582296
1687735253,588301
1687735253,614118
1687735253,630380
1687735253,635877
1687735253,638317
1687735253,654023
1687735253,656707
1687735253,658511
1687735253,664712
1687735253,677502
1687735253,678256
1687735253,680803
1687735253,685904
1687735253,688210
1687735253,688537
1687735253,693048
1687735253,693433
1687735253,694676
1687735253,695276
1687735254,366539
1687735254,367539
1687735254,368890
1687735254,371485
1687735254,375122
1687735254,376006
1687735254,377071
1687735254,382243
1687735254,393166
1687735254,395324
1687735254,399131
1687735254,399877
1687735254,402947
1687735254,416420
1687735254,418977
1687735254,426200
1687735254,443298
1687735254,444132
1687735254,445925
1687735254,449352
1687735254,457673
1687735254,478605
1687735254,483044
1687735254,486695
1687735254,487534
1687735254,491772
1687735254,507116
1687735254,513334
1687735254,516296
1687735254,543598
1687735254,546281
1687735254,547588
1687735254,549808
1687735254,555112
1687735254,587546
1687735254,592934
1687735254,596493
1687735254,609555
1687735254,617029
1687735254,620254
1687735254,635821
1687735254,643113
1687735254,650426
1687735254,669987
1687735254,670130
1687735254,672341
1687735254,675881
1687735254,677078
1687735254,679733
1687735254,679841
1687735254,681132
1687735254,682659
1687735254,683677
1687735254,685132
1687735254,685419
1687735254,686383
1687735254,692097
1687735254,692217
1687735255,347506
1687735255,364424
1687735255,369020
1687735255,369327
1687735255,374658
1687735255,379603
1687735255,381109
1687735255,386724
1687735255,389644
1687735255,396380
1687735255,397039
1687735255,397103
1687735255,422994
1687735255,432079
1687735255,442676
1687735255,444328
1687735255,456740
1687735255,459482
1687735255,483892
1687735255,491696
1687735255,501591
1687735255,518267
1687735255,542493
1687735255,549631
1687735255,555470
1687735255,556815
1687735255,557977
1687735255,582117
1687735255,582923
1687735255,586075
1687735255,604109
1687735255,610054
1687735255,615598
1687735255,622183
1687735255,637089
1687735255,638645
1687735255,650960
1687735255,652463
1687735255,655133
1687735255,658023
1687735255,671439
1687735255,673832
1687735255,674162
1687735255,684829
1687735255,684989
1687735255,686197
1687735255,689249
1687735255,697389
1687735256,361925
1687735256,362421
1687735256,365616
1687735256,376122
1687735256,382603
1687735256,383195
1687735256,386701
1687735256,391572
1687735256,393794
1687735256,407389
1687735256,408917
1687735256,410256
1687735256,417760
1687735256,434358
1687735256,458659
1687735256,462730
1687735256,469082
1687735256,470033
1687735256,472882
1687735256,478998
1687735256,483846
1687735256,499236
1687735256,501191
1687735256,506795
1687735256,511226
1687735256,511787
1687735256,511868
1687735256,518636
1687735256,521690
1687735256,530945
1687735256,537530
1687735256,543385
1687735256,560454
1687735256,563983
1687735256,573845
1687735256,576832
1687735256,586411
1687735256,593046
1687735256,607456
1687735256,616945
1687735256,622917
1687735256,623547
1687735256,642484
1687735256,645564
1687735256,655905
1687735256,660774
1687735256,666208
1687735256,667499
1687735256,669451
1687735256,683084
1687735256,685685
1687735256,691479
1687735256,692909
1687735256,694874
1687735256,700716
1687735257,355040
1687735257,365159
1687735257,366424
1687735257,368156
1687735257,368818
1687735257,376002
1687735257,376935
1687735257,378782
1687735257,380948
1687735257,381657
1687735257,390086
1687735257,390431
1687735257,395745
1687735257,405392
1687735257,409733
1687735257,412186
1687735257,416094
1687735257,418135
1687735257,436660
1687735257,437418
1687735257,438568
1687735257,457089
1687735257,463244
1687735257,467485
1687735257,468712
1687735257,483169
1687735257,499628
1687735257,500144
1687735257,519147
1687735257,532897
1687735257,535277
1687735257,572617
1687735257,581964
1687735257,585518
1687735257,599216
1687735257,603266
1687735257,618110
1687735257,620390
1687735257,628984
1687735257,637617
1687735257,640228
1687735257,651747
1687735257,654478
1687735257,656110
1687735257,666960
1687735257,674779
1687735257,675691
1687735257,677631
1687735257,686181
1687735257,689856
1687735257,692781
1687735257,693542
1687735257,695351
1687735258,357293
1687735258,365359
1687735258,369192
1687735258,369849
1687735258,371399
1687735258,379166
1687735258,385290
1687735258,390171
1687735258,396401
1687735258,405848
1687735258,413576
1687735258,426235
1687735258,439936
1687735258,450225
1687735258,473910
1687735258,491122
1687735258,493452
1687735258,495825
1687735258,496762
1687735258,506455
1687735258,530692
1687735258,533891
1687735258,536843
1687735258,561112
1687735258,565244
1687735258,567490
1687735258,596938
1687735258,599322
1687735258,599603
1687735258,601357
1687735258,603233
1687735258,634245
1687735258,639203
1687735258,644944
1687735258,650794
1687735258,661303
1687735258,664197
1687735258,675625
1687735258,677987
1687735258,678292
1687735258,686846
1687735258,688389
1687735258,695847
1687735258,700426
1687735259,363955
1687735259,364476
1687735259,366295
1687735259,375217
1687735259,376050
1687735259,395141
1687735259,398756
1687735259,405633
1687735259,414306
1687735259,415259
1687735259,416547
1687735259,429425
1687735259,434275
1687735259,434813
1687735259,446586
1687735259,452868
1687735259,459016
1687735259,475563
1687735259,491325
1687735259,510140
1687735259,512143
1687735259,534204
1687735259,534952
1687735259,556714
1687735259,561351
1687735259,575280
1687735259,578244
1687735259,594163
1687735259,595722
1687735259,598635
1687735259,607691
1687735259,611527
1687735259,630653
1687735259,633860
1687735259,653809
1687735259,659772
1687735259,666046
1687735259,667961
1687735259,673271
1687735259,677013
1687735259,682664
1687735259,684578
1687735259,686832
1687735259,689541
1687735259,690273
1687735259,694413
1687735259,696370
1687735260,358277
1687735260,372971
1687735260,374567
1687735260,375972
1687735260,376748
1687735260,376884
1687735260,387824
1687735260,394451
1687735260,400790
1687735260,415548
1687735260,416130
1687735260,420525
1687735260,421048
1687735260,421807
1687735260,424933
1687735260,447729
1687735260,453683
1687735260,460350
1687735260,472647
1687735260,483531
1687735260,490630
1687735260,515852
1687735260,516466
1687735260,519445
1687735260,522028
1687735260,531958
1687735260,551481
1687735260,573911
1687735260,582571
1687735260,606910
1687735260,614245
1687735260,620390
1687735260,621818
1687735260,631130
1687735260,653030
1687735260,663702
1687735260,672817
1687735260,683868
1687735260,684535
1687735260,685056
1687735260,685288
1687735260,685795
1687735260,701186
1687735261,361759
1687735261,362211
1687735261,366214
1687735261,370445
1687735261,374129
1687735261,379600
1687735261,380496
1687735261,381035
1687735261,383144
1687735261,383660
1687735261,392353
1687735261,397635
1687735261,400322
1687735261,408330
1687735261,433051
1687735261,441835
1687735261,452319
1687735261,470464
1687735261,478432
1687735261,485758
1687735261,488403
1687735261,490530
1687735261,511916
1687735261,513785
1687735261,535388
1687735261,552159
1687735261,553457
1687735261,573209
1687735261,582288
1687735261,586501
1687735261,590092
1687735261,594085
1687735261,614159
1687735261,621219
1687735261,624803
1687735261,633475
1687735261,643069
1687735261,645944
1687735261,647173
1687735261,649719
1687735261,653226
1687735261,656274
1687735261,659917
1687735261,665764
1687735261,672041
1687735261,672395
1687735261,676234
1687735261,678658
1687735261,683516
1687735261,684965
1687735261,691328
1687735261,700404
1687735262,360591
1687735262,367324
1687735262,368141
1687735262,368452
1687735262,369634
1687735262,370543
1687735262,372213
1687735262,377500
1687735262,388244
1687735262,392500
1687735262,393861
1687735262,399396
1687735262,406258
1687735262,417866
1687735262,430458
1687735262,436662
1687735262,440060
1687735262,445593
1687735262,459115
1687735262,470371
1687735262,483637
1687735262,505177
1687735262,512983
1687735262,539930
1687735262,547978
1687735262,548528
1687735262,560133
1687735262,576572
1687735262,593094
1687735262,613835
1687735262,618631
1687735262,619406
1687735262,638141
1687735262,645056
1687735262,646027
1687735262,675766
1687735262,677390
1687735262,677808
1687735262,682629
1687735262,685390
1687735262,686727
1687735262,688309
1687735262,690957
1687735262,695351
1687735263,362844
1687735263,373630
1687735263,377182
1687735263,378628
1687735263,380255
1687735263,381694
1687735263,386687
1687735263,391526
1687735263,408367
1687735263,428893
1687735263,434004
1687735263,442693
1687735263,446840
1687735263,454314
1687735263,466424
1687735263,468086
1687735263,489299
1687735263,489796
1687735263,509241
1687735263,525396
1687735263,525873
1687735263,541353
1687735263,548777
1687735263,558836
1687735263,560900
1687735263,578442
1687735263,591841
1687735263,604970
1687735263,606598
1687735263,615443
1687735263,624989
1687735263,636545
1687735263,647444
1687735263,651325
1687735263,657144
1687735263,665373
1687735263,668647
1687735263,669463
1687735263,674528
1687735263,681854
1687735263,681948
1687735263,689263
1687735263,690975
1687735263,691097
1687735263,702297
1687735264,357214
1687735264,362053
1687735264,366597
1687735264,371243
1687735264,372972
1687735264,381618
1687735264,383822
1687735264,384176
1687735264,384650
1687735264,385543
1687735264,385981
1687735264,405168
1687735264,406811
1687735264,409520
1687735264,411379
1687735264,420656
1687735264,424877
1687735264,433422
1687735264,463548
1687735264,464315
1687735264,465380
1687735264,469063
1687735264,470598
1687735264,483555
1687735264,494903
1687735264,505218
1687735264,508544
1687735264,525778
1687735264,531925
1687735264,533601
1687735264,536105
1687735264,539397
1687735264,549518
1687735264,566826
1687735264,568795
1687735264,570082
1687735264,585963
1687735264,589471
1687735264,600387
1687735264,604554
1687735264,624183
1687735264,624417
1687735264,629528
1687735264,643130
1687735264,660080
1687735264,663712
1687735264,664698
1687735264,666082
1687735264,667373
1687735264,674697
1687735264,676508
1687735264,676965
1687735264,684747
1687735264,685466
1687735264,686799
1687735264,689005
1687735264,695370
1687735264,699486
1687735264,701350
1687735265,358345
1687735265,361280
1687735265,363543
1687735265,369492
1687735265,370778
1687735265,372921
1687735265,376218
1687735265,377240
1687735265,388761
1687735265,397189
1687735265,405607
1687735265,427983
1687735265,428150
1687735265,442451
1687735265,458102
1687735265,464824
1687735265,495851
1687735265,504933
1687735265,524237
1687735265,531894
1687735265,535673
1687735265,543247
1687735265,563187
1687735265,563388
1687735265,565101
1687735265,582847
1687735265,601735
1687735265,605894
1687735265,620234
1687735265,631518
1687735265,635285
1687735265,641452
1687735265,655780
1687735265,659386
1687735265,659473
1687735265,662036
1687735265,674053
1687735265,676401
1687735265,679440
1687735265,679576
1687735265,685983
1687735265,687471
1687735265,688874
1687735265,691215
1687735265,691257
1687735266,359920
1687735266,361798
1687735266,368572
1687735266,370819
1687735266,371541
1687735266,372637
1687735266,395661
1687735266,397669
1687735266,399065
1687735266,399811
1687735266,406589
1687735266,409055
1687735266,426368
1687735266,442840
1687735266,453057
1687735266,454999
1687735266,456796
1687735266,480589
1687735266,488913
1687735266,490923
1687735266,512381
1687735266,518949
1687735266,528206
1687735266,555492
1687735266,556206
1687735266,559432
1687735266,565143
1687735266,590550
1687735266,591084
1687735266,601927
1687735266,603881
1687735266,616769
1687735266,623878
1687735266,642373
1687735266,647200
1687735266,654733
1687735266,656450
1687735266,672863
1687735266,674928
1687735266,682576
1687735266,692302
1687735266,694214
1687735266,698218
1687735267,349179
1687735267,363183
1687735267,363407
1687735267,363846
1687735267,368486
1687735267,372311
1687735267,375542
1687735267,379254
1687735267,380612
1687735267,381699
1687735267,388025
1687735267,389047
1687735267,392400
1687735267,399267
1687735267,402030
1687735267,417789
1687735267,418877
1687735267,422135
1687735267,424056
1687735267,440075
1687735267,441276
1687735267,451460
1687735267,479788
1687735267,485319
1687735267,500122
1687735267,501015
1687735267,516490
1687735267,520297
1687735267,555989
1687735267,557603
1687735267,579852
1687735267,583467
1687735267,589997
1687735267,594553
1687735267,601685
1687735267,603268
1687735267,614686
1687735267,617161
1687735267,621640
1687735267,627105
1687735267,637580
1687735267,638985
1687735267,651846
1687735267,662159
1687735267,662964
1687735267,664657
1687735267,667245
1687735267,668921
1687735267,681754
1687735267,682091
1687735267,683423
1687735267,686571
1687735267,686624
1687735267,687815
1687735267,690084
1687735267,691602
1687735268,363411
1687735268,363645
1687735268,364766
1687735268,369670
1687735268,375950
1687735268,380586
1687735268,380881
1687735268,389088
1687735268,391579
1687735268,412811
1687735268,416738
1687735268,426166
1687735268,430036
1687735268,442121
1687735268,446799
1687735268,459441
1687735268,477762
1687735268,479411
1687735268,479573
1687735268,491443
1687735268,505235
1687735268,515194
1687735268,515826
1687735268,517530
1687735268,518587
1687735268,540696
1687735268,544126
1687735268,558831
1687735268,578616
1687735268,580584
1687735268,583106
1687735268,616680
1687735268,617916
1687735268,619602
1687735268,624998
1687735268,645917
1687735268,652566
1687735268,660265
1687735268,671517
1687735268,676895
1687735268,687206
1687735268,687459
1687735268,691755
1687735268,692679
1687735268,692834
1687735268,694980
1687735268,697499
1687735269,356719
1687735269,364586
1687735269,370714
1687735269,372320
1687735269,387620
1687735269,390213
1687735269,399384
1687735269,402704
1687735269,407758
1687735269,415730
1687735269,418193
1687735269,422205
1687735269,436977
1687735269,438637
1687735269,457832
1687735269,466484
1687735269,471647
1687735269,478015
1687735269,492399
1687735269,507836
1687735269,518473
1687735269,522229
1687735269,546382
1687735269,556799
1687735269,567786
1687735269,579790
1687735269,581262
1687735269,595382
1687735269,613761
1687735269,615952
1687735269,639331
1687735269,640733
1687735269,649925
1687735269,652607
1687735269,653846
1687735269,668572
1687735269,671547
1687735269,675739
1687735269,677265
1687735269,680307
1687735269,686702
1687735269,699771
1687735270,362426
1687735270,365829
1687735270,369244
1687735270,370668
1687735270,373395
1687735270,376803
1687735270,378140
1687735270,378140
1687735270,383375
1687735270,386149
1687735270,391206
1687735270,399709
1687735270,408168
1687735270,434886
1687735270,441677
1687735270,441864
1687735270,451255
1687735270,453461
1687735270,465104
1687735270,491288
1687735270,493377
1687735270,501095
1687735270,507867
1687735270,509534
1687735270,533303
1687735270,536369
1687735270,543362
1687735270,554373
1687735270,566395
1687735270,598098
1687735270,607616
1687735270,609191
1687735270,611832
1687735270,632205
1687735270,639670
1687735270,644039
1687735270,647791
1687735270,650861
1687735270,667288
1687735270,669088
1687735270,674343
1687735270,677194
1687735270,678300
1687735270,678892
1687735270,680167
1687735270,681626
1687735270,688348
1687735270,693071
1687735270,700161
1687735271,362164
1687735271,363023
1687735271,371182
1687735271,376079
1687735271,381184
1687735271,386520
1687735271,391275
1687735271,393348
1687735271,401881
1687735271,402749
1687735271,407186
1687735271,408528
1687735271,416626
1687735271,431789
1687735271,433456
1687735271,441273
1687735271,460509
1687735271,464115
1687735271,471807
1687735271,472787
1687735271,493882
1687735271,496638
1687735271,498931
1687735271,501046
1687735271,502892
1687735271,532146
1687735271,533581
1687735271,533729
1687735271,546931
1687735271,552995
1687735271,560601
1687735271,566857
1687735271,570049
1687735271,595120
1687735271,603916
1687735271,605406
1687735271,631650
1687735271,634558
1687735271,643948
1687735271,656875
1687735271,660370
1687735271,667778
1687735271,672498
1687735271,680351
1687735271,681771
1687735271,682621
1687735271,691045
1687735271,691048
1687735271,695241
1687735272,360059
1687735272,365557
1687735272,366524
1687735272,366812
1687735272,369959
1687735272,372510
1687735272,374468
1687735272,375404
1687735272,376854
1687735272,379327
1687735272,383665
1687735272,400025
1687735272,416082
1687735272,419106
1687735272,423521
1687735272,427733
1687735272,431349
1687735272,431563
1687735272,448410
1687735272,458396
1687735272,467082
1687735272,487913
1687735272,489369
1687735272,514766
1687735272,520304
1687735272,523973
1687735272,532328
1687735272,542292
1687735272,568584
1687735272,569280
1687735272,570474
1687735272,572948
1687735272,589439
1687735272,593427
1687735272,609410
1687735272,615318
1687735272,629195
1687735272,629757
1687735272,632632
1687735272,637722
1687735272,659512
1687735272,664005
1687735272,665441
1687735272,667785
1687735272,682654
1687735272,683298
1687735272,684258
1687735272,684363
1687735272,684558
1687735272,686124
1687735272,697113
1687735273,351579
1687735273,362799
1687735273,368128
1687735273,373002
1687735273,378857
1687735273,380445
1687735273,383421
1687735273,394987
1687735273,408863
1687735273,415757
1687735273,419997
1687735273,423031
1687735273,427209
1687735273,447707
1687735273,452091
1687735273,464409
1687735273,469536
1687735273,484831
1687735273,486705
1687735273,502354
1687735273,507271
1687735273,514030
1687735273,516265
1687735273,526402
1687735273,529364
1687735273,532986
1687735273,541017
1687735273,545141
1687735273,556890
1687735273,559325
1687735273,570041
1687735273,584632
1687735273,586144
1687735273,596748
1687735273,608708
1687735273,615689
1687735273,628356
1687735273,633800
1687735273,639783
1687735273,644635
1687735273,652283
1687735273,655289
1687735273,655761
1687735273,659979
1687735273,673190
1687735273,676291
1687735273,678744
1687735273,679779
1687735273,681535
1687735273,686831
1687735273,687577
1687735273,688187
1687735273,692015
1687735273,693341
1687735273,693463
1687735273,694724
1687735274,365832
1687735274,367472
1687735274,369188
1687735274,372212
1687735274,374991
1687735274,375215
1687735274,382805
1687735274,391636
1687735274,396574
1687735274,400232
1687735274,401269
1687735274,401589
1687735274,414612
1687735274,417224
1687735274,428057
1687735274,441338
1687735274,444255
1687735274,446176
1687735274,447169
1687735274,459829
1687735274,476818
1687735274,480751
1687735274,484483
1687735274,489540
1687735274,489868
1687735274,509101
1687735274,545586
1687735274,545636
1687735274,547809
1687735274,548272
1687735274,557227
1687735274,589837
1687735274,590672
1687735274,594169
1687735274,611342
1687735274,615181
1687735274,618212
1687735274,636942
1687735274,649031
1687735274,671271
1687735274,673231
1687735274,676118
1687735274,676706
1687735274,678530
1687735274,678868
1687735274,681439
1687735274,684935
1687735274,686537
1687735274,689312
1687735274,692307
1687735275,347621
1687735275,364451
1687735275,368677
1687735275,369427
1687735275,375208
1687735275,380289
1687735275,380708
1687735275,386996
1687735275,391138
1687735275,395739
1687735275,396026
1687735275,398032
1687735275,425114
1687735275,433901
1687735275,442188
1687735275,444729
1687735275,454508
1687735275,461440
1687735275,485730
1687735275,493596
1687735275,503661
1687735275,511067
1687735275,519996
1687735275,532907
1687735275,535796
1687735275,544587
1687735275,547551
1687735275,556174
1687735275,557429
1687735275,579903
1687735275,588146
1687735275,605613
1687735275,608232
1687735275,613589
1687735275,623973
1687735275,629126
1687735275,638582
1687735275,640168
1687735275,651268
1687735275,656319
1687735275,656597
1687735275,671214
1687735275,672712
1687735275,672845
1687735275,675031
1687735275,681289
1687735275,684585
1687735275,685641
1687735275,685788
1687735275,689642
1687735275,697133
1687735276,362220
1687735276,362438
1687735276,365681
1687735276,375434
1687735276,381799
1687735276,384354
1687735276,387363
1687735276,392169
1687735276,392654
1687735276,407429
1687735276,408977
1687735276,419628
1687735276,432637
1687735276,460631
1687735276,464804
1687735276,467129
1687735276,467973
1687735276,470883
1687735276,480975
1687735276,485889
1687735276,501350
1687735276,504798
1687735276,509138
1687735276,509604
1687735276,509793
1687735276,520674
1687735276,523652
1687735276,535413
1687735276,541438
1687735276,562727
1687735276,566075
1687735276,571818
1687735276,574672
1687735276,588472
1687735276,594967
1687735276,605360
1687735276,615040
1687735276,624366
1687735276,625308
1687735276,640780
1687735276,643746
1687735276,657239
1687735276,661544
1687735276,666463
1687735276,667145
1687735276,668297
1687735276,675433
1687735276,682749
1687735276,684962
1687735276,686071
1687735276,691478
1687735276,692978
1687735276,694051
1687735276,700518
1687735277,354481
1687735277,364572
1687735277,366471
1687735277,368349
1687735277,368691
1687735277,374774
1687735277,376865
1687735277,376976
1687735277,380161
1687735277,380241
1687735277,382137
1687735277,389241
1687735277,389292
1687735277,406707
1687735277,408114
1687735277,410798
1687735277,414199
1687735277,420233
1687735277,434686
1687735277,435236
1687735277,440428
1687735277,459239
1687735277,460952
1687735277,465533
1687735277,470768
1687735277,481031
1687735277,498002
1687735277,501531
1687735277,521112
1687735277,530994
1687735277,537195
1687735277,570305
1687735277,572231
1687735277,583468
1687735277,584054
1687735277,595106
1687735277,601218
1687735277,601312
1687735277,619766
1687735277,622131
1687735277,630798
1687735277,635832
1687735277,638362
1687735277,653262
1687735277,657254
1687735277,665478
1687735277,673279
1687735277,675264
1687735277,676449
1687735277,676783
1687735277,686620
1687735277,692522
1687735277,692968
1687735277,695307
1687735277,701719
1687735278,357103
1687735278,365309
1687735278,369302
1687735278,369652
1687735278,372287
1687735278,379820
1687735278,384576
1687735278,391387
1687735278,397986
1687735278,404531
1687735278,415282
1687735278,424200
1687735278,432276
1687735278,441893
1687735278,452494
1687735278,476036
1687735278,478707
1687735278,489346
1687735278,491441
1687735278,497800
1687735278,498683
1687735278,508399
1687735278,528716
1687735278,531797
1687735278,532309
1687735278,538926
1687735278,557639
1687735278,562985
1687735278,563287
1687735278,565130
1687735278,594845
1687735278,597317
1687735278,601596
1687735278,603325
1687735278,604773
1687735278,632167
1687735278,637587
1687735278,640720
1687735278,646383
1687735278,652096
1687735278,652169
1687735278,659575
1687735278,661107
1687735278,664924
1687735278,674528
1687735278,674950
1687735278,677813
1687735278,678820
1687735278,684780
1687735278,685038
1687735278,686906
1687735278,688651
1687735278,690628
1687735278,696258
1687735278,700282
1687735279,363933
1687735279,364751
1687735279,365600
1687735279,366252
1687735279,366472
1687735279,374884
1687735279,375016
1687735279,384223
1687735279,390179
1687735279,396820
1687735279,397323
1687735279,404481
1687735279,412590
1687735279,417076
1687735279,418025
1687735279,427581
1687735279,436481
1687735279,436709
1687735279,447461
1687735279,450772
1687735279,457032
1687735279,477655
1687735279,489266
1687735279,509982
1687735279,512237
1687735279,517441
1687735279,526047
1687735279,536090
1687735279,536950
1687735279,549001
1687735279,554573
1687735279,559122
1687735279,577480
1687735279,580344
1687735279,592111
1687735279,596421
1687735279,597508
1687735279,605984
1687735279,613341
1687735279,628656
1687735279,635438
1687735279,638046
1687735279,652227
1687735279,654039
1687735279,658235
1687735279,664890
1687735279,667328
1687735279,668780
1687735279,676334
1687735279,683367
1687735279,684219
1687735279,689352
1687735279,690048
1687735279,690450
1687735279,694616
1687735279,696834
1687735280,357788
1687735280,363983
1687735280,372041
1687735280,375203
1687735280,375852
1687735280,375868
1687735280,376884
1687735280,388723
1687735280,395556
1687735280,395631
1687735280,399228
1687735280,413885
1687735280,417721
1687735280,418833
1687735280,419494
1687735280,420272
1687735280,426773
1687735280,445573
1687735280,455533
1687735280,457983
1687735280,458400
1687735280,474702
1687735280,485440
1687735280,488531
1687735280,513990
1687735280,518284
1687735280,520107
1687735280,533986
1687735280,549574
1687735280,551857
1687735280,553787
1687735280,576167
1687735280,584456
1687735280,616157
1687735280,618478
1687735280,619831
1687735280,624057
1687735280,631848
1687735280,632761
1687735280,653913
1687735280,657693
1687735280,665245
1687735280,675228
1687735280,679803
1687735280,681608
1687735280,682928
1687735280,684270
1687735280,685476
1687735280,685852
1687735280,686005
1687735280,701155
1687735281,354916
1687735281,361570
1687735281,362044
1687735281,365469
1687735281,370009
1687735281,373676
1687735281,378630
1687735281,379449
1687735281,381237
1687735281,382089
1687735281,383610
1687735281,384774
1687735281,391060
1687735281,399156
1687735281,410304
1687735281,424228
1687735281,431334
1687735281,439413
1687735281,454198
1687735281,472421
1687735281,476163
1687735281,483674
1687735281,490075
1687735281,492477
1687735281,513673
1687735281,515698
1687735281,525345
1687735281,533312
1687735281,551290
1687735281,554393
1687735281,575231
1687735281,580328
1687735281,584431
1687735281,591885
1687735281,592117
1687735281,594932
1687735281,615820
1687735281,618966
1687735281,619091
1687735281,626361
1687735281,648815
1687735281,650955
1687735281,651528
1687735281,657393
1687735281,661019
1687735281,671110
1687735281,671635
1687735281,673155
1687735281,679376
1687735281,684551
1687735281,684671
1687735281,690742
1687735281,693067
1687735281,699749
1687735282,360796
1687735282,367121
1687735282,367650
1687735282,368458
1687735282,369013
1687735282,371221
1687735282,373451
1687735282,376913
1687735282,386976
1687735282,391575
1687735282,392579
1687735282,400648
1687735282,401551
1687735282,408017
1687735282,416495
1687735282,432373
1687735282,434586
1687735282,438234
1687735282,448000
1687735282,461116
1687735282,468173
1687735282,475692
1687735282,481689
1687735282,507221
1687735282,510885
1687735282,537855
1687735282,545950
1687735282,550680
1687735282,562142
1687735282,574296
1687735282,581641
1687735282,593805
1687735282,615550
1687735282,616710
1687735282,617437
1687735282,639402
1687735282,641216
1687735282,643177
1687735282,644221
1687735282,647485
1687735282,668949
1687735282,673690
1687735282,675971
1687735282,676785
1687735282,678613
1687735282,682901
1687735282,684910
1687735282,686902
1687735282,688225
1687735282,691197
1687735282,695599
1687735283,351333
1687735283,362227
1687735283,374009
1687735283,376033
1687735283,379071
1687735283,380196
1687735283,381117
1687735283,381502
1687735283,387681
1687735283,391928
1687735283,392870
1687735283,406786
1687735283,430802
1687735283,435895
1687735283,440726
1687735283,448847
1687735283,452446
1687735283,465765
1687735283,468313
1687735283,491367
1687735283,491641
1687735283,505679
1687735283,506950
1687735283,527157
1687735283,527692
1687735283,539222
1687735283,550758
1687735283,557026
1687735283,563130
1687735283,576168
1687735283,608264
1687735283,613844
1687735283,626734
1687735283,638006
1687735283,645499
1687735283,650024
1687735283,658684
1687735283,663696
1687735283,670335
1687735283,681517
1687735283,685133
1687735283,689793
1687735283,690610
1687735283,691094
1687735283,695690
1687735283,702363
1687735284,356840
1687735284,362809
1687735284,363836
1687735284,366954
1687735284,370402
1687735284,373633
1687735284,383363
1687735284,383710
1687735284,385144
1687735284,386883
1687735284,404045
1687735284,405297
1687735284,408685
1687735284,409822
1687735284,410813
1687735284,422841
1687735284,426599
1687735284,431660
1687735284,462028
1687735284,462282
1687735284,467354
1687735284,468083
1687735284,471101
1687735284,485592
1687735284,492710
1687735284,506849
1687735284,507044
1687735284,527693
1687735284,529722
1687735284,533894
1687735284,535686
1687735284,541380
1687735284,564944
1687735284,568246
1687735284,570998
1687735284,587972
1687735284,591621
1687735284,598213
1687735284,606537
1687735284,625360
1687735284,626072
1687735284,629673
1687735284,639541
1687735284,641102
1687735284,661391
1687735284,662676
1687735284,663846
1687735284,664347
1687735284,668203
1687735284,676012
1687735284,677381
1687735284,681009
1687735284,685902
1687735284,686148
1687735284,688681
1687735284,699460
1687735285,359290
1687735285,361712
1687735285,362374
1687735285,369048
1687735285,370717
1687735285,374410
1687735285,375928
1687735285,376517
1687735285,377044
1687735285,384303
1687735285,387940
1687735285,395645
1687735285,407301
1687735285,426133
1687735285,426162
1687735285,444281
1687735285,456125
1687735285,466947
1687735285,493799
1687735285,506985
1687735285,514300
1687735285,516825
1687735285,526423
1687735285,529949
1687735285,533401
1687735285,560922
1687735285,561201
1687735285,567282
1687735285,580846
1687735285,599838
1687735285,599850
1687735285,607790
1687735285,621744
1687735285,631350
1687735285,637048
1687735285,644174
1687735285,660504
1687735285,660536
1687735285,660745
1687735285,673353
1687735285,677232
1687735285,678759
1687735285,680222
1687735285,687028
1687735285,687142
1687735285,689287
1687735285,690828
1687735285,691152
1687735285,698939
1687735286,359865
1687735286,367914
1687735286,371563
1687735286,372248
1687735286,372750
1687735286,380391
1687735286,396308
1687735286,396816
1687735286,399068
1687735286,400661
1687735286,407966
1687735286,411130
1687735286,424438
1687735286,443146
1687735286,444908
1687735286,450964
1687735286,455035
1687735286,457298
1687735286,482731
1687735286,486769
1687735286,488805
1687735286,504358
1687735286,543139
1687735286,545253
1687735286,554013
1687735286,561497
1687735286,567084
1687735286,588571
1687735286,618320
1687735286,621855
1687735286,648445
1687735286,655034
1687735286,655931
1687735286,672442
1687735286,675799
1687735286,681303
1687735286,683058
1687735286,692327
1687735286,693718
1687735287,349181
1687735287,363323
1687735287,363515
1687735287,368951
1687735287,372449
1687735287,374822
1687735287,378534
1687735287,382852
1687735287,389531
1687735287,393439
1687735287,398292
1687735287,400723
1687735287,411239
1687735287,415996
1687735287,423736
1687735287,442055
1687735287,449446
1687735287,481702
1687735287,483254
1687735287,498811
1687735287,502049
1687735287,517917
1687735287,518386
1687735287,554027
1687735287,555196
1687735287,582059
1687735287,585717
1687735287,587833
1687735287,588775
1687735287,600897
1687735287,603313
1687735287,618854
1687735287,623322
1687735287,625311
1687735287,639294
1687735287,640602
1687735287,650599
1687735287,660970
1687735287,665702
1687735287,668485
1687735287,669868
1687735287,674137
1687735287,681776
1687735287,686145
1687735287,687137
1687735287,688182
1687735287,691551
1687735288,363304
1687735288,363981
1687735288,364124
1687735288,369919
1687735288,375149
1687735288,380460
1687735288,381459
1687735288,392779
1687735288,418428
1687735288,420652
1687735288,424591
1687735288,432038
1687735288,440328
1687735288,444948
1687735288,461413
1687735288,475780
1687735288,477186
1687735288,481534
1687735288,493414
1687735288,503178
1687735288,513644
1687735288,516594
1687735288,517252
1687735288,519432
1687735288,537925
1687735288,542067
1687735288,560914
1687735288,579307
1687735288,580706
1687735288,580795
1687735288,582756
1687735288,596459
1687735288,614476
1687735288,617652
1687735288,619650
1687735288,623233
1687735288,630612
1687735288,644032
1687735288,654117
1687735288,654761
1687735288,661364
1687735288,664041
1687735288,667507
1687735288,670396
1687735288,676892
1687735288,681726
1687735288,687701
1687735288,688072
1687735288,692094
1687735288,692339
1687735288,693981
1687735288,697485
1687735289,356038
1687735289,364835
1687735289,369950
1687735289,373723
1687735289,374789
1687735289,388933
1687735289,401105
1687735289,404388
1687735289,406397
1687735289,414019
1687735289,420146
1687735289,420902
1687735289,434974
1687735289,459893
1687735289,463112
1687735289,468560
1687735289,469624
1687735289,476032
1687735289,494109
1687735289,505845
1687735289,520022
1687735289,520345
1687735289,544072
1687735289,558940
1687735289,569875
1687735289,577562
1687735289,597353
1687735289,605652
1687735289,611675
1687735289,617562
1687735289,637494
1687735289,639138
1687735289,648553
1687735289,654169
1687735289,674777
1687735289,678267
1687735289,680996
1687735289,686472
1687735289,688682
1687735289,700018
1687735290,362665
1687735290,365869
1687735290,370244
1687735290,374372
1687735290,376088
1687735290,378976
1687735290,378989
1687735290,384417
1687735290,384686
1687735290,390213
1687735290,394289
1687735290,401092
1687735290,409831
1687735290,433165
1687735290,439919
1687735290,440129
1687735290,440452
1687735290,453581
1687735290,455599
1687735290,493235
1687735290,498888
1687735290,511466
1687735290,534410
1687735290,535294
1687735290,541360
1687735290,556534
1687735290,564306
1687735290,597025
1687735290,600125
1687735290,605526
1687735290,610770
1687735290,632690
1687735290,633754
1687735290,637505
1687735290,645342
1687735290,646091
1687735290,652218
1687735290,665769
1687735290,667316
1687735290,667469
1687735290,672344
1687735290,673447
1687735290,675078
1687735290,677185
1687735290,678241
1687735290,679123
1687735290,680152
1687735290,681110
1687735290,692897
1687735290,699824
1687735291,363043
1687735291,371655
1687735291,375530
1687735291,380039
1687735291,387631
1687735291,392523
1687735291,394920
1687735291,401063
1687735291,405785
1687735291,429882
1687735291,435163
1687735291,443330
1687735291,458388
1687735291,473851
1687735291,474648
1687735291,495368
1687735291,495775
1687735291,496737
1687735291,498895
1687735291,531547
1687735291,531600
1687735291,534244
1687735291,544820
1687735291,555038
1687735291,558375
1687735291,567614
1687735291,569110
1687735291,597055
1687735291,601954
1687735291,603367
1687735291,633583
1687735291,645288
1687735291,655354
1687735291,661889
1687735291,679765
1687735291,680879
1687735291,685570
1687735291,690550
1687735291,691327
1687735291,691506
1687735291,695580
1687735292,360110
1687735292,365622
1687735292,366165
1687735292,366326
1687735292,372580
1687735292,374022
1687735292,375843
1687735292,375928
1687735292,380595
1687735292,383149
1687735292,398660
1687735292,417635
1687735292,420715
1687735292,425539
1687735292,426163
1687735292,429869
1687735292,433438
1687735292,450266
1687735292,456349
1687735292,468981
1687735292,487286
1687735292,489941
1687735292,516555
1687735292,522072
1687735292,534341
1687735292,544477
1687735292,566393
1687735292,567244
1687735292,572688
1687735292,575071
1687735292,591307
1687735292,591309
1687735292,617390
1687735292,627092
1687735292,631263
1687735292,633668
1687735292,641226
1687735292,659183
1687735292,660671
1687735292,664060
1687735292,665409
1687735292,666682
1687735292,668712
1687735292,683207
1687735292,684174
1687735292,684555
1687735292,684824
1687735292,685114
1687735292,693617
1687735292,697410
1687735293,352452
1687735293,368842
1687735293,372604
1687735293,379124
1687735293,379147
1687735293,382923
1687735293,393440
1687735293,399572
1687735293,410655
1687735293,417693
1687735293,421372
1687735293,422629
1687735293,425493
1687735293,449695
1687735293,450513
1687735293,462322
1687735293,471618
1687735293,484519
1687735293,491558
1687735293,509128
1687735293,518225
1687735293,524285
1687735293,531233
1687735293,531526
1687735293,554899
1687735293,557159
1687735293,572182
1687735293,580615
1687735293,583980
1687735293,591889
1687735293,592121
1687735293,594697
1687735293,610507
1687735293,617248
1687735293,625705
1687735293,626327
1687735293,631683
1687735293,646128
1687735293,650522
1687735293,653867
1687735293,657052
1687735293,661421
1687735293,674987
1687735293,678711
1687735293,679205
1687735293,686960
1687735293,687741
1687735293,687807
1687735293,692518
1687735293,693475
1687735293,694164
1687735294,365241
1687735294,367407
1687735294,369508
1687735294,372989
1687735294,374455
1687735294,374835
1687735294,374885
1687735294,383379
1687735294,390119
1687735294,397862
1687735294,401369
1687735294,403351
1687735294,412837
1687735294,415482
1687735294,429929
1687735294,442634
1687735294,445021
1687735294,448205
1687735294,461972
1687735294,463402
1687735294,475031
1687735294,478504
1687735294,482331
1687735294,488009
1687735294,511088
1687735294,511754
1687735294,542730
1687735294,543596
1687735294,547674
1687735294,550282
1687735294,559356
1687735294,578508
1687735294,588371
1687735294,612658
1687735294,613098
1687735294,613334
1687735294,616171
1687735294,638103
1687735294,674121
1687735294,675059
1687735294,677503
1687735294,680331
1687735294,681744
1687735294,684443
1687735294,686659
1687735294,690275
1687735295,347763
1687735295,364501
1687735295,369887
1687735295,375804
1687735295,379511
1687735295,387233
1687735295,392664
1687735295,394368
1687735295,395050
1687735295,399659
1687735295,427207
1687735295,435761
1687735295,446779
1687735295,452314
1687735295,487605
1687735295,495535
1687735295,505759
1687735295,508810
1687735295,521748
1687735295,545488
1687735295,546708
1687735295,554383
1687735295,559423
1687735295,577692
1687735295,590202
1687735295,606392
1687735295,607114
1687735295,611577
1687735295,625771
1687735295,640084
1687735295,641676
1687735295,650007
1687735295,654529
1687735295,658049
1687735295,671551
1687735295,672315
1687735295,674209
1687735295,675881
1687735295,684035
1687735295,685031
1687735295,685358
1687735295,686270
1687735295,690044
1687735295,691116
1687735295,696858
1687735296,362456
1687735296,362566
1687735296,365756
1687735296,374793
1687735296,381004
1687735296,385538
1687735296,385873
1687735296,386269
1687735296,387398
1687735296,388005
1687735296,391467
1687735296,392752
1687735296,405936
1687735296,410563
1687735296,421525
1687735296,430973
1687735296,462627
1687735296,465235
1687735296,465847
1687735296,466874
1687735296,468856
1687735296,480691
1687735296,482950
1687735296,487906
1687735296,503414
1687735296,507054
1687735296,507433
1687735296,507718
1687735296,522692
1687735296,525642
1687735296,533350
1687735296,534860
1687735296,539492
1687735296,564960
1687735296,568176
1687735296,569828
1687735296,572459
1687735296,590472
1687735296,596846
1687735296,603293
1687735296,613173
1687735296,625813
1687735296,627065
1687735296,639096
1687735296,641918
1687735296,658610
1687735296,662276
1687735296,665380
1687735296,667105
1687735296,668052
1687735296,676319
1687735296,677179
1687735296,682329
1687735296,686429
1687735296,691441
1687735296,692983
1687735296,693166
1687735296,700311
1687735297,353965
1687735297,364027
1687735297,366526
1687735297,367920
1687735297,369249
1687735297,376843
1687735297,377987
1687735297,379400
1687735297,381697
1687735297,382615
1687735297,388160
1687735297,388434
1687735297,392854
1687735297,406480
1687735297,408063
1687735297,409445
1687735297,412319
1687735297,422292
1687735297,432757
1687735297,433040
1687735297,442266
1687735297,461402
1687735297,463579
1687735297,472822
1687735297,478904
1687735297,495854
1687735297,503458
1687735297,523101
1687735297,529091
1687735297,539111
1687735297,568048
1687735297,574232
1687735297,581404
1687735297,586171
1687735297,599371
1687735297,603209
1687735297,621406
1687735297,623858
1687735297,632614
1687735297,634018
1687735297,636489
1687735297,642219
1687735297,654748
1687735297,658362
1687735297,663956
1687735297,663962
1687735297,671861
1687735297,675758
1687735297,675966
1687735297,687044
1687735297,692223
1687735297,692363
1687735297,695240
1687735297,702039
1687735298,357007
1687735298,365305
1687735298,367892
1687735298,368763
1687735298,370572
1687735298,373194
1687735298,380509
1687735298,383933
1687735298,384497
1687735298,392645
1687735298,399612
1687735298,403263
1687735298,407042
1687735298,417032
1687735298,422174
1687735298,430248
1687735298,443853
1687735298,454788
1687735298,478150
1687735298,487565
1687735298,489420
1687735298,499748
1687735298,500594
1687735298,510370
1687735298,526699
1687735298,529680
1687735298,530208
1687735298,541013
1687735298,559789
1687735298,560763
1687735298,562774
1687735298,565474
1687735298,592755
1687735298,595286
1687735298,602985
1687735298,603572
1687735298,605244
1687735298,606312
1687735298,626608
1687735298,630074
1687735298,635595
1687735298,647800
1687735298,653111
1687735298,653544
1687735298,657829
1687735298,665664
1687735298,674280
1687735298,675789
1687735298,677271
1687735298,679671
1687735298,684801
1687735298,686926
1687735298,688902
1687735298,696641
1687735298,697217
1687735298,700085
1687735299,363955
1687735299,365118
1687735299,365285
1687735299,366669
1687735299,366854
1687735299,374046
1687735299,374577
1687735299,391337
1687735299,395927
1687735299,398553
1687735299,403370
1687735299,410868
1687735299,418918
1687735299,419560
1687735299,425715
1687735299,438635
1687735299,438691
1687735299,448692
1687735299,449605
1687735299,455113
1687735299,462075
1687735299,479744
1687735299,487183
1687735299,502795
1687735299,507810
1687735299,514359
1687735299,523898
1687735299,538017
1687735299,538980
1687735299,551096
1687735299,552455
1687735299,556904
1687735299,579678
1687735299,582403
1687735299,590042
1687735299,594160
1687735299,599242
1687735299,604246
1687735299,615122
1687735299,616588
1687735299,636989
1687735299,639381
1687735299,650633
1687735299,656646
1687735299,668564
1687735299,669546
1687735299,675677
1687735299,683840
1687735299,683971
1687735299,684067
1687735299,688441
1687735299,690498
1687735299,694820
1687735300,357340
1687735300,364137
1687735300,371095
1687735300,374992
1687735300,375802
1687735300,375910
1687735300,376868
1687735300,389654
1687735300,396701
1687735300,397687
1687735300,407164
1687735300,412232
1687735300,417135
1687735300,418002
1687735300,419365
1687735300,428613
1687735300,443470
1687735300,455986
1687735300,456448
1687735300,457423
1687735300,476748
1687735300,486394
1687735300,487353
1687735300,512115
1687735300,515437
1687735300,518130
1687735300,520120
1687735300,535980
1687735300,546989
1687735300,547672
1687735300,551855
1687735300,554193
1687735300,578446
1687735300,586334
1687735300,617888
1687735300,618067
1687735300,634420
1687735300,652033
1687735300,656169
1687735300,666782
1687735300,670400
1687735300,677995
1687735300,680344
1687735300,681488
1687735300,681909
1687735300,685156
1687735300,686402
1687735300,686962
1687735300,701087
1687735301,355474
1687735301,361440
1687735301,361935
1687735301,362940
1687735301,364729
1687735301,369553
1687735301,373282
1687735301,377707
1687735301,378258
1687735301,382008
1687735301,383127
1687735301,384054
1687735301,389753
1687735301,400704
1687735301,402783
1687735301,412302
1687735301,426183
1687735301,429670
1687735301,437035
1687735301,440094
1687735301,456059
1687735301,473929
1687735301,474415
1687735301,481577
1687735301,491743
1687735301,494413
1687735301,515411
1687735301,517607
1687735301,527358
1687735301,531212
1687735301,549096
1687735301,556634
1687735301,577248
1687735301,578371
1687735301,582318
1687735301,589675
1687735301,594118
1687735301,616945
1687735301,617454
1687735301,620632
1687735301,627935
1687735301,649802
1687735301,650442
1687735301,652197
1687735301,658482
1687735301,662046
1687735301,669779
1687735301,674209
1687735301,680097
1687735301,684402
1687735301,685588
1687735301,690133
1687735301,693301
1687735301,699000
1687735302,360978
1687735302,366153
1687735302,368021
1687735302,368447
1687735302,368480
1687735302,371923
1687735302,374768
1687735302,376328
1687735302,385752
1687735302,390687
1687735302,401915
1687735302,409761
1687735302,415143
1687735302,432619
1687735302,434280
1687735302,436419
1687735302,450381
1687735302,463135
1687735302,465951
1687735302,473567
1687735302,479724
1687735302,508801
1687735302,509307
1687735302,535801
1687735302,537104
1687735302,543925
1687735302,552827
1687735302,564141
1687735302,572020
1687735302,579377
1687735302,595733
1687735302,596718
1687735302,614815
1687735302,615444
1687735302,617190
1687735302,639340
1687735302,640672
1687735302,641312
1687735302,642483
1687735302,648906
1687735302,669621
1687735302,672621
1687735302,673100
1687735302,674458
1687735302,677790
1687735302,679415
1687735302,683110
1687735302,684371
1687735302,687025
1687735302,688117
1687735302,691424
1687735302,695820
1687735303,351021
1687735303,361628
1687735303,363592
1687735303,374390
1687735303,374879
1687735303,378826
1687735303,379498
1687735303,380535
1687735303,382803
1687735303,388701
1687735303,390770
1687735303,394273
1687735303,401861
1687735303,405277
1687735303,432714
1687735303,437814
1687735303,438782
1687735303,450582
1687735303,450880
1687735303,463474
1687735303,470192
1687735303,493410
1687735303,493492
1687735303,504036
1687735303,504716
1687735303,528939
1687735303,529575
1687735303,552749
1687735303,555201
1687735303,565401
1687735303,573929
1687735303,596039
1687735303,602322
1687735303,609894
1687735303,612221
1687735303,633213
1687735303,643540
1687735303,648714
1687735303,660166
1687735303,662010
1687735303,666241
1687735303,666839
1687735303,671186
1687735303,680131
1687735303,681052
1687735303,683472
1687735303,685524
1687735303,690203
1687735303,690321
1687735303,691059
1687735303,702407
1687735304,352505
1687735304,356510
1687735304,364209
1687735304,367369
1687735304,369532
1687735304,370160
1687735304,382568
1687735304,382737
1687735304,382981
1687735304,386460
1687735304,388220
1687735304,402966
1687735304,403809
1687735304,405927
1687735304,408323
1687735304,412156
1687735304,425045
1687735304,428314
1687735304,429923
1687735304,460262
1687735304,460569
1687735304,465571
1687735304,469326
1687735304,473043
1687735304,487589
1687735304,490532
1687735304,495397
1687735304,505150
1687735304,508890
1687735304,527504
1687735304,529591
1687735304,531723
1687735304,537774
1687735304,543346
1687735304,563088
1687735304,566422
1687735304,573171
1687735304,589975
1687735304,593708
1687735304,603914
1687735304,608518
1687735304,626504
1687735304,627684
1687735304,627754
1687735304,639019
1687735304,661649
1687735304,662559
1687735304,662706
1687735304,663033
1687735304,669036
1687735304,675487
1687735304,677764
1687735304,686807
1687735304,688365
1687735304,695962
1687735304,699412
1687735305,360196
1687735305,362165
1687735305,368615
1687735305,370710
1687735305,375845
1687735305,375958
1687735305,377884
1687735305,382660
1687735305,387122
1687735305,394058
1687735305,409092
1687735305,413226
1687735305,424144
1687735305,424332
1687735305,446108
1687735305,454226
1687735305,458651
1687735305,469060
1687735305,479546
1687735305,491729
1687735305,509041
1687735305,514709
1687735305,528014
1687735305,528643
1687735305,531118
1687735305,558645
1687735305,559033
1687735305,569458
1687735305,578802
1687735305,580773
1687735305,597980
1687735305,609700
1687735305,623255
1687735305,637600
1687735305,638819
1687735305,654367
1687735305,659073
1687735305,661485
1687735305,662078
1687735305,672659
1687735305,678031
1687735305,678076
1687735305,680296
1687735305,680821
1687735305,686759
1687735305,688008
1687735305,689715
1687735305,690422
1687735305,691041
1687735305,699589
1687735306,359850
1687735306,367259
1687735306,371854
1687735306,372347
1687735306,374009
1687735306,394956
1687735306,397991
1687735306,398379
1687735306,402306
1687735306,409370
1687735306,414241
1687735306,421191
1687735306,422425
1687735306,422533
1687735306,425333
1687735306,445021
1687735306,446978
1687735306,448908
1687735306,453280
1687735306,455184
1687735306,459615
1687735306,484642
1687735306,484905
1687735306,486664
1687735306,506337
1687735306,516257
1687735306,545261
1687735306,547306
1687735306,551839
1687735306,563534
1687735306,569007
1687735306,586467
1687735306,586558
1687735306,597702
1687735306,619808
1687735306,619831
1687735306,645963
1687735306,649654
1687735306,653596
1687735306,657051
1687735306,672018
1687735306,675099
1687735306,676621
1687735306,679990
1687735306,692317
1687735306,693208
1687735307,349269
1687735307,361185
1687735307,363239
1687735307,363909
1687735307,366826
1687735307,369448
1687735307,372605
1687735307,374155
1687735307,377837
1687735307,384042
1687735307,391109
1687735307,394500
1687735307,397358
1687735307,399433
1687735307,425381
1687735307,444041
1687735307,447433
1687735307,481166
1687735307,483617
1687735307,496561
1687735307,503982
1687735307,515503
1687735307,520285
1687735307,544761
1687735307,552102
1687735307,552785
1687735307,556876
1687735307,584247
1687735307,585625
1687735307,587924
1687735307,598489
1687735307,604913
1687735307,607405
1687735307,610644
1687735307,620603
1687735307,623515
1687735307,624981
1687735307,630212
1687735307,640982
1687735307,642190
1687735307,642749
1687735307,649319
1687735307,655075
1687735307,659670
1687735307,666768
1687735307,669220
1687735307,669718
1687735307,670760
1687735307,681456
1687735307,685634
1687735307,687703
1687735307,688467
1687735307,690418
1687735307,691444
1687735308,362969
1687735308,363575
1687735308,364572
1687735308,370200
1687735308,374403
1687735308,380072
1687735308,382358
1687735308,385738
1687735308,386985
1687735308,393980
1687735308,409699
1687735308,418808
1687735308,420133
1687735308,423028
1687735308,434063
1687735308,438543
1687735308,443135
1687735308,463370
1687735308,473790
1687735308,474998
1687735308,482656
1687735308,483491
1687735308,495369
1687735308,501139
1687735308,511449
1687735308,514583
1687735308,519344
1687735308,521357
1687735308,540000
1687735308,540024
1687735308,546419
1687735308,562989
1687735308,578498
1687735308,584935
1687735308,598336
1687735308,612288
1687735308,615727
1687735308,621443
1687735308,621466
1687735308,632120
1687735308,642137
1687735308,652844
1687735308,655618
1687735308,662466
1687735308,665144
1687735308,675793
1687735308,676893
1687735308,680938
1687735308,682140
1687735308,688175
1687735308,688675
1687735308,691946
1687735308,692997
1687735308,697434
1687735309,355426
1687735309,365122
1687735309,369237
1687735309,375150
1687735309,387635
1687735309,391256
1687735309,402868
1687735309,405048
1687735309,406106
1687735309,412283
1687735309,419609
1687735309,422104
1687735309,432964
1687735309,442281
1687735309,461082
1687735309,461948
1687735309,467628
1687735309,470610
1687735309,474049
1687735309,495796
1687735309,497373
1687735309,503844
1687735309,517860
1687735309,522194
1687735309,541791
1687735309,561094
1687735309,571995
1687735309,575356
1687735309,577330
1687735309,582590
1687735309,599307
1687735309,609575
1687735309,619201
1687735309,628425
1687735309,635625
1687735309,637535
1687735309,647153
1687735309,655712
1687735309,666425
1687735309,673795
1687735309,679229
1687735309,681680
1687735309,686238
1687735309,687995
1687735309,692682
1687735309,700234
1687735310,362905
1687735310,365932
1687735310,369855
1687735310,375355
1687735310,375356
1687735310,379833
1687735310,379924
1687735310,383212
1687735310,385497
1687735310,389271
1687735310,402506
1687735310,405553
1687735310,411496
1687735310,431469
1687735310,438165
1687735310,438428
1687735310,455877
1687735310,457732
1687735310,495174
1687735310,496703
1687735310,513407
1687735310,532469
1687735310,537324
1687735310,539415
1687735310,558744
1687735310,562202
1687735310,598906
1687735310,603437
1687735310,612341
1687735310,635329
1687735310,635345
1687735310,639447
1687735310,644392
1687735310,646661
1687735310,653574
1687735310,664213
1687735310,665491
1687735310,674185
1687735310,674397
1687735310,675749
1687735310,679224
1687735310,679944
1687735310,680141
1687735310,680578
1687735310,691718
1687735310,699465
1687735311,363095
1687735311,365856
1687735311,366541
1687735311,371188
1687735311,372208
1687735311,375019
1687735311,378917
1687735311,388797
1687735311,393822
1687735311,396540
1687735311,399395
1687735311,404460
1687735311,427962
1687735311,428365
1687735311,435342
1687735311,436870
1687735311,445415
1687735311,456265
1687735311,475859
1687735311,476527
1687735311,496767
1687735311,497675
1687735311,529334
1687735311,529593
1687735311,536353
1687735311,536358
1687735311,542699
1687735311,556155
1687735311,557043
1687735311,565195
1687735311,571359
1687735311,598991
1687735311,600017
1687735311,601348
1687735311,630818
1687735311,635485
1687735311,646574
1687735311,653855
1687735311,663385
1687735311,669590
1687735311,679144
1687735311,679974
1687735311,686087
1687735311,690469
1687735311,691629
1687735311,691966
1687735311,695934
1687735312,360172
1687735312,365729
1687735312,365885
1687735312,372680
1687735312,373592
1687735312,374894
1687735312,376463
1687735312,381889
1687735312,382119
1687735312,385371
1687735312,397339
1687735312,419188
1687735312,422309
1687735312,424628
1687735312,427583
1687735312,452171
1687735312,454279
1687735312,460005
1687735312,485196
1687735312,491962
1687735312,518317
1687735312,520178
1687735312,546678
1687735312,564161
1687735312,565204
1687735312,574846
1687735312,577220
1687735312,589185
1687735312,593146
1687735312,619451
1687735312,624994
1687735312,632720
1687735312,634712
1687735312,642661
1687735312,657232
1687735312,661838
1687735312,662607
1687735312,665534
1687735312,666764
1687735312,677610
1687735312,683461
1687735312,683711
1687735312,683772
1687735312,684720
1687735312,685935
1687735312,697682
1687735313,353333
1687735313,369549
1687735313,372257
1687735313,374290
1687735313,377855
1687735313,379467
1687735313,380133
1687735313,382453
1687735313,391914
1687735313,412439
1687735313,419644
1687735313,419746
1687735313,423834
1687735313,448940
1687735313,451706
1687735313,460269
1687735313,473703
1687735313,482298
1687735313,503488
1687735313,510991
1687735313,520206
1687735313,522130
1687735313,529444
1687735313,533688
1687735313,548842
1687735313,552935
1687735313,554987
1687735313,574340
1687735313,581828
1687735313,592604
1687735313,612309
1687735313,618840
1687735313,624277
1687735313,627318
1687735313,629486
1687735313,648736
1687735313,652420
1687735313,658344
1687735313,662810
1687735313,673635
1687735313,677154
1687735313,679619
1687735313,686337
1687735313,687387
1687735313,688572
1687735313,693449
1687735313,693556
1687735313,693860
1687735314,364727
1687735314,367348
1687735314,369857
1687735314,373737
1687735314,373793
1687735314,373803
1687735314,374806
1687735314,383988
1687735314,388630
1687735314,397848
1687735314,399196
1687735314,402524
1687735314,405172
1687735314,411090
1687735314,413757
1687735314,431803
1687735314,441067
1687735314,442923
1687735314,450217
1687735314,473263
1687735314,476253
1687735314,480171
1687735314,486161
1687735314,493623
1687735314,509458
1687735314,513090
1687735314,541625
1687735314,549742
1687735314,552351
1687735314,561492
1687735314,576306
1687735314,586072
1687735314,589662
1687735314,594367
1687735314,611481
1687735314,614138
1687735314,614838
1687735314,639337
1687735314,673965
1687735314,674965
1687735314,678304
1687735314,679092
1687735314,682041
1687735314,683903
1687735314,686733
1687735315,347951
1687735315,364570
1687735315,370360
1687735315,376408
1687735315,378778
1687735315,387438
1687735315,392998
1687735315,393320
1687735315,394091
1687735315,394189
1687735315,401308
1687735315,429253
1687735315,437649
1687735315,438012
1687735315,450146
1687735315,489462
1687735315,497520
1687735315,506568
1687735315,507890
1687735315,523520
1687735315,543450
1687735315,548861
1687735315,552579
1687735315,567854
1687735315,575491
1687735315,592213
1687735315,604546
1687735315,608600
1687735315,609578
1687735315,627522
1687735315,641590
1687735315,643207
1687735315,648698
1687735315,652660
1687735315,665846
1687735315,670370
1687735315,673397
1687735315,675520
1687735315,676669
1687735315,683487
1687735315,684870
1687735315,684962
1687735315,685068
1687735315,686913
1687735315,690380
1687735315,696556
1687735316,362471
1687735316,362946
1687735316,365848
1687735316,374206
1687735316,380227
1687735316,386750
1687735316,388648
1687735316,390245
1687735316,404375
1687735316,405690
1687735316,412154
1687735316,423425
1687735316,429380
1687735316,448828
1687735316,463375
1687735316,464636
1687735316,466814
1687735316,468925
1687735316,484939
1687735316,489928
1687735316,505009
1687735316,505220
1687735316,505438
1687735316,505619
1687735316,524678
1687735316,527633
1687735316,531303
1687735316,536842
1687735316,537550
1687735316,567178
1687735316,570307
1687735316,592416
1687735316,598704
1687735316,601206
1687735316,611336
1687735316,627266
1687735316,628742
1687735316,637436
1687735316,640134
1687735316,659987
1687735316,662989
1687735316,668926
1687735316,677182
1687735316,681852
1687735316,686746
1687735316,691359
1687735316,691710
1687735316,692223
1687735316,692413
1687735317,353503
1687735317,363528
1687735317,366581
1687735317,367531
1687735317,376848
1687735317,379011
1687735317,383120
1687735317,383145
1687735317,384990
1687735317,387112
1687735317,387664
1687735317,391413
1687735317,393958
1687735317,404876
1687735317,408133
1687735317,409458
1687735317,410459
1687735317,424347
1687735317,430810
1687735317,430840
1687735317,461656
1687735317,463559
1687735317,474842
1687735317,476797
1687735317,493715
1687735317,505370
1687735317,525097
1687735317,527209
1687735317,565808
1687735317,576191
1687735317,579324
1687735317,588309
1687735317,597436
1687735317,601041
1687735317,605137
1687735317,623045
1687735317,625571
1687735317,632166
1687735317,634584
1687735317,656203
1687735317,659455
1687735317,662380
1687735317,662975
1687735317,670462
1687735317,675154
1687735317,676270
1687735317,677893
1687735317,682694
1687735317,687431
1687735317,691843
1687735317,695153
1687735317,702315
1687735318,356975
1687735318,363561
1687735318,365363
1687735318,368256
1687735318,374149
1687735318,383342
1687735318,401243
1687735318,401979
1687735318,418782
1687735318,420193
1687735318,428226
1687735318,445828
1687735318,457118
1687735318,480266
1687735318,487443
1687735318,494592
1687735318,500778
1687735318,502479
1687735318,518511
1687735318,524676
1687735318,527541
1687735318,528117
1687735318,543118
1687735318,558538
1687735318,560436
1687735318,561942
1687735318,567665
1687735318,590625
1687735318,605507
1687735318,607139
1687735318,607845
1687735318,627927
1687735318,628188
1687735318,633560
1687735318,643694
1687735318,649152
1687735318,654102
1687735318,654896
1687735318,656053
1687735318,666436
1687735318,676661
1687735318,680525
1687735318,684742
1687735318,686943
1687735318,697000
1687735318,699826
1687735319,363995
1687735319,364329
1687735319,365553
1687735319,368099
1687735319,373126
1687735319,381227
1687735319,392502
1687735319,400335
1687735319,402315
1687735319,409160
1687735319,416546
1687735319,421160
1687735319,423832
1687735319,440558
1687735319,440915
1687735319,446626
1687735319,451738
1687735319,453194
1687735319,470888
1687735319,481848
1687735319,485098
1687735319,501707
1687735319,505661
1687735319,512360
1687735319,513423
1687735319,521765
1687735319,540004
1687735319,541083
1687735319,550360
1687735319,553190
1687735319,554720
1687735319,581807
1687735319,584481
1687735319,587911
1687735319,591872
1687735319,600960
1687735319,602488
1687735319,624565
1687735319,638555
1687735319,640710
1687735319,649025
1687735319,655013
1687735319,669783
1687735319,670269
1687735319,675015
1687735319,683478
1687735319,687538
1687735319,690888
1687735319,694961
1687735319,697546
1687735320,364317
1687735320,370178
1687735320,374197
1687735320,375773
1687735320,376685
1687735320,376835
1687735320,376859
1687735320,390604
1687735320,396201
1687735320,397889
1687735320,410598
1687735320,415435
1687735320,421045
1687735320,430479
1687735320,441413
1687735320,453967
1687735320,454484
1687735320,459301
1687735320,478768
1687735320,484210
1687735320,489268
1687735320,521986
1687735320,537978
1687735320,545775
1687735320,549974
1687735320,556516
1687735320,580709
1687735320,587392
1687735320,588199
1687735320,620025
1687735320,628583
1687735320,629495
1687735320,636067
1687735320,650142
1687735320,654609
1687735320,656119
1687735320,668298
1687735320,669098
1687735320,680819
1687735320,680831
1687735320,681332
1687735320,686912
1687735320,687919
1687735320,700979
1687735321,356090
1687735321,361888
1687735321,364001
1687735321,369079
1687735321,370696
1687735321,372945
1687735321,377039
1687735321,382824
1687735321,384189
1687735321,384505
1687735321,388441
1687735321,402280
1687735321,404000
1687735321,414357
1687735321,417401
1687735321,428027
1687735321,428119
1687735321,434718
1687735321,456383
1687735321,457890
1687735321,464062
1687735321,471710
1687735321,476410
1687735321,479498
1687735321,493385
1687735321,496322
1687735321,510236
1687735321,517125
1687735321,519507
1687735321,529130
1687735321,529374
1687735321,546881
1687735321,558887
1687735321,569767
1687735321,576430
1687735321,579285
1687735321,596042
1687735321,602153
1687735321,614762
1687735321,619107
1687735321,622321
1687735321,637447
1687735321,647627
1687735321,648072
1687735321,652094
1687735321,653451
1687735321,655659
1687735321,659542
1687735321,663055
1687735321,668407
1687735321,675206
1687735321,680841
1687735321,684138
1687735321,686614
1687735321,687077
1687735321,689515
1687735321,692728
1687735321,693496
1687735321,698169
1687735322,361131
1687735322,361377
1687735322,365243
1687735322,367955
1687735322,368466
1687735322,368506
1687735322,372613
1687735322,375753
1687735322,376151
1687735322,384604
1687735322,389848
1687735322,389926
1687735322,403217
1687735322,411522
1687735322,413780
1687735322,430743
1687735322,434636
1687735322,436167
1687735322,452752
1687735322,463771
1687735322,465157
1687735322,471465
1687735322,477781
1687735322,506729
1687735322,511425
1687735322,533779
1687735322,541888
1687735322,554997
1687735322,566118
1687735322,577118
1687735322,598479
1687735322,611490
1687735322,612914
1687735322,613426
1687735322,618814
1687735322,630103
1687735322,639420
1687735322,640726
1687735322,641879
1687735322,650311
1687735322,670324
1687735322,671526
1687735322,672866
1687735322,673838
1687735322,678790
1687735322,680182
1687735322,680552
1687735322,683263
1687735322,683744
1687735322,687990
1687735322,690810
1687735322,691609
1687735322,695988
1687735322,700123
1687735323,350750
1687735323,361046
1687735323,373752
1687735323,374795
1687735323,374807
1687735323,377479
1687735323,379945
1687735323,384106
1687735323,389644
1687735323,389746
1687735323,395710
1687735323,403713
1687735323,403814
1687735323,436843
1687735323,439755
1687735323,448764
1687735323,452936
1687735323,461220
1687735323,472092
1687735323,495355
1687735323,495457
1687735323,502527
1687735323,506268
1687735323,530735
1687735323,531539
1687735323,534967
1687735323,553379
1687735323,554749
1687735323,567718
1687735323,571711
1687735323,597630
1687735323,604013
1687735323,610550
1687735323,635080
1687735323,640883
1687735323,641559
1687735323,647336
1687735323,660334
1687735323,661608
1687735323,664970
1687735323,667786
1687735323,672080
1687735323,679224
1687735323,683159
1687735323,685931
1687735323,689814
1687735323,690986
1687735323,702403
1687735324,351769
1687735324,356217
1687735324,364415
1687735324,364642
1687735324,367816
1687735324,368637
1687735324,381702
1687735324,381801
1687735324,387769
1687735324,389575
1687735324,401949
1687735324,402368
1687735324,404419
1687735324,406850
1687735324,413511
1687735324,427282
1687735324,428197
1687735324,430038
1687735324,458259
1687735324,459130
1687735324,463090
1687735324,471284
1687735324,474948
1687735324,488338
1687735324,489533
1687735324,493115
1687735324,503457
1687735324,510735
1687735324,525285
1687735324,529567
1687735324,531512
1687735324,539892
1687735324,561210
1687735324,564579
1687735324,575334
1687735324,591902
1687735324,595767
1687735324,601594
1687735324,610495
1687735324,627602
1687735324,629280
1687735324,636881
1687735324,660616
1687735324,660758
1687735324,662210
1687735324,663971
1687735324,669887
1687735324,674869
1687735324,678111
1687735324,683999
1687735324,687403
1687735324,688008
1687735324,696178
1687735324,699356
1687735325,362674
1687735325,368165
1687735325,370767
1687735325,377543
1687735325,378758
1687735325,381042
1687735325,384404
1687735325,386322
1687735325,392445
1687735325,420681
1687735325,422165
1687735325,422560
1687735325,447932
1687735325,449052
1687735325,452395
1687735325,471167
1687735325,481475
1687735325,489651
1687735325,511067
1687735325,518273
1687735325,526055
1687735325,528842
1687735325,530834
1687735325,545362
1687735325,556368
1687735325,556875
1687735325,571605
1687735325,576726
1687735325,580227
1687735325,582595
1687735325,596113
1687735325,611627
1687735325,624706
1687735325,625786
1687735325,626056
1687735325,635610
1687735325,640607
1687735325,655499
1687735325,657635
1687735325,662448
1687735325,663349
1687735325,671951
1687735325,677038
1687735325,677277
1687735325,678882
1687735325,680269
1687735325,681392
1687735325,688935
1687735325,689965
1687735325,690100
1687735325,690912
1687735326,356945
1687735326,359923
1687735326,366603
1687735326,371495
1687735326,373178
1687735326,374285
1687735326,375223
1687735326,375314
1687735326,379854
1687735326,393602
1687735326,397702
1687735326,399179
1687735326,404016
1687735326,410821
1687735326,412540
1687735326,415347
1687735326,419762
1687735326,423805
1687735326,424236
1687735326,446860
1687735326,446897
1687735326,451545
1687735326,461904
1687735326,479085
1687735326,482496
1687735326,484516
1687735326,487081
1687735326,508330
1687735326,512585
1687735326,516576
1687735326,547392
1687735326,549388
1687735326,549707
1687735326,565575
1687735326,570951
1687735326,584117
1687735326,584525
1687735326,586427
1687735326,590101
1687735326,595539
1687735326,609177
1687735326,617842
1687735326,621265
1687735326,647744
1687735326,650823
1687735326,652111
1687735326,658103
1687735326,667808
1687735326,671582
1687735326,676075
1687735326,677425
1687735326,678663
1687735326,683655
1687735326,692257
1687735326,692673
1687735326,700171
1687735327,349428
1687735327,360016
1687735327,362617
1687735327,363169
1687735327,364326
1687735327,368158
1687735327,370007
1687735327,372764
1687735327,373508
1687735327,377183
1687735327,385246
1687735327,392743
1687735327,395582
1687735327,396510
1687735327,398192
1687735327,427080
1687735327,445408
1687735327,446027
1687735327,457287
1687735327,485539
1687735327,494245
1687735327,505888
1687735327,513075
1687735327,522186
1687735327,546836
1687735327,550201
1687735327,550392
1687735327,558975
1687735327,583378
1687735327,596039
1687735327,606480
1687735327,608595
1687735327,614691
1687735327,621700
1687735327,622389
1687735327,626612
1687735327,642609
1687735327,643777
1687735327,644031
1687735327,648014
1687735327,658272
1687735327,670910
1687735327,671642
1687735327,674388
1687735327,681127
1687735327,685080
1687735327,688726
1687735327,690513
1687735327,691271
1687735328,363124
1687735328,365203
1687735328,370526
1687735328,370753
1687735328,373703
1687735328,379732
1687735328,383270
1687735328,384124
1687735328,388097
1687735328,395181
1687735328,408202
1687735328,421476
1687735328,421869
1687735328,436083
1687735328,436798
1687735328,440985
1687735328,441369
1687735328,465317
1687735328,471802
1687735328,472071
1687735328,472810
1687735328,484586
1687735328,485441
1687735328,497303
1687735328,499113
1687735328,509256
1687735328,512546
1687735328,521473
1687735328,523289
1687735328,537913
1687735328,542125
1687735328,544611
1687735328,565075
1687735328,576244
1687735328,587127
1687735328,600163
1687735328,610116
1687735328,613780
1687735328,619736
1687735328,623250
1687735328,633629
1687735328,640200
1687735328,651135
1687735328,656532
1687735328,657070
1687735328,663572
1687735328,665339
1687735328,666250
1687735328,667966
1687735328,676895
1687735328,681085
1687735328,682556
1687735328,688638
1687735328,689318
1687735328,691538
1687735328,691980
1687735328,697366
1687735329,353845
1687735329,354858
1687735329,365438
1687735329,368560
1687735329,374829
1687735329,374955
1687735329,376580
1687735329,379894
1687735329,383818
1687735329,385831
1687735329,386363
1687735329,403695
1687735329,404688
1687735329,407773
1687735329,410545
1687735329,418342
1687735329,424011
1687735329,430952
1687735329,432075
1687735329,463989
1687735329,465674
1687735329,472649
1687735329,497465
1687735329,499379
1687735329,501838
1687735329,515704
1687735329,524027
1687735329,533841
1687735329,539377
1687735329,539565
1687735329,563233
1687735329,573182
1687735329,574103
1687735329,575334
1687735329,584571
1687735329,593836
1687735329,601210
1687735329,604205
1687735329,607463
1687735329,620858
1687735329,626895
1687735329,635926
1687735329,645730
1687735329,654901
1687735329,657228
1687735329,672798
1687735329,673130
1687735329,677905
1687735329,680140
1687735329,682337
1687735329,686004
1687735329,687284
1687735329,692420
1687735329,692742
1687735329,700429
1687735330,363152
1687735330,364219
1687735330,366024
1687735330,369468
1687735330,374605
1687735330,376346
1687735330,380684
1687735330,380887
1687735330,381732
1687735330,386630
1687735330,388340
1687735330,404025
1687735330,429776
1687735330,434634
1687735330,436402
1687735330,436757
1687735330,444122
1687735330,458148
1687735330,459022
1687735330,459863
1687735330,494549
1687735330,497113
1687735330,501298
1687735330,515368
1687735330,530527
1687735330,537471
1687735330,560089
1687735330,560963
1687735330,573279
1687735330,600783
1687735330,601346
1687735330,613909
1687735330,633131
1687735330,636999
1687735330,642673
1687735330,648000
1687735330,662623
1687735330,663616
1687735330,669138
1687735330,675306
1687735330,676383
1687735330,680016
1687735330,680128
1687735330,680756
1687735330,692300
1687735330,699087
1687735331,348485
1687735331,363195
1687735331,365163
1687735331,371813
1687735331,372837
1687735331,374544
1687735331,377872
1687735331,395160
1687735331,397737
1687735331,398180
1687735331,403218
1687735331,407093
1687735331,426043
1687735331,426854
1687735331,437267
1687735331,438640
1687735331,447520
1687735331,454179
1687735331,477819
1687735331,478437
1687735331,492496
1687735331,494672
1687735331,499588
1687735331,510217
1687735331,527079
1687735331,527566
1687735331,538480
1687735331,540583
1687735331,553937
1687735331,559052
1687735331,562786
1687735331,573611
1687735331,598087
1687735331,599367
1687735331,600906
1687735331,610266
1687735331,628937
1687735331,637376
1687735331,647829
1687735331,652342
1687735331,664883
1687735331,670468
1687735331,670791
1687735331,678484
1687735331,678872
1687735331,679075
1687735331,686616
1687735331,690386
1687735331,691903
1687735331,692396
1687735331,696279
1687735332,354323
1687735332,360258
1687735332,361106
1687735332,365487
1687735332,365571
1687735332,365887
1687735332,372834
1687735332,373196
1687735332,374007
1687735332,377006
1687735332,381106
1687735332,383234
1687735332,386306
1687735332,389487
1687735332,396077
1687735332,400655
1687735332,420742
1687735332,422247
1687735332,423099
1687735332,423907
1687735332,429654
1687735332,452197
1687735332,454135
1687735332,457938
1687735332,483124
1687735332,493944
1687735332,496559
1687735332,518256
1687735332,520065
1687735332,538398
1687735332,548868
1687735332,550973
1687735332,561952
1687735332,563157
1687735332,577043
1687735332,579331
1687735332,587041
1687735332,594925
1687735332,596876
1687735332,621515
1687735332,622927
1687735332,634159
1687735332,635747
1687735332,644057
1687735332,655278
1687735332,663035
1687735332,664367
1687735332,668095
1687735332,682017
1687735332,683354
1687735332,684172
1687735332,684868
1687735332,686357
1687735332,686737
1687735332,697903
1687735333,354254
1687735333,370231
1687735333,371950
1687735333,376565
1687735333,379814
1687735333,381996
1687735333,390395
1687735333,414201
1687735333,418173
1687735333,421607
1687735333,447367
1687735333,453736
1687735333,458242
1687735333,474041
1687735333,475811
1687735333,477989
1687735333,480042
1687735333,487669
1687735333,512863
1687735333,519983
1687735333,522184
1687735333,527601
1687735333,535887
1687735333,550737
1687735333,552829
1687735333,576498
1687735333,579706
1687735333,587415
1687735333,589355
1687735333,590489
1687735333,599096
1687735333,612107
1687735333,614073
1687735333,620430
1687735333,622233
1687735333,627261
1687735333,628911
1687735333,646877
1687735333,650925
1687735333,658965
1687735333,659607
1687735333,664157
1687735333,672196
1687735333,676340
1687735333,680003
1687735333,685723
1687735333,686966
1687735333,688246
1687735333,689325
1687735333,692859
1687735333,693391
1687735333,694127
1687735334,367302
1687735334,370233
1687735334,372773
1687735334,373047
1687735334,374656
1687735334,374761
1687735334,384631
1687735334,387191
1687735334,387628
1687735334,393136
1687735334,396087
1687735334,400592
1687735334,403739
1687735334,407038
1687735334,409342
1687735334,412043
1687735334,433690
1687735334,439530
1687735334,440887
1687735334,450884
1687735334,452210
1687735334,466144
1687735334,471513
1687735334,484282
1687735334,507138
1687735334,515093
1687735334,539668
1687735334,551831
1687735334,554472
1687735334,563637
1687735334,574125
1687735334,583753
1687735334,596616
1687735334,609622
1687735334,616533
1687735334,640548
1687735334,649122
1687735334,672847
1687735334,675808
1687735334,677440
1687735334,677799
1687735334,679084
1687735334,682300
1687735334,683344
1687735334,686772
1687735334,692935
1687735335,348197
1687735335,364662
1687735335,370845
1687735335,377050
1687735335,378090
1687735335,379490
1687735335,391626
1687735335,395717
1687735335,402966
1687735335,427815
1687735335,431257
1687735335,435982
1687735335,439550
1687735335,447964
1687735335,461573
1687735335,464746
1687735335,491352
1687735335,499538
1687735335,504390
1687735335,510048
1687735335,525320
1687735335,541425
1687735335,550754
1687735335,551018
1687735335,565896
1687735335,573337
1687735335,594190
1687735335,594282
1687735335,602735
1687735335,607561
1687735335,610071
1687735335,629250
1687735335,643077
1687735335,644787
1687735335,647309
1687735335,650740
1687735335,664505
1687735335,669138
1687735335,669775
1687735335,674466
1687735335,676781
1687735335,682956
1687735335,684303
1687735335,685063
1687735335,687580
1687735335,690667
1687735335,696212
1687735335,699971
1687735336,362485
1687735336,363366
1687735336,365951
1687735336,366627
1687735336,373664
1687735336,386116
1687735336,388014
1687735336,388985
1687735336,389303
1687735336,393897
1687735336,402793
1687735336,404272
1687735336,413714
1687735336,425382
1687735336,466669
1687735336,471000
1687735336,486916
1687735336,491928
1687735336,498747
1687735336,502938
1687735336,502993
1687735336,503504
1687735336,507442
1687735336,526626
1687735336,529281
1687735336,529606
1687735336,535599
1687735336,538865
1687735336,569391
1687735336,572423
1687735336,599104
1687735336,600548
1687735336,609517
1687735336,628727
1687735336,630358
1687735336,635783
1687735336,638327
1687735336,661365
1687735336,663692
1687735336,677999
1687735336,681306
1687735336,687047
1687735336,691034
1687735336,691227
1687735336,691278
1687735337,353080
1687735337,363076
1687735337,367162
1687735337,376869
1687735337,380064
1687735337,383647
1687735337,384580
1687735337,386909
1687735337,389992
1687735337,403303
1687735337,406832
1687735337,408617
1687735337,410909
1687735337,413176
1687735337,426421
1687735337,428565
1687735337,428973
1687735337,454150
1687735337,459765
1687735337,465724
1687735337,469147
1687735337,474727
1687735337,476864
1687735337,491562
1687735337,507326
1687735337,514332
1687735337,525336
1687735337,527120
1687735337,563590
1687735337,577196
1687735337,578141
1687735337,590399
1687735337,595528
1687735337,607025
1687735337,624664
1687735337,627236
1687735337,630296
1687735337,632657
1687735337,655034
1687735337,657624
1687735337,660555
1687735337,660767
1687735337,661941
1687735337,669044
1687735337,674336
1687735337,676769
1687735337,678599
1687735337,682317
1687735337,687782
1687735337,691418
1687735337,695066
1687735337,702523
1687735338,357062
1687735338,365455
1687735338,367775
1687735338,371264
1687735338,375144
1687735338,381983
1687735338,382775
1687735338,390030
1687735338,395306
1687735338,400714
1687735338,402927
1687735338,403909
1687735338,418264
1687735338,420502
1687735338,426220
1687735338,447840
1687735338,459470
1687735338,482374
1687735338,483013
1687735338,485474
1687735338,504356
1687735338,522652
1687735338,525405
1687735338,526056
1687735338,545188
1687735338,556353
1687735338,558056
1687735338,564080
1687735338,569859
1687735338,588470
1687735338,589542
1687735338,607383
1687735338,609006
1687735338,625747
1687735338,631463
1687735338,645129
1687735338,650431
1687735338,654237
1687735338,656250
1687735338,667227
1687735338,676013
1687735338,678257
1687735338,680181
1687735338,681414
1687735338,684641
1687735338,686972
1687735338,697374
1687735338,699546
1687735339,356592
1687735339,363362
1687735339,364061
1687735339,366039
1687735339,369327
1687735339,372286
1687735339,374009
1687735339,393742
1687735339,401291
1687735339,402121
1687735339,407495
1687735339,410907
1687735339,415078
1687735339,421956
1687735339,422791
1687735339,443122
1687735339,444569
1687735339,451314
1687735339,453831
1687735339,483976
1687735339,503541
1687735339,503677
1687735339,519631
1687735339,542027
1687735339,548286
1687735339,552550
1687735339,555271
1687735339,583898
1687735339,585732
1687735339,586578
1687735339,600735
1687735339,602652
1687735339,622014
1687735339,622522
1687735339,633713
1687735339,637736
1687735339,640144
1687735339,641982
1687735339,647415
1687735339,653364
1687735339,670968
1687735339,670969
1687735339,674332
1687735339,676466
1687735339,683075
1687735339,683299
1687735339,686607
1687735339,691231
1687735339,695109
1687735339,697858
1687735340,364326
1687735340,364520
1687735340,369322
1687735340,373465
1687735340,375783
1687735340,375996
1687735340,376920
1687735340,377520
1687735340,391590
1687735340,394761
1687735340,399125
1687735340,413745
1687735340,422770
1687735340,432332
1687735340,439389
1687735340,451917
1687735340,452555
1687735340,461171
1687735340,472801
1687735340,480808
1687735340,481995
1687735340,491180
1687735340,511368
1687735340,523846
1687735340,539996
1687735340,543912
1687735340,548107
1687735340,558848
1687735340,574476
1687735340,582957
1687735340,585102
1687735340,590043
1687735340,612738
1687735340,626959
1687735340,631043
1687735340,648278
1687735340,653027
1687735340,657187
1687735340,664000
1687735340,667776
1687735340,669730
1687735340,679686
1687735340,681156
1687735340,681280
1687735340,687397
1687735340,688880
1687735340,700848
1687735341,356768
1687735341,361385
1687735341,363316
1687735341,368593
1687735341,372657
1687735341,375822
1687735341,383704
1687735341,384965
1687735341,387156
1687735341,405250
1687735341,416010
1687735341,416437
1687735341,426386
1687735341,430039
1687735341,432435
1687735341,459724
1687735341,469501
1687735341,477449
1687735341,478424
1687735341,495731
1687735341,498228
1687735341,508348
1687735341,518822
1687735341,521395
1687735341,527020
1687735341,531389
1687735341,544681
1687735341,561170
1687735341,578116
1687735341,581318
1687735341,600282
1687735341,612631
1687735341,620781
1687735341,624015
1687735341,646294
1687735341,653723
1687735341,654716
1687735341,660565
1687735341,666993
1687735341,672058
1687735341,681580
1687735341,683864
1687735341,687103
1687735341,687631
1687735341,688888
1687735341,693694
1687735341,697251
1687735342,361307
1687735342,364369
1687735342,368540
1687735342,368985
1687735342,373304
1687735342,375211
1687735342,377530
1687735342,383544
1687735342,389016
1687735342,404573
1687735342,412411
1687735342,413301
1687735342,432869
1687735342,438081
1687735342,455086
1687735342,461636
1687735342,467211
1687735342,469383
1687735342,475873
1687735342,504681
1687735342,513546
1687735342,531792
1687735342,557184
1687735342,567523
1687735342,568062
1687735342,574832
1687735342,611015
1687735342,611368
1687735342,620465
1687735342,631792
1687735342,635516
1687735342,637535
1687735342,643063
1687735342,651728
1687735342,661125
1687735342,670387
1687735342,671032
1687735342,671201
1687735342,674576
1687735342,679808
1687735342,680965
1687735342,683030
1687735342,683348
1687735342,691735
1687735342,696102
1687735342,702358
1687735343,350520
1687735343,360497
1687735343,365279
1687735343,372642
1687735343,375188
1687735343,376174
1687735343,379322
1687735343,380269
1687735343,388551
1687735343,390769
1687735343,397211
1687735343,402385
1687735343,405651
1687735343,434932
1687735343,436541
1687735343,441676
1687735343,447014
1687735343,455017
1687735343,459026
1687735343,486150
1687735343,497240
1687735343,497496
1687735343,499087
1687735343,500358
1687735343,508529
1687735343,532800
1687735343,533548
1687735343,551568
1687735343,556749
1687735343,569489
1687735343,599497
1687735343,605680
1687735343,608856
1687735343,613071
1687735343,636940
1687735343,639580
1687735343,642337
1687735343,645947
1687735343,658605
1687735343,663674
1687735343,668711
1687735343,672962
1687735343,678298
1687735343,680008
1687735343,682817
1687735343,686360
1687735343,691292
1687735344,351077
1687735344,355959
1687735344,365073
1687735344,367748
1687735344,368271
1687735344,381005
1687735344,389069
1687735344,390962
1687735344,400970
1687735344,400994
1687735344,402945
1687735344,405402
1687735344,414903
1687735344,426510
1687735344,429533
1687735344,431781
1687735344,456298
1687735344,460624
1687735344,473247
1687735344,476809
1687735344,490885
1687735344,491444
1687735344,501778
1687735344,512617
1687735344,523084
1687735344,527459
1687735344,533454
1687735344,542020
1687735344,559348
1687735344,577473
1687735344,591634
1687735344,593778
1687735344,597801
1687735344,599280
1687735344,612459
1687735344,628648
1687735344,630873
1687735344,634688
1687735344,658936
1687735344,661371
1687735344,665201
1687735344,670758
1687735344,674234
1687735344,678395
1687735344,682975
1687735344,687658
1687735344,687972
1687735344,696318
1687735344,699295
1687735345,361997
1687735345,363217
1687735345,367737
1687735345,370886
1687735345,376649
1687735345,379134
1687735345,379447
1687735345,379653
1687735345,385551
1687735345,385865
1687735345,390833
1687735345,397025
1687735345,412759
1687735345,417491
1687735345,418853
1687735345,420840
1687735345,450609
1687735345,473258
1687735345,483406
1687735345,487561
1687735345,489238
1687735345,513058
1687735345,520329
1687735345,524092
1687735345,526557
1687735345,532996
1687735345,554078
1687735345,554754
1687735345,573744
1687735345,574605
1687735345,584424
1687735345,594220
1687735345,613555
1687735345,623808
1687735345,623920
1687735345,626124
1687735345,633602
1687735345,656186
1687735345,656587
1687735345,663389
1687735345,664609
1687735345,671225
1687735345,676443
1687735345,679687
1687735345,680235
1687735345,681984
1687735345,685884
1687735345,689499
1687735345,689806
1687735345,690809
1687735346,360054
1687735346,371173
1687735346,374065
1687735346,374647
1687735346,379535
1687735346,392269
1687735346,400371
1687735346,405748
1687735346,412315
1687735346,418365
1687735346,426084
1687735346,444835
1687735346,448768
1687735346,449802
1687735346,464168
1687735346,480317
1687735346,510325
1687735346,510530
1687735346,514655
1687735346,547579
1687735346,549533
1687735346,551485
1687735346,567574
1687735346,572928
1687735346,581727
1687735346,582506
1687735346,592228
1687735346,593349
1687735346,610971
1687735346,615898
1687735346,649456
1687735346,650568
1687735346,651967
1687735346,659085
1687735346,671143
1687735346,677061
1687735346,677265
1687735346,692092
1687735346,692151
1687735346,700683
1687735347,349652
1687735347,358859
1687735347,363102
1687735347,364797
1687735347,369471
1687735347,370643
1687735347,372899
1687735347,372971
1687735347,376521
1687735347,385300
1687735347,386469
1687735347,394439
1687735347,395689
1687735347,396730
1687735347,396957
1687735347,410862
1687735347,428810
1687735347,443398
1687735347,459371
1687735347,476990
1687735347,491867
1687735347,507787
1687735347,524133
1687735347,547967
1687735347,548315
1687735347,548955
1687735347,561088
1687735347,581171
1687735347,593611
1687735347,606579
1687735347,608044
1687735347,619882
1687735347,624181
1687735347,628258
1687735347,644173
1687735347,645278
1687735347,645310
1687735347,646671
1687735347,656782
1687735347,672067
1687735347,672499
1687735347,672950
1687735347,680775
1687735347,688751
1687735347,688917
1687735347,689093
1687735347,690574
1687735347,691069
1687735348,362728
1687735348,365860
1687735348,369473
1687735348,370907
1687735348,373008
1687735348,379425
1687735348,382594
1687735348,384221
1687735348,389203
1687735348,396374
1687735348,406747
1687735348,419969
1687735348,423641
1687735348,435119
1687735348,438119
1687735348,439283
1687735348,439595
1687735348,467283
1687735348,469809
1687735348,470685
1687735348,487395
1687735348,497101
1687735348,499219
1687735348,507059
1687735348,510517
1687735348,523623
1687735348,525243
1687735348,535837
1687735348,542834
1687735348,543217
1687735348,544193
1687735348,567191
1687735348,573313
1687735348,574035
1687735348,589300
1687735348,601933
1687735348,607989
1687735348,618011
1687735348,625050
1687735348,635135
1687735348,638206
1687735348,649387
1687735348,657412
1687735348,658431
1687735348,664668
1687735348,667355
1687735348,676889
1687735348,681177
1687735348,682952
1687735348,684484
1687735348,689949
1687735348,690955
1687735348,691127
1687735348,697305
1687735349,354358
1687735349,354749
1687735349,365779
1687735349,367911
1687735349,374863
1687735349,378039
1687735349,382733
1687735349,384645
1687735349,385104
1687735349,402329
1687735349,406520
1687735349,408815
1687735349,409431
1687735349,417062
1687735349,425926
1687735349,428095
1687735349,428984
1687735349,434255
1687735349,442456
1687735349,463754
1687735349,465989
1687735349,470047
1687735349,474687
1687735349,499116
1687735349,499822
1687735349,501344
1687735349,510630
1687735349,513554
1687735349,525836
1687735349,532552
1687735349,536056
1687735349,537298
1687735349,541481
1687735349,571027
1687735349,576168
1687735349,586545
1687735349,603040
1687735349,605298
1687735349,606241
1687735349,622480
1687735349,628298
1687735349,634313
1687735349,644300
1687735349,658730
1687735349,664217
1687735349,671767
1687735349,678352
1687735349,681013
1687735349,682988
1687735349,685732
1687735349,686482
1687735349,692119
1687735349,693061
1687735349,700589
1687735350,363421
1687735350,366096
1687735350,369070
1687735350,373839
1687735350,377326
1687735350,380245
1687735350,381509
1687735350,381891
1687735350,387420
1687735350,387815
1687735350,402499
1687735350,434670
1687735350,435102
1687735350,445971
1687735350,456960
1687735350,460407
1687735350,462002
1687735350,467310
1687735350,487464
1687735350,492401
1687735350,499037
1687735350,528612
1687735350,535547
1687735350,558008
1687735350,563217
1687735350,571155
1687735350,599257
1687735350,602639
1687735350,609336
1687735350,611794
1687735350,615473
1687735350,638670
1687735350,649327
1687735350,656203
1687735350,661020
1687735350,661747
1687735350,667941
1687735350,676988
1687735350,679416
1687735350,680119
1687735350,681090
1687735350,681576
1687735350,689464
1687735350,690329
1687735350,692828
1687735351,348714
1687735351,363317
1687735351,363772
1687735351,372427
1687735351,373517
1687735351,374111
1687735351,376850
1687735351,391302
1687735351,396138
1687735351,396557
1687735351,399839
1687735351,402029
1687735351,409066
1687735351,424173
1687735351,425347
1687735351,439212
1687735351,440464
1687735351,449612
1687735351,452103
1687735351,479745
1687735351,480332
1687735351,490455
1687735351,492566
1687735351,501534
1687735351,512297
1687735351,524830
1687735351,525553
1687735351,538463
1687735351,540582
1687735351,551732
1687735351,560414
1687735351,561062
1687735351,575828
1687735351,596205
1687735351,597168
1687735351,597444
1687735351,602796
1687735351,627043
1687735351,630859
1687735351,639243
1687735351,649040
1687735351,650822
1687735351,666364
1687735351,671338
1687735351,671698
1687735351,676216
1687735351,677803
1687735351,678143
1687735351,678483
1687735351,687153
1687735351,692172
1687735351,692782
1687735351,696605
1687735352,353525
1687735352,360378
1687735352,365126
1687735352,365287
1687735352,365952
1687735352,366111
1687735352,372816
1687735352,373029
1687735352,373218
1687735352,377586
1687735352,380092
1687735352,384597
1687735352,387297
1687735352,390679
1687735352,394879
1687735352,399136
1687735352,420218
1687735352,421551
1687735352,422361
1687735352,425540
1687735352,431726
1687735352,450098
1687735352,455885
1687735352,456126
1687735352,474718
1687735352,481069
1687735352,494587
1687735352,495921
1687735352,516285
1687735352,521831
1687735352,540479
1687735352,551069
1687735352,559808
1687735352,561088
1687735352,579237
1687735352,581414
1687735352,584832
1687735352,594862
1687735352,596673
1687735352,620891
1687735352,623626
1687735352,636783
1687735352,653290
1687735352,663170
1687735352,664228
1687735352,669368
1687735352,675321
1687735352,680520
1687735352,682947
1687735352,684613
1687735352,684961
1687735352,687496
1687735352,698065
1687735353,355206
1687735353,370884
1687735353,371691
1687735353,375319
1687735353,380203
1687735353,381573
1687735353,388917
1687735353,394320
1687735353,415954
1687735353,416642
1687735353,420720
1687735353,422305
1687735353,423596
1687735353,445793
1687735353,455744
1687735353,456263
1687735353,475809
1687735353,477758
1687735353,477913
1687735353,489667
1687735353,514167
1687735353,514744
1687735353,517844
1687735353,524201
1687735353,525698
1687735353,538094
1687735353,549042
1687735353,550630
1687735353,552620
1687735353,577586
1687735353,578680
1687735353,588330
1687735353,588578
1687735353,591386
1687735353,610096
1687735353,615824
1687735353,620065
1687735353,620177
1687735353,621999
1687735353,622679
1687735353,625034
1687735353,630493
1687735353,644936
1687735353,649401
1687735353,659900
1687735353,660791
1687735353,665445
1687735353,668827
1687735353,670665
1687735353,675530
1687735353,678202
1687735353,680345
1687735353,681878
1687735353,683994
1687735353,685092
1687735353,686520
1687735353,689993
1687735353,692102
1687735353,694398
1687735353,698701
1687735354,366635
1687735354,367308
1687735354,370638
1687735354,371817
1687735354,372370
1687735354,374151
1687735354,374723
1687735354,375546
1687735354,385765
1687735354,387798
1687735354,388591
1687735354,392194
1687735354,402017
1687735354,405037
1687735354,407575
1687735354,408932
1687735354,410326
1687735354,435614
1687735354,437978
1687735354,438935
1687735354,451086
1687735354,454155
1687735354,468238
1687735354,469750
1687735354,471870
1687735354,482397
1687735354,497883
1687735354,504823
1687735354,517122
1687735354,537716
1687735354,553941
1687735354,556687
1687735354,565822
1687735354,572011
1687735354,581431
1687735354,598883
1687735354,607796
1687735354,618202
1687735354,641750
1687735354,650663
1687735354,671716
1687735354,676459
1687735354,676629
1687735354,678203
1687735354,679830
1687735354,682512
1687735354,682739
1687735354,686782
1687735354,693159
1687735354,695818
1687735355,348466
1687735355,362263
1687735355,364744
1687735355,371401
1687735355,377477
1687735355,377688
1687735355,378761
1687735355,390253
1687735355,397245
1687735355,404643
1687735355,405324
1687735355,434003
1687735355,441492
1687735355,445810
1687735355,459800
1687735355,486518
1687735355,493261
1687735355,501583
1687735355,502224
1687735355,512184
1687735355,527146
1687735355,539440
1687735355,548907
1687735355,553161
1687735355,563938
1687735355,568510
1687735355,571167
1687735355,596109
1687735355,600923
1687735355,605583
1687735355,611552
1687735355,630976
1687735355,644555
1687735355,645808
1687735355,646370
1687735355,648779
1687735355,649161
1687735355,663072
1687735355,666666
1687735355,667868
1687735355,670618
1687735355,675525
1687735355,678028
1687735355,682370
1687735355,683703
1687735355,685043
1687735355,688220
1687735355,690933
1687735355,691041
1687735355,699788
1687735356,359418
1687735356,362494
1687735356,363852
1687735356,366072
1687735356,366671
1687735356,371165
1687735356,373165
1687735356,385163
1687735356,387730
1687735356,389339
1687735356,389951
1687735356,394450
1687735356,401202
1687735356,402869
1687735356,415225
1687735356,426284
1687735356,427405
1687735356,436094
1687735356,441990
1687735356,457877
1687735356,468725
1687735356,473088
1687735356,488931
1687735356,493893
1687735356,496692
1687735356,500613
1687735356,500937
1687735356,501387
1687735356,509274
1687735356,509428
1687735356,527311
1687735356,528549
1687735356,531596
1687735356,533605
1687735356,537503
1687735356,540927
1687735356,571606
1687735356,596950
1687735356,602338
1687735356,607695
1687735356,630163
1687735356,631925
1687735356,634119
1687735356,636521
1687735356,641342
1687735356,662741
1687735356,664351
1687735356,678753
1687735356,680759
1687735356,687335
1687735356,690299
1687735356,690349
1687735357,352692
1687735357,362686
1687735357,366819
1687735357,371799
1687735357,376905
1687735357,381173
1687735357,384205
1687735357,386026
1687735357,386168
1687735357,388626
1687735357,401780
1687735357,405557
1687735357,406810
1687735357,412402
1687735357,414851
1687735357,427141
1687735357,428483
1687735357,451964
1687735357,458966
1687735357,467862
1687735357,472648
1687735357,478876
1687735357,489422
1687735357,516347
1687735357,517330
1687735357,523454
1687735357,529153
1687735357,546660
1687735357,561378
1687735357,575089
1687735357,580071
1687735357,592408
1687735357,593620
1687735357,608876
1687735357,626243
1687735357,628401
1687735357,628862
1687735357,630701
1687735357,631777
1687735357,631874
1687735357,640934
1687735357,655889
1687735357,659034
1687735357,659097
1687735357,660845
1687735357,661640
1687735357,663443
1687735357,667631
1687735357,673553
1687735357,677276
1687735357,679279
1687735357,684090
1687735357,688096
1687735357,690957
1687735357,694998
1687735357,702687
1687735358,357254
1687735358,364915
1687735358,365566
1687735358,367361
1687735358,376185
1687735358,382268
1687735358,382763
1687735358,384517
1687735358,396649
1687735358,399491
1687735358,400318
1687735358,404655
1687735358,416380
1687735358,416969
1687735358,422232
1687735358,424224
1687735358,444353
1687735358,449873
1687735358,461841
1687735358,483508
1687735358,484492
1687735358,506209
1687735358,520637
1687735358,523278
1687735358,524029
1687735358,547249
1687735358,554174
1687735358,555705
1687735358,559358
1687735358,566206
1687735358,572034
1687735358,586310
1687735358,609228
1687735358,610801
1687735358,610820
1687735358,623528
1687735358,629367
1687735358,646557
1687735358,651696
1687735358,652412
1687735358,657596
1687735358,675288
1687735358,679451
1687735358,682278
1687735358,684486
1687735358,687021
1687735358,693331
1687735358,697763
1687735358,699244
1687735359,356295
1687735359,362439
1687735359,364149
1687735359,366593
1687735359,370561
1687735359,371517
1687735359,373746
1687735359,395027
1687735359,403953
1687735359,405865
1687735359,413611
1687735359,420077
1687735359,424441
1687735359,442527
1687735359,445316
1687735359,449463
1687735359,455924
1687735359,480927
1687735359,486121
1687735359,501444
1687735359,505662
1687735359,517514
1687735359,521366
1687735359,544100
1687735359,546196
1687735359,550402
1687735359,557325
1687735359,565377
1687735359,583503
1687735359,585952
1687735359,588649
1687735359,598965
1687735359,604376
1687735359,620492
1687735359,635579
1687735359,641703
1687735359,643173
1687735359,645820
1687735359,651673
1687735359,659624
1687735359,671612
1687735359,672104
1687735359,673600
1687735359,678477
1687735359,682657
1687735359,682913
1687735359,685648
1687735359,691497
1687735359,695200
1687735359,698139
1687735360,364762
1687735360,368118
1687735360,368524
1687735360,372780
1687735360,375215
1687735360,375833
1687735360,377030
1687735360,378416
1687735360,385349
1687735360,386466
1687735360,392581
1687735360,393362
1687735360,400376
1687735360,412047
1687735360,424534
1687735360,434216
1687735360,437442
1687735360,449812
1687735360,450639
1687735360,463029
1687735360,479785
1687735360,482831
1687735360,493083
1687735360,509292
1687735360,525684
1687735360,541994
1687735360,542054
1687735360,546247
1687735360,561167
1687735360,585170
1687735360,585185
1687735360,591839
1687735360,610743
1687735360,624048
1687735360,625315
1687735360,632598
1687735360,639396
1687735360,645452
1687735360,646419
1687735360,651422
1687735360,658261
1687735360,666444
1687735360,671139
1687735360,680956
1687735360,681699
1687735360,689837
1687735360,700652
1687735361,357506
1687735361,361484
1687735361,362699
1687735361,364021
1687735361,372383
1687735361,374579
1687735361,384621
1687735361,385459
1687735361,385919
1687735361,387272
1687735361,406572
1687735361,411075
1687735361,414655
1687735361,416648
1687735361,418536
1687735361,424740
1687735361,430199
1687735361,431944
1687735361,448029
1687735361,461585
1687735361,465532
1687735361,467337
1687735361,473949
1687735361,475455
1687735361,480466
1687735361,500156
1687735361,506498
1687735361,520534
1687735361,524904
1687735361,533421
1687735361,542473
1687735361,563465
1687735361,572500
1687735361,574568
1687735361,576029
1687735361,583324
1687735361,610477
1687735361,622454
1687735361,625719
1687735361,644453
1687735361,655322
1687735361,655974
1687735361,661538
1687735361,664900
1687735361,665559
1687735361,670942
1687735361,682339
1687735361,683584
1687735361,687101
1687735361,688212
1687735361,688619
1687735361,693854
1687735361,696270
1687735362,361477
1687735362,363554
1687735362,368572
1687735362,369564
1687735362,374703
1687735362,378921
1687735362,382521
1687735362,387473
1687735362,388207
1687735362,405948
1687735362,415060
1687735362,431119
1687735362,433250
1687735362,440029
1687735362,452949
1687735362,457386
1687735362,459526
1687735362,462688
1687735362,467306
1687735362,469258
1687735362,502632
1687735362,515671
1687735362,529874
1687735362,534388
1687735362,559367
1687735362,565273
1687735362,569989
1687735362,572567
1687735362,609146
1687735362,609256
1687735362,622133
1687735362,633468
1687735362,633518
1687735362,635646
1687735362,644286
1687735362,653100
1687735362,669168
1687735362,669476
1687735362,671748
1687735362,680851
1687735362,681773
1687735362,682258
1687735362,683409
1687735362,688854
1687735362,691732
1687735362,691814
1687735362,696181
1687735363,350359
1687735363,360018
1687735363,366154
1687735363,371586
1687735363,374885
1687735363,375600
1687735363,378680
1687735363,380665
1687735363,391805
1687735363,398766
1687735363,400976
1687735363,407625
1687735363,433041
1687735363,438463
1687735363,443590
1687735363,445299
1687735363,456843
1687735363,457065
1687735363,496868
1687735363,498225
1687735363,499132
1687735363,499502
1687735363,510798
1687735363,530610
1687735363,549742
1687735363,558761
1687735363,567278
1687735363,595247
1687735363,596109
1687735363,601363
1687735363,607078
1687735363,607327
1687735363,614578
1687735363,637570
1687735363,638739
1687735363,643813
1687735363,644522
1687735363,656799
1687735363,662336
1687735363,669605
1687735363,673857
1687735363,675334
1687735363,677323
1687735363,679415
1687735363,682390
1687735363,686774
1687735363,689114
1687735364,350412
1687735364,355788
1687735364,365518
1687735364,366873
1687735364,368734
1687735364,380212
1687735364,390336
1687735364,392354
1687735364,399595
1687735364,400093
1687735364,401508
1687735364,403967
1687735364,416332
1687735364,424847
1687735364,431781
1687735364,433555
1687735364,454359
1687735364,458205
1687735364,475197
1687735364,478634
1687735364,488737
1687735364,500057
1687735364,514506
1687735364,520912
1687735364,525364
1687735364,535416
1687735364,544157
1687735364,545393
1687735364,557443
1687735364,579636
1687735364,589416
1687735364,595597
1687735364,596949
1687735364,599818
1687735364,614379
1687735364,629661
1687735364,632463
1687735364,632468
1687735364,657110
1687735364,660497
1687735364,666384
1687735364,671630
1687735364,673580
1687735364,678649
1687735364,681892
1687735364,687311
1687735364,688519
1687735364,696404
1687735364,699250
1687735365,353599
1687735365,362845
1687735365,363798
1687735365,365311
1687735365,367308
1687735365,377877
1687735365,380580
1687735365,380711
1687735365,384806
1687735365,387343
1687735365,389192
1687735365,414650
1687735365,417035
1687735365,418272
1687735365,419155
1687735365,419661
1687735365,448856
1687735365,453132
1687735365,475334
1687735365,485340
1687735365,485446
1687735365,515045
1687735365,522129
1687735365,522430
1687735365,524274
1687735365,535134
1687735365,551807
1687735365,552653
1687735365,572474
1687735365,575907
1687735365,586272
1687735365,592291
1687735365,615455
1687735365,621794
1687735365,621817
1687735365,627537
1687735365,631538
1687735365,654713
1687735365,657662
1687735365,664280
1687735365,665841
1687735365,668001
1687735365,675506
1687735365,680200
1687735365,680463
1687735365,682553
1687735365,685337
1687735365,688981
1687735365,690563
1687735365,690739
1687735366,360241
1687735366,370766
1687735366,370918
1687735366,374094
1687735366,374993
1687735366,378008
1687735366,379195
1687735366,390958
1687735366,395746
1687735366,401598
1687735366,407560
1687735366,413845
1687735366,416981
1687735366,420816
1687735366,426302
1687735366,442809
1687735366,448050
1687735366,450636
1687735366,466404
1687735366,478105
1687735366,491390
1687735366,508492
1687735366,512327
1687735366,512727
1687735366,545475
1687735366,551666
1687735366,553595
1687735366,569589
1687735366,574961
1687735366,579354
1687735366,580471
1687735366,587148
1687735366,590688
1687735366,591153
1687735366,612754
1687735366,613988
1687735366,624035
1687735366,649005
1687735366,651152
1687735366,653077
1687735366,655218
1687735366,660036
1687735366,669823
1687735366,670700
1687735366,675783
1687735366,678021
1687735366,678917
1687735366,691470
1687735366,692012
1687735366,701114
1687735367,349975
1687735367,357728
1687735367,363050
1687735367,371316
1687735367,371342
1687735367,372308
1687735367,373215
1687735367,375875
1687735367,387703
1687735367,394918
1687735367,396188
1687735367,397937
1687735367,409229
1687735367,430562
1687735367,441378
1687735367,450037
1687735367,474864
1687735367,489417
1687735367,489438
1687735367,508183
1687735367,509664
1687735367,546439
1687735367,551115
1687735367,563180
1687735367,578996
1687735367,604587
1687735367,609608
1687735367,618041
1687735367,629911
1687735367,645280
1687735367,645690
1687735367,646480
1687735367,646844
1687735367,671500
1687735367,673242
1687735367,673363
1687735367,680373
1687735367,681410
1687735367,687854
1687735367,689063
1687735367,689547
1687735367,690605
1687735367,690838
1687735368,361926
1687735368,366548
1687735368,368195
1687735368,372320
1687735368,379142
1687735368,381171
1687735368,385173
1687735368,390317
1687735368,397522
1687735368,405351
1687735368,425435
1687735368,433484
1687735368,437620
1687735368,437799
1687735368,440190
1687735368,467794
1687735368,467985
1687735368,468589
1687735368,469238
1687735368,488444
1687735368,489360
1687735368,495123
1687735368,501121
1687735368,504873
1687735368,525802
1687735368,527202
1687735368,533744
1687735368,541051
1687735368,546254
1687735368,569316
1687735368,571276
1687735368,571867
1687735368,591418
1687735368,603708
1687735368,605883
1687735368,616297
1687735368,626849
1687735368,636207
1687735368,636632
1687735368,647579
1687735368,658323
1687735368,659733
1687735368,665312
1687735368,665753
1687735368,668454
1687735368,676865
1687735368,681217
1687735368,683360
1687735368,689874
1687735368,690590
1687735368,690661
1687735368,697232
1687735369,353896
1687735369,355715
1687735369,363678
1687735369,366119
1687735369,367292
1687735369,374916
1687735369,378781
1687735369,379512
1687735369,381741
1687735369,383448
1687735369,383860
1687735369,400955
1687735369,407119
1687735369,411106
1687735369,415763
1687735369,416573
1687735369,426996
1687735369,427883
1687735369,436435
1687735369,461861
1687735369,467964
1687735369,476723
1687735369,497746
1687735369,503339
1687735369,511458
1687735369,523289
1687735369,527647
1687735369,535064
1687735369,538302
1687735369,543631
1687735369,567517
1687735369,568875
1687735369,578200
1687735369,588518
1687735369,602090
1687735369,603073
1687735369,608261
1687735369,624127
1687735369,629657
1687735369,642805
1687735369,660221
1687735369,663046
1687735369,670678
1687735369,678754
1687735369,682389
1687735369,683611
1687735369,685451
1687735369,685639
1687735369,693372
1687735369,700724
1687735369,702284
1687735370,349059
1687735370,366156
1687735370,368688
1687735370,373988
1687735370,378344
1687735370,382357
1687735370,382916
1687735370,386522
1687735370,400961
1687735370,406773
1687735370,411050
1687735370,426400
1687735370,433446
1687735370,447825
1687735370,454885
1687735370,462654
1687735370,464144
1687735370,465483
1687735370,490243
1687735370,500935
1687735370,519307
1687735370,526720
1687735370,535609
1687735370,536346
1687735370,555942
1687735370,565499
1687735370,569001
1687735370,597199
1687735370,604456
1687735370,617000
1687735370,639180
1687735370,640314
1687735370,650620
1687735370,657518
1687735370,659395
1687735370,659855
1687735370,665151
1687735370,666645
1687735370,677564
1687735370,678804
1687735370,680107
1687735370,681951
1687735370,690248
1687735370,693263
1687735370,698281
1687735371,362355
1687735371,363477
1687735371,365668
1687735371,373023
1687735371,373724
1687735371,374224
1687735371,375852
1687735371,392611
1687735371,394556
1687735371,397989
1687735371,400864
1687735371,401537
1687735371,422324
1687735371,423878
1687735371,441170
1687735371,442335
1687735371,450029
1687735371,451710
1687735371,482215
1687735371,488457
1687735371,490433
1687735371,503486
1687735371,514371
1687735371,522568
1687735371,542666
1687735371,549549
1687735371,558085
1687735371,563114
1687735371,582593
1687735371,594284
1687735371,595529
1687735371,604627
1687735371,613321
1687735371,625131
1687735371,628614
1687735371,641085
1687735371,649325
1687735371,650166
1687735371,667812
1687735371,672211
1687735371,677078
1687735371,677153
1687735371,677157
1687735371,678010
1687735371,687672
1687735371,692424
1687735371,693177
1687735371,696907
1687735372,352792
1687735372,360501
1687735372,364773
1687735372,365001
1687735372,366410
1687735372,372480
1687735372,372530
1687735372,373291
1687735372,378244
1687735372,379102
1687735372,380649
1687735372,385967
1687735372,388364
1687735372,391924
1687735372,393742
1687735372,397667
1687735372,419988
1687735372,424002
1687735372,427194
1687735372,433838
1687735372,448001
1687735372,453850
1687735372,458141
1687735372,475452
1687735372,476674
1687735372,492602
1687735372,497892
1687735372,514290
1687735372,523620
1687735372,542582
1687735372,548422
1687735372,553251
1687735372,557685
1687735372,559021
1687735372,581380
1687735372,583479
1687735372,592817
1687735372,598408
1687735372,618892
1687735372,625731
1687735372,636975
1687735372,637861
1687735372,647821
1687735372,651263
1687735372,658094
1687735372,661941
1687735372,665402
1687735372,670607
1687735372,674145
1687735372,682529
1687735372,685050
1687735372,688251
1687735372,693257
1687735372,698148
1687735373,356133
1687735373,363813
1687735373,365984
1687735373,371487
1687735373,371524
1687735373,374051
1687735373,381161
1687735373,386127
1687735373,415169
1687735373,417700
1687735373,419233
1687735373,425621
1687735373,444191
1687735373,454310
1687735373,457766
1687735373,480042
1687735373,491666
1687735373,512134
1687735373,515685
1687735373,516636
1687735373,523746
1687735373,526235
1687735373,540280
1687735373,547113
1687735373,554524
1687735373,575456
1687735373,580879
1687735373,582824
1687735373,582935
1687735373,586136
1687735373,593386
1687735373,608122
1687735373,617554
1687735373,617889
1687735373,618141
1687735373,622784
1687735373,623556
1687735373,632048
1687735373,642933
1687735373,646840
1687735373,660791
1687735373,661918
1687735373,666642
1687735373,669066
1687735373,674737
1687735373,680685
1687735373,683798
1687735373,684474
1687735373,686055
1687735373,691291
1687735373,694723
1687735374,367345
1687735374,370894
1687735374,371070
1687735374,371088
1687735374,371717
1687735374,374713
1687735374,375614
1687735374,376485
1687735374,384388
1687735374,392541
1687735374,403453
1687735374,405794
1687735374,406365
1687735374,408620
1687735374,410841
1687735374,414862
1687735374,436423
1687735374,437055
1687735374,437537
1687735374,456120
1687735374,461419
1687735374,467639
1687735374,468010
1687735374,470312
1687735374,473609
1687735374,480480
1687735374,493354
1687735374,500071
1687735374,502508
1687735374,519162
1687735374,535760
1687735374,545536
1687735374,556055
1687735374,558954
1687735374,568033
1687735374,569902
1687735374,570186
1687735374,579148
1687735374,594300
1687735374,601199
1687735374,605951
1687735374,619838
1687735374,642922
1687735374,652200
1687735374,670590
1687735374,675100
1687735374,677424
1687735374,678960
1687735374,680548
1687735374,682122
1687735374,682647
1687735374,686779
1687735374,693396
1687735375,348783
1687735375,364827
1687735375,372007
1687735375,376894
1687735375,378087
1687735375,378367
1687735375,388841
1687735375,398792
1687735375,406342
1687735375,432084
1687735375,435251
1687735375,443440
1687735375,443662
1687735375,455036
1687735375,460651
1687735375,495165
1687735375,500077
1687735375,503667
1687735375,514318
1687735375,529000
1687735375,530453
1687735375,537451
1687735375,547010
1687735375,555318
1687735375,569054
1687735375,597970
1687735375,599138
1687735375,603614
1687735375,613012
1687735375,632650
1687735375,634665
1687735375,644216
1687735375,646010
1687735375,646814
1687735375,647942
1687735375,650208
1687735375,666556
1687735375,671446
1687735375,676561
1687735375,679234
1687735375,681738
1687735375,683068
1687735375,685015
1687735375,689254
1687735375,691141
1687735376,360417
1687735376,362528
1687735376,364361
1687735376,366216
1687735376,366716
1687735376,370694
1687735376,372709
1687735376,384223
1687735376,386452
1687735376,390636
1687735376,390724
1687735376,394996
1687735376,399600
1687735376,401456
1687735376,416718
1687735376,424796
1687735376,429439
1687735376,434456
1687735376,443987
1687735376,458046
1687735376,470784
1687735376,475202
1687735376,490933
1687735376,494630
1687735376,495840
1687735376,498230
1687735376,498891
1687735376,499302
1687735376,511376
1687735376,525322
1687735376,531552
1687735376,535508
1687735376,543015
1687735376,561971
1687735376,573829
1687735376,597935
1687735376,604119
1687735376,605820
1687735376,629826
1687735376,631566
1687735376,632458
1687735376,633446
1687735376,639340
1687735376,661553
1687735376,664983
1687735376,679430
1687735376,680191
1687735376,688351
1687735376,689285
1687735376,690763
1687735377,352328
1687735377,362333
1687735377,366489
1687735377,372323
1687735377,376946
1687735377,377271
1687735377,382314
1687735377,384792
1687735377,385434
1687735377,387269
1687735377,387471
1687735377,400276
1687735377,404312
1687735377,405051
1687735377,413961
1687735377,430535
1687735377,449793
1687735377,456014
1687735377,456884
1687735377,470562
1687735377,480884
1687735377,483987
1687735377,487305
1687735377,511213
1687735377,518360
1687735377,521539
1687735377,531208
1687735377,548874
1687735377,559161
1687735377,572999
1687735377,581973
1687735377,591703
1687735377,594324
1687735377,610685
1687735377,626443
1687735377,627820
1687735377,628715
1687735377,630440
1687735377,633491
1687735377,656706
1687735377,657404
1687735377,659708
1687735377,660409
1687735377,661558
1687735377,662742
1687735377,664089
1687735377,666177
1687735377,672784
1687735377,677789
1687735377,679989
1687735377,684758
1687735377,689664
1687735377,690455
1687735377,694953
1687735377,702774
1687735378,357571
1687735378,365699
1687735378,366988
1687735378,381812
1687735378,383557
1687735378,383805
1687735378,397985
1687735378,398304
1687735378,399342
1687735378,406417
1687735378,414536
1687735378,418211
1687735378,419069
1687735378,422269
1687735378,423965
1687735378,446242
1687735378,451936
1687735378,464204
1687735378,481575
1687735378,486602
1687735378,508031
1687735378,518678
1687735378,521152
1687735378,522051
1687735378,549321
1687735378,551990
1687735378,553388
1687735378,557201
1687735378,568320
1687735378,574175
1687735378,584123
1687735378,597239
1687735378,611006
1687735378,612242
1687735378,612607
1687735378,621326
1687735378,627277
1687735378,647946
1687735378,650538
1687735378,652907
1687735378,658906
1687735378,668815
1687735378,672594
1687735378,674522
1687735378,678397
1687735378,678945
1687735378,680648
1687735378,683131
1687735378,684299
1687735378,687095
1687735378,698168
1687735378,698900
1687735379,356076
1687735379,361529
1687735379,364245
1687735379,367212
1687735379,370815
1687735379,371825
1687735379,373489
1687735379,395609
1687735379,396367
1687735379,404274
1687735379,405823
1687735379,426159
1687735379,440532
1687735379,447515
1687735379,447654
1687735379,458053
1687735379,478838
1687735379,479037
1687735379,483559
1687735379,488267
1687735379,499351
1687735379,507685
1687735379,515391
1687735379,523489
1687735379,544099
1687735379,546207
1687735379,547587
1687735379,548279
1687735379,559389
1687735379,576748
1687735379,581262
1687735379,583005
1687735379,584685
1687735379,587950
1687735379,590708
1687735379,606096
1687735379,615980
1687735379,618487
1687735379,644204
1687735379,644317
1687735379,649943
1687735379,672243
1687735379,673188
1687735379,677217
1687735379,682203
1687735379,682511
1687735379,684628
1687735379,685027
1687735379,690570
1687735379,691726
1687735379,695240
1687735379,698390
1687735380,363706
1687735380,365067
1687735380,367774
1687735380,372150
1687735380,374477
1687735380,375912
1687735380,377215
1687735380,379402
1687735380,387487
1687735380,387707
1687735380,392032
1687735380,393561
1687735380,396620
1687735380,401657
1687735380,410368
1687735380,426295
1687735380,435516
1687735380,436145
1687735380,447677
1687735380,448718
1687735380,464849
1687735380,469678
1687735380,477569
1687735380,484822
1687735380,494969
1687735380,498373
1687735380,507215
1687735380,527569
1687735380,540206
1687735380,540250
1687735380,544027
1687735380,544363
1687735380,563457
1687735380,580550
1687735380,585309
1687735380,587389
1687735380,593562
1687735380,608736
1687735380,623635
1687735380,626128
1687735380,634110
1687735380,641004
1687735380,644530
1687735380,649811
1687735380,659336
1687735380,665095
1687735380,672479
1687735380,672757
1687735380,680723
1687735380,682054
1687735380,688250
1687735380,690787
1687735380,700427
1687735381,358311
1687735381,361620
1687735381,362154
1687735381,372168
1687735381,373363
1687735381,381547
1687735381,384742
1687735381,385580
1687735381,385985
1687735381,385993
1687735381,407948
1687735381,413362
1687735381,420664
1687735381,423079
1687735381,428016
1687735381,433872
1687735381,463477
1687735381,465195
1687735381,472028
1687735381,473470
1687735381,482523
1687735381,502097
1687735381,504725
1687735381,522299
1687735381,522790
1687735381,535459
1687735381,565792
1687735381,570531
1687735381,573950
1687735381,597697
1687735381,608345
1687735381,623790
1687735381,627420
1687735381,642561
1687735381,643245
1687735381,652885
1687735381,656862
1687735381,657237
1687735381,664090
1687735381,665753
1687735381,669774
1687735381,682591
1687735381,683108
1687735381,683300
1687735381,687069
1687735381,687513
1687735381,689549
1687735381,693969
1687735381,695219
1687735381,695400
1687735382,361646
1687735382,362811
1687735382,368592
1687735382,370229
1687735382,374236
1687735382,374342
1687735382,374655
1687735382,378664
1687735382,380312
1687735382,386428
1687735382,387426
1687735382,387942
1687735382,391274
1687735382,407344
1687735382,409737
1687735382,412325
1687735382,416817
1687735382,429422
1687735382,442005
1687735382,457469
1687735382,459662
1687735382,465252
1687735382,471307
1687735382,471715
1687735382,496116
1687735382,500596
1687735382,508955
1687735382,517843
1687735382,523553
1687735382,527963
1687735382,533573
1687735382,561538
1687735382,563018
1687735382,570294
1687735382,571922
1687735382,579477
1687735382,603946
1687735382,605272
1687735382,607054
1687735382,607265
1687735382,631504
1687735382,633744
1687735382,635121
1687735382,645489
1687735382,654443
1687735382,667695
1687735382,667878
1687735382,672486
1687735382,681445
1687735382,681910
1687735382,683431
1687735382,688819
1687735382,692144
1687735382,696261
1687735382,702182
1687735383,350289
1687735383,359593
1687735383,367044
1687735383,370587
1687735383,373645
1687735383,375997
1687735383,378055
1687735383,381076
1687735383,392861
1687735383,399560
1687735383,400366
1687735383,409623
1687735383,424045
1687735383,431153
1687735383,440349
1687735383,443616
1687735383,445509
1687735383,454694
1687735383,459098
1687735383,494639
1687735383,501011
1687735383,501490
1687735383,513016
1687735383,528397
1687735383,536264
1687735383,537711
1687735383,547930
1687735383,560743
1687735383,565074
1687735383,593335
1687735383,594786
1687735383,603228
1687735383,608933
1687735383,616057
1687735383,635509
1687735383,640503
1687735383,643049
1687735383,645309
1687735383,654972
1687735383,660999
1687735383,670528
1687735383,674796
1687735383,676095
1687735383,676332
1687735383,678799
1687735383,681915
1687735383,687174
1687735383,687590
1687735383,688826
1687735383,696443
1687735384,349772
1687735384,355679
1687735384,365947
1687735384,366023
1687735384,369203
1687735384,379447
1687735384,382309
1687735384,391606
1687735384,393744
1687735384,398257
1687735384,399255
1687735384,400076
1687735384,402523
1687735384,417780
1687735384,423243
1687735384,425304
1687735384,434004
1687735384,435357
1687735384,452443
1687735384,455849
1687735384,477184
1687735384,480441
1687735384,486676
1687735384,498318
1687735384,516379
1687735384,518744
1687735384,523269
1687735384,537400
1687735384,546301
1687735384,555527
1687735384,581796
1687735384,587171
1687735384,594593
1687735384,597385
1687735384,601809
1687735384,616287
1687735384,630183
1687735384,630666
1687735384,634070
1687735384,655273
1687735384,659564
1687735384,667538
1687735384,672496
1687735384,672901
1687735384,678897
1687735384,680759
1687735384,686913
1687735384,689027
1687735384,699201
1687735385,363659
1687735385,364385
1687735385,364660
1687735385,376338
1687735385,381534
1687735385,384114
1687735385,387548
1687735385,388840
1687735385,415245
1687735385,416354
1687735385,416546
1687735385,417527
1687735385,421849
1687735385,446308
1687735385,447157
1687735385,455168
1687735385,470005
1687735385,477443
1687735385,483295
1687735385,487267
1687735385,517011
1687735385,520118
1687735385,521995
1687735385,524504
1687735385,537244
1687735385,549550
1687735385,550570
1687735385,570363
1687735385,578037
1687735385,588120
1687735385,590320
1687735385,617334
1687735385,619699
1687735385,619865
1687735385,628947
1687735385,629429
1687735385,653209
1687735385,658730
1687735385,665177
1687735385,667029
1687735385,674471
1687735385,680157
1687735385,681210
1687735385,683081
1687735385,684725
1687735385,686914
1687735385,688397
1687735385,690694
1687735385,691266
1687735386,353692
1687735386,356593
1687735386,360450
1687735386,370710
1687735386,372031
1687735386,373573
1687735386,375951
1687735386,378828
1687735386,379402
1687735386,389662
1687735386,402883
1687735386,409441
1687735386,412119
1687735386,415408
1687735386,415626
1687735386,419330
1687735386,440788
1687735386,452529
1687735386,468605
1687735386,475925
1687735386,493511
1687735386,506485
1687735386,510798
1687735386,514331
1687735386,525192
1687735386,543407
1687735386,553782
1687735386,555731
1687735386,571580
1687735386,576978
1687735386,577036
1687735386,578434
1687735386,588711
1687735386,592764
1687735386,612123
1687735386,614494
1687735386,625393
1687735386,647402
1687735386,652771
1687735386,654174
1687735386,660989
1687735386,666146
1687735386,670230
1687735386,670800
1687735386,674289
1687735386,676325
1687735386,679001
1687735386,679603
1687735386,690591
1687735386,690783
1687735386,691808
1687735386,701496
1687735387,350387
1687735387,363023
1687735387,367659
1687735387,371632
1687735387,371732
1687735387,372113
1687735387,373505
1687735387,375237
1687735387,388954
1687735387,394201
1687735387,394567
1687735387,397978
1687735387,399201
1687735387,407623
1687735387,427268
1687735387,432306
1687735387,439384
1687735387,452049
1687735387,463483
1687735387,472734
1687735387,486993
1687735387,491394
1687735387,505733
1687735387,511511
1687735387,543123
1687735387,544543
1687735387,553264
1687735387,576855
1687735387,596301
1687735387,602562
1687735387,611183
1687735387,616181
1687735387,631557
1687735387,643823
1687735387,647136
1687735387,647625
1687735387,648363
1687735387,653634
1687735387,670016
1687735387,674220
1687735387,674433
1687735387,679945
1687735387,680914
1687735387,689169
1687735387,689995
1687735387,690615
1687735388,361597
1687735388,366704
1687735388,366949
1687735388,367260
1687735388,378864
1687735388,379863
1687735388,386149
1687735388,391443
1687735388,398655
1687735388,403968
1687735388,431904
1687735388,436007
1687735388,436013
1687735388,442288
1687735388,465792
1687735388,465923
1687735388,466550
1687735388,471204
1687735388,490344
1687735388,491308
1687735388,493210
1687735388,502685
1687735388,502956
1687735388,527956
1687735388,529156
1687735388,531629
1687735388,539268
1687735388,548349
1687735388,569245
1687735388,569702
1687735388,571483
1687735388,593503
1687735388,603767
1687735388,605439
1687735388,606429
1687735388,614613
1687735388,624145
1687735388,628616
1687735388,634163
1687735388,638081
1687735388,645717
1687735388,659281
1687735388,660977
1687735388,662484
1687735388,663931
1687735388,666779
1687735388,669520
1687735388,676815
1687735388,681235
1687735388,683787
1687735388,688767
1687735388,690204
1687735388,691216
1687735388,697152
1687735389,353433
1687735389,356707
1687735389,363951
1687735389,366466
1687735389,374976
1687735389,377338
1687735389,380825
1687735389,381011
1687735389,382650
1687735389,399577
1687735389,405479
1687735389,412770
1687735389,414434
1687735389,418356
1687735389,429832
1687735389,438587
1687735389,459977
1687735389,478717
1687735389,495617
1687735389,505340
1687735389,509343
1687735389,529464
1687735389,540563
1687735389,566733
1687735389,569632
1687735389,590464
1687735389,600763
1687735389,610241
1687735389,625756
1687735389,627871
1687735389,631027
1687735389,641263
1687735389,661641
1687735389,661831
1687735389,669565
1687735389,679116
1687735389,680086
1687735389,683177
1687735389,684254
1687735389,684721
1687735389,685136
1687735389,693670
1687735389,699591
1687735389,700817
1687735390,366198
1687735390,368310
1687735390,383207
1687735390,383956
1687735390,385604
1687735390,399425
1687735390,408215
1687735390,413081
1687735390,424703
1687735390,431781
1687735390,449692
1687735390,452842
1687735390,463659
1687735390,464892
1687735390,466277
1687735390,488048
1687735390,502828
1687735390,516426
1687735390,521287
1687735390,521555
1687735390,524831
1687735390,545790
1687735390,553920
1687735390,566836
1687735390,567793
1687735390,595120
1687735390,606246
1687735390,618515
1687735390,626378
1687735390,637421
1687735390,641972
1687735390,651903
1687735390,657776
1687735390,657939
1687735390,658841
1687735390,665272
1687735390,678129
1687735390,678168
1687735390,682837
1687735390,690150
1687735390,693613
1687735390,697812
1687735391,360928
1687735391,363674
1687735391,366437
1687735391,373399
1687735391,373654
1687735391,374901
1687735391,374928
1687735391,392993
1687735391,393953
1687735391,399423
1687735391,399709
1687735391,403278
1687735391,420523
1687735391,443126
1687735391,444238
1687735391,447970
1687735391,453795
1687735391,484058
1687735391,486475
1687735391,488299
1687735391,495280
1687735391,505487
1687735391,520280
1687735391,544757
1687735391,547357
1687735391,555822
1687735391,565232
1687735391,592331
1687735391,593612
1687735391,606412
1687735391,614841
1687735391,623239
1687735391,642914
1687735391,647771
1687735391,651272
1687735391,673071
1687735391,673446
1687735391,676087
1687735391,676314
1687735391,677310
1687735391,677449
1687735391,678097
1687735391,688160
1687735391,692622
1687735391,693550
1687735391,698166
1687735392,352115
1687735392,360632
1687735392,364443
1687735392,364696
1687735392,366787
1687735392,371372
1687735392,371939
1687735392,372161
1687735392,373641
1687735392,387363
1687735392,389512
1687735392,392652
1687735392,393247
1687735392,396238
1687735392,418402
1687735392,425657
1687735392,428886
1687735392,435956
1687735392,445892
1687735392,477001
1687735392,478642
1687735392,490588
1687735392,499825
1687735392,512280
1687735392,525457
1687735392,544688
1687735392,555395
1687735392,556924
1687735392,580397
1687735392,583535
1687735392,583914
1687735392,585527
1687735392,590726
1687735392,600089
1687735392,616899
1687735392,627811
1687735392,638340
1687735392,638948
1687735392,646166
1687735392,649170
1687735392,656509
1687735392,666565
1687735392,671796
1687735392,672948
1687735392,682120
1687735392,685130
1687735392,685401
1687735392,689023
1687735392,691836
1687735392,693148
1687735393,363697
1687735393,365304
1687735393,371076
1687735393,371339
1687735393,372127
1687735393,372819
1687735393,380772
1687735393,381148
1687735393,386129
1687735393,386966
1687735393,413698
1687735393,417805
1687735393,419450
1687735393,427681
1687735393,442554
1687735393,452365
1687735393,459789
1687735393,467530
1687735393,473170
1687735393,481840
1687735393,482149
1687735393,493654
1687735393,510096
1687735393,513541
1687735393,518573
1687735393,521749
1687735393,528277
1687735393,542467
1687735393,545143
1687735393,546159
1687735393,565278
1687735393,573327
1687735393,583049
1687735393,595318
1687735393,606187
1687735393,615670
1687735393,616093
1687735393,619295
1687735393,620561
1687735393,631667
1687735393,633613
1687735393,640891
1687735393,654190
1687735393,661642
1687735393,663001
1687735393,667421
1687735393,667812
1687735393,681007
1687735393,683573
1687735393,683851
1687735393,685582
1687735393,690431
1687735393,690566
1687735393,691113
1687735394,366864
1687735394,367405
1687735394,369981
1687735394,371568
1687735394,374720
1687735394,374789
1687735394,377093
1687735394,377463
1687735394,383071
1687735394,404012
1687735394,404900
1687735394,406952
1687735394,407756
1687735394,412768
1687735394,413111
1687735394,434496
1687735394,434900
1687735394,447892
1687735394,458056
1687735394,466258
1687735394,469732
1687735394,472401
1687735394,478544
1687735394,500199
1687735394,502277
1687735394,521199
1687735394,533133
1687735394,533789
1687735394,535445
1687735394,558183
1687735394,561246
1687735394,567837
1687735394,570236
1687735394,576860
1687735394,603541
1687735394,604139
1687735394,621449
1687735394,644039
1687735394,651228
1687735394,653699
1687735394,669426
1687735394,673680
1687735394,678208
1687735394,679741
1687735394,681191
1687735394,681481
1687735394,682727
1687735394,686732
1687735394,693649
1687735394,694968
1687735395,364897
1687735395,371819
1687735395,372685
1687735395,376321
1687735395,377460
1687735395,379069
1687735395,387416
1687735395,388064
1687735395,390398
1687735395,400337
1687735395,430210
1687735395,437246
1687735395,441533
1687735395,445390
1687735395,457133
1687735395,458659
1687735395,497102
1687735395,497940
1687735395,505748
1687735395,516442
1687735395,532313
1687735395,535536
1687735395,545117
1687735395,554985
1687735395,556399
1687735395,557499
1687735395,566982
1687735395,571857
1687735395,597363
1687735395,599826
1687735395,614490
1687735395,632738
1687735395,637328
1687735395,639889
1687735395,642538
1687735395,644825
1687735395,647466
1687735395,649491
1687735395,655888
1687735395,665205
1687735395,672274
1687735395,677597
1687735395,680411
1687735395,681066
1687735395,684961
1687735395,688306
1687735395,689658
1687735395,691352
1687735395,699366
1687735396,361479
1687735396,362608
1687735396,364937
1687735396,366793
1687735396,370261
1687735396,372292
1687735396,375087
1687735396,379262
1687735396,383248
1687735396,385168
1687735396,391355
1687735396,392162
1687735396,398017
1687735396,418201
1687735396,422400
1687735396,423293
1687735396,425050
1687735396,431492
1687735396,432868
1687735396,445975
1687735396,456327
1687735396,457089
1687735396,469891
1687735396,472837
1687735396,477350
1687735396,492586
1687735396,492922
1687735396,495825
1687735396,497246
1687735396,497737
1687735396,513242
1687735396,523346
1687735396,529431
1687735396,532847
1687735396,533522
1687735396,545098
1687735396,560027
1687735396,576039
1687735396,578934
1687735396,589784
1687735396,592640
1687735396,599770
1687735396,603869
1687735396,605868
1687735396,629387
1687735396,630774
1687735396,631965
1687735396,632907
1687735396,634957
1687735396,660026
1687735396,665409
1687735396,665626
1687735396,672024
1687735396,679597
1687735396,680017
1687735396,687839
1687735396,688247
1687735396,690398
1687735397,349485
1687735397,352012
1687735397,362012
1687735397,366175
1687735397,376994
1687735397,382232
1687735397,383502
1687735397,384724
1687735397,385432
1687735397,388931
1687735397,398758
1687735397,403109
1687735397,403316
1687735397,412735
1687735397,415565
1687735397,423507
1687735397,432561
1687735397,447628
1687735397,454133
1687735397,454821
1687735397,468477
1687735397,472131
1687735397,482942
1687735397,485168
1687735397,513134
1687735397,519613
1687735397,520359
1687735397,533251
1687735397,534219
1687735397,551064
1687735397,556966
1687735397,570939
1687735397,583900
1687735397,596154
1687735397,612487
1687735397,624459
1687735397,626715
1687735397,635112
1687735397,658526
1687735397,659633
1687735397,661766
1687735397,663860
1687735397,678295
1687735397,680685
1687735397,685432
1687735397,688593
1687735397,688995
1687735397,689932
1687735397,694925
1687735397,702764
1687735398,353840
1687735398,357995
1687735398,365814
1687735398,366639
1687735398,378395
1687735398,379378
1687735398,381380
1687735398,383120
1687735398,384376
1687735398,397189
1687735398,399318
1687735398,408220
1687735398,416371
1687735398,420359
1687735398,421169
1687735398,421839
1687735398,422408
1687735398,425696
1687735398,448159
1687735398,454021
1687735398,466584
1687735398,479651
1687735398,488725
1687735398,509855
1687735398,516710
1687735398,519067
1687735398,520145
1687735398,549861
1687735398,551099
1687735398,551399
1687735398,555090
1687735398,570432
1687735398,576287
1687735398,580199
1687735398,581939
1687735398,612745
1687735398,613638
1687735398,614371
1687735398,619141
1687735398,625209
1687735398,648656
1687735398,649324
1687735398,654068
1687735398,660176
1687735398,669583
1687735398,671854
1687735398,673680
1687735398,681841
1687735398,683935
1687735398,684096
1687735398,684551
1687735398,687182
1687735398,698510
1687735398,698604
1687735399,355908
1687735399,360646
1687735399,364383
1687735399,367939
1687735399,370199
1687735399,373098
1687735399,373264
1687735399,394415
1687735399,397770
1687735399,402725
1687735399,407711
1687735399,410619
1687735399,427902
1687735399,438554
1687735399,445859
1687735399,449667
1687735399,460154
1687735399,476735
1687735399,481535
1687735399,490376
1687735399,497267
1687735399,509713
1687735399,513277
1687735399,525618
1687735399,529464
1687735399,541964
1687735399,542454
1687735399,546151
1687735399,548337
1687735399,549803
1687735399,561452
1687735399,580727
1687735399,582136
1687735399,589933
1687735399,592718
1687735399,595518
1687735399,616473
1687735399,617538
1687735399,642578
1687735399,644753
1687735399,645413
1687735399,648177
1687735399,655687
1687735399,672879
1687735399,674198
1687735399,675874
1687735399,676968
1687735399,677086
1687735399,681715
1687735399,682050
1687735399,683568
1687735399,691909
1687735399,695230
1687735399,698595
1687735400,363019
1687735400,365407
1687735400,367061
1687735400,367229
1687735400,371553
1687735400,373798
1687735400,376057
1687735400,377462
1687735400,380444
1687735400,389013
1687735400,390761
1687735400,394572
1687735400,398230
1687735400,402962
1687735400,408718
1687735400,425906
1687735400,428051
1687735400,433581
1687735400,435235
1687735400,438125
1687735400,445485
1687735400,446804
1687735400,466674
1687735400,475363
1687735400,486795
1687735400,496847
1687735400,500544
1687735400,505113
1687735400,538390
1687735400,546062
1687735400,565744
1687735400,578338
1687735400,587243
1687735400,589573
1687735400,595224
1687735400,606703
1687735400,607784
1687735400,621952
1687735400,628222
1687735400,635615
1687735400,642624
1687735400,642641
1687735400,648130
1687735400,660410
1687735400,663747
1687735400,673753
1687735400,680465
1687735400,682396
1687735400,688587
1687735400,691732
1687735400,700167
1687735401,357094
1687735401,359181
1687735401,361684
1687735401,361849
1687735401,371998
1687735401,372155
1687735401,383604
1687735401,384728
1687735401,386547
1687735401,386586
1687735401,409387
1687735401,412104
1687735401,418557
1687735401,421404
1687735401,422803
1687735401,435827
1687735401,463078
1687735401,465391
1687735401,470042
1687735401,471493
1687735401,484608
1687735401,502998
1687735401,504012
1687735401,520671
1687735401,524089
1687735401,537494
1687735401,568110
1687735401,568526
1687735401,571862
1687735401,599308
1687735401,604684
1687735401,606201
1687735401,625429
1687735401,625770
1687735401,629136
1687735401,629474
1687735401,640619
1687735401,658288
1687735401,658498
1687735401,662595
1687735401,663392
1687735401,668528
1687735401,682998
1687735401,683869
1687735401,686800
1687735401,686995
1687735401,690429
1687735401,694052
1687735401,694104
1687735402,349123
1687735402,361804
1687735402,362121
1687735402,368631
1687735402,370968
1687735402,373786
1687735402,374048
1687735402,375314
1687735402,380107
1687735402,381713
1687735402,385369
1687735402,386670
1687735402,395576
1687735402,408064
1687735402,408413
1687735402,408767
1687735402,410650
1687735402,441925
1687735402,444015
1687735402,455435
1687735402,461925
1687735402,463229
1687735402,473338
1687735402,473849
1687735402,520007
1687735402,526058
1687735402,538181
1687735402,546084
1687735402,560747
1687735402,563720
1687735402,568006
1687735402,573883
1687735402,581245
1687735402,604807
1687735402,605376
1687735402,605853
1687735402,625063
1687735402,631845
1687735402,636790
1687735402,641588
1687735402,646729
1687735402,655737
1687735402,665894
1687735402,666520
1687735402,673234
1687735402,682974
1687735402,683442
1687735402,686364
1687735402,696340
1687735402,702043
1687735403,350267
1687735403,359240
1687735403,367954
1687735403,369642
1687735403,372450
1687735403,376366
1687735403,377427
1687735403,381519
1687735403,393914
1687735403,398141
1687735403,401079
1687735403,402017
1687735403,411633
1687735403,429275
1687735403,442212
1687735403,447429
1687735403,452585
1687735403,461161
1687735403,492371
1687735403,494035
1687735403,497199
1687735403,498554
1687735403,502899
1687735403,503457
1687735403,515184
1687735403,526186
1687735403,539816
1687735403,562744
1687735403,562888
1687735403,591419
1687735403,603433
1687735403,605083
1687735403,610491
1687735403,617529
1687735403,633404
1687735403,642217
1687735403,646802
1687735403,653085
1687735403,659656
1687735403,671453
1687735403,675313
1687735403,675723
1687735403,676834
1687735403,678136
1687735403,681388
1687735403,687548
1687735403,688554
1687735403,692511
1687735404,349174
1687735404,355615
1687735404,365209
1687735404,366351
1687735404,369653
1687735404,378660
1687735404,385906
1687735404,392854
1687735404,395156
1687735404,396925
1687735404,398481
1687735404,398670
1687735404,419270
1687735404,421663
1687735404,436181
1687735404,437190
1687735404,450537
1687735404,453521
1687735404,479195
1687735404,479700
1687735404,482214
1687735404,484653
1687735404,496527
1687735404,516584
1687735404,518305
1687735404,521167
1687735404,539382
1687735404,548419
1687735404,553606
1687735404,583945
1687735404,584932
1687735404,592248
1687735404,599150
1687735404,603785
1687735404,618153
1687735404,627872
1687735404,631676
1687735404,635647
1687735404,653382
1687735404,657471
1687735404,658597
1687735404,664669
1687735404,668699
1687735404,672222
1687735404,673363
1687735404,679140
1687735404,679575
1687735404,686473
1687735404,689495
1687735404,699131
1687735405,363970
1687735405,364440
1687735405,364941
1687735405,371723
1687735405,374853
1687735405,382489
1687735405,383448
1687735405,383944
1687735405,385968
1687735405,390376
1687735405,413482
1687735405,414510
1687735405,415942
1687735405,418468
1687735405,424081
1687735405,444563
1687735405,445487
1687735405,457197
1687735405,479557
1687735405,481132
1687735405,489208
1687735405,518112
1687735405,518979
1687735405,519706
1687735405,526580
1687735405,539361
1687735405,547277
1687735405,548533
1687735405,568223
1687735405,579098
1687735405,580161
1687735405,588310
1687735405,589975
1687735405,617580
1687735405,617933
1687735405,619188
1687735405,627262
1687735405,630382
1687735405,651658
1687735405,659810
1687735405,668208
1687735405,673308
1687735405,680104
1687735405,681942
1687735405,683573
1687735405,687788
1687735405,690696
1687735405,691922
1687735406,355487
1687735406,360665
1687735406,370515
1687735406,372834
1687735406,373060
1687735406,373281
1687735406,376946
1687735406,378426
1687735406,380809
1687735406,388411
1687735406,398382
1687735406,404230
1687735406,411362
1687735406,414293
1687735406,416990
1687735406,417855
1687735406,438785
1687735406,454472
1687735406,470781
1687735406,473784
1687735406,495600
1687735406,504494
1687735406,508850
1687735406,516304
1687735406,541340
1687735406,555900
1687735406,557910
1687735406,573552
1687735406,574598
1687735406,576392
1687735406,586250
1687735406,594856
1687735406,610276
1687735406,616157
1687735406,626719
1687735406,645748
1687735406,654329
1687735406,655245
1687735406,661954
1687735406,667113
1687735406,671787
1687735406,672762
1687735406,679978
1687735406,680266
1687735406,689196
1687735406,690050
1687735406,691554
1687735406,701817
1687735407,350875
1687735407,363010
1687735407,371146
1687735407,372949
1687735407,373848
1687735407,374589
1687735407,390215
1687735407,393389
1687735407,393483
1687735407,399831
1687735407,400507
1687735407,406052
1687735407,434080
1687735407,437433
1687735407,454063
1687735407,465569
1687735407,470611
1687735407,484508
1687735407,493412
1687735407,503295
1687735407,513336
1687735407,529496
1687735407,540695
1687735407,542643
1687735407,555405
1687735407,574728
1687735407,598221
1687735407,600547
1687735407,612783
1687735407,614303
1687735407,623100
1687735407,633203
1687735407,642304
1687735407,648525
1687735407,649836
1687735407,666567
1687735407,668509
1687735407,675043
1687735407,675639
1687735407,679456
1687735407,680395
1687735407,690621
1687735407,691828
1687735408,361283
1687735408,365737
1687735408,367997
1687735408,372374
1687735408,378604
1687735408,378637
1687735408,380603
1687735408,387146
1687735408,392607
1687735408,399803
1687735408,402600
1687735408,429117
1687735408,430354
1687735408,434195
1687735408,434471
1687735408,444375
1687735408,463773
1687735408,464566
1687735408,473192
1687735408,491340
1687735408,492221
1687735408,493257
1687735408,500489
1687735408,504783
1687735408,527065
1687735408,530069
1687735408,531134
1687735408,537455
1687735408,538050
1687735408,550439
1687735408,567518
1687735408,573704
1687735408,595569
1687735408,601649
1687735408,607163
1687735408,612909
1687735408,630396
1687735408,632069
1687735408,639485
1687735408,643757
1687735408,648725
1687735408,660291
1687735408,662153
1687735408,662543
1687735408,667767
1687735408,670567
1687735408,676695
1687735408,684172
1687735408,687664
1687735408,689722
1687735408,690414
1687735408,691777
1687735408,697058
1687735409,352988
1687735409,357744
1687735409,366127
1687735409,366811
1687735409,375067
1687735409,379959
1687735409,381454
1687735409,382549
1687735409,398196
1687735409,403877
1687735409,413067
1687735409,414478
1687735409,420172
1687735409,423023
1687735409,423141
1687735409,427741
1687735409,431804
1687735409,440711
1687735409,458125
1687735409,471787
1687735409,480662
1687735409,493452
1687735409,507215
1687735409,507352
1687735409,530607
1687735409,531314
1687735409,542819
1687735409,564549
1687735409,571766
1687735409,579050
1687735409,592368
1687735409,598433
1687735409,612210
1687735409,625895
1687735409,627382
1687735409,632396
1687735409,639667
1687735409,660608
1687735409,662992
1687735409,668411
1687735409,679429
1687735409,683408
1687735409,683723
1687735409,683937
1687735409,684777
1687735409,684938
1687735409,693900
1687735409,700868
1687735410,350002
1687735410,366225
1687735410,366434
1687735410,367940
1687735410,380410
1687735410,381025
1687735410,384070
1687735410,384678
1687735410,385035
1687735410,397908
1687735410,409667
1687735410,415126
1687735410,430101
1687735410,450829
1687735410,451571
1687735410,461866
1687735410,467106
1687735410,485822
1687735410,504746
1687735410,519556
1687735410,523284
1687735410,547934
1687735410,551908
1687735410,564662
1687735410,570098
1687735410,593035
1687735410,607979
1687735410,620048
1687735410,624176
1687735410,635627
1687735410,643632
1687735410,653187
1687735410,656001
1687735410,656164
1687735410,660142
1687735410,663776
1687735410,677500
1687735410,678686
1687735410,680066
1687735410,683704
1687735410,693841
1687735410,696445
1687735410,697303
1687735411,359511
1687735411,363872
1687735411,367208
1687735411,373979
1687735411,374298
1687735411,375669
1687735411,391442
1687735411,398534
1687735411,400920
1687735411,405063
1687735411,418748
1687735411,420945
1687735411,445117
1687735411,445951
1687735411,446122
1687735411,455846
1687735411,484534
1687735411,485835
1687735411,486140
1687735411,507512
1687735411,517983
1687735411,518451
1687735411,531133
1687735411,545187
1687735411,546857
1687735411,553629
1687735411,567391
1687735411,590347
1687735411,591682
1687735411,608167
1687735411,616345
1687735411,621397
1687735411,644717
1687735411,646157
1687735411,652358
1687735411,673907
1687735411,674248
1687735411,674948
1687735411,675508
1687735411,675655
1687735411,676855
1687735411,679078
1687735411,688632
1687735411,689994
1687735411,692836
1687735411,693943
1687735412,351528
1687735412,360796
1687735412,364151
1687735412,364385
1687735412,367244
1687735412,371410
1687735412,371883
1687735412,372696
1687735412,374054
1687735412,388762
1687735412,390703
1687735412,391596
1687735412,394615
1687735412,394840
1687735412,395331
1687735412,416808
1687735412,427338
1687735412,430616
1687735412,438090
1687735412,443784
1687735412,475013
1687735412,480616
1687735412,488547
1687735412,501761
1687735412,510232
1687735412,527303
1687735412,546818
1687735412,554828
1687735412,557513
1687735412,567385
1687735412,578185
1687735412,581656
1687735412,585643
1687735412,587578
1687735412,588623
1687735412,601777
1687735412,614890
1687735412,629675
1687735412,629850
1687735412,639635
1687735412,640071
1687735412,647016
1687735412,654860
1687735412,667716
1687735412,671723
1687735412,672954
1687735412,681688
1687735412,685189
1687735412,685749
1687735412,689783
1687735412,693011
1687735412,698161
1687735413,358057
1687735413,363629
1687735413,370432
1687735413,371250
1687735413,371624
1687735413,380408
1687735413,381734
1687735413,381775
1687735413,384848
1687735413,387863
1687735413,412277
1687735413,414710
1687735413,416404
1687735413,421205
1687735413,429744
1687735413,433460
1687735413,440889
1687735413,450463
1687735413,461798
1687735413,465392
1687735413,470875
1687735413,484229
1687735413,495635
1687735413,511373
1687735413,519759
1687735413,520590
1687735413,530387
1687735413,543153
1687735413,544617
1687735413,571205
1687735413,585224
1687735413,597224
1687735413,613435
1687735413,614022
1687735413,618329
1687735413,621126
1687735413,635194
1687735413,638827
1687735413,644469
1687735413,655529
1687735413,662450
1687735413,664073
1687735413,665710
1687735413,668956
1687735413,669744
1687735413,681343
1687735413,683184
1687735413,683332
1687735413,685054
1687735413,689561
1687735413,690801
1687735413,691625
1687735414,367511
1687735414,369100
1687735414,370978
1687735414,371794
1687735414,373117
1687735414,374650
1687735414,374732
1687735414,378597
1687735414,402270
1687735414,405317
1687735414,406355
1687735414,409203
1687735414,411390
1687735414,432622
1687735414,433374
1687735414,449960
1687735414,459953
1687735414,464516
1687735414,471843
1687735414,474474
1687735414,476581
1687735414,497879
1687735414,504495
1687735414,506938
1687735414,507843
1687735414,518545
1687735414,523241
1687735414,530964
1687735414,531810
1687735414,533423
1687735414,560308
1687735414,563554
1687735414,565784
1687735414,573548
1687735414,574636
1687735414,582172
1687735414,602322
1687735414,604285
1687735414,605877
1687735414,623043
1687735414,645183
1687735414,652018
1687735414,655179
1687735414,668234
1687735414,672204
1687735414,678941
1687735414,680529
1687735414,680578
1687735414,680842
1687735414,681803
1687735414,682706
1687735414,686619
1687735414,690335
1687735414,693924
1687735414,694522
1687735415,349507
1687735415,364955
1687735415,371903
1687735415,373445
1687735415,375765
1687735415,376883
1687735415,378486
1687735415,379750
1687735415,385964
1687735415,388168
1687735415,389576
1687735415,396166
1687735415,401891
1687735415,409784
1687735415,428378
1687735415,439228
1687735415,439448
1687735415,447367
1687735415,456699
1687735415,459256
1687735415,495827
1687735415,499036
1687735415,534181
1687735415,537522
1687735415,543204
1687735415,552972
1687735415,558549
1687735415,559703
1687735415,564935
1687735415,595563
1687735415,601650
1687735415,615987
1687735415,630779
1687735415,635333
1687735415,640775
1687735415,641269
1687735415,642791
1687735415,648924
1687735415,651052
1687735415,652245
1687735415,654161
1687735415,663837
1687735415,673072
1687735415,678591
1687735415,680338
1687735415,684861
1687735415,688922
1687735415,690024
1687735415,691527
1687735415,699069
1687735416,362618
1687735416,362721
1687735416,364236
1687735416,365565
1687735416,369878
1687735416,375936
1687735416,378645
1687735416,382259
1687735416,383880
1687735416,392108
1687735416,393630
1687735416,396425
1687735416,401614
1687735416,421818
1687735416,424387
1687735416,431250
1687735416,433569
1687735416,447952
1687735416,454626
1687735416,455159
1687735416,463836
1687735416,468373
1687735416,474857
1687735416,479482
1687735416,483049
1687735416,490549
1687735416,493414
1687735416,494894
1687735416,495227
1687735416,499644
1687735416,521364
1687735416,522961
1687735416,527254
1687735416,531526
1687735416,547198
1687735416,558109
1687735416,567201
1687735416,578215
1687735416,581183
1687735416,590480
1687735416,601615
1687735416,601859
1687735416,607598
1687735416,629069
1687735416,633466
1687735416,634157
1687735416,636437
1687735416,658459
1687735416,663148
1687735416,666274
1687735416,666754
1687735416,679012
1687735416,680545
1687735416,687116
1687735416,688121
1687735416,689964
1687735417,351714
1687735417,365855
1687735417,366904
1687735417,377062
1687735417,384019
1687735417,384738
1687735417,386098
1687735417,390387
1687735417,397274
1687735417,401948
1687735417,410963
1687735417,417211
1687735417,421762
1687735417,434590
1687735417,445473
1687735417,452192
1687735417,452732
1687735417,466347
1687735417,474275
1687735417,477904
1687735417,485033
1687735417,515028
1687735417,517662
1687735417,522381
1687735417,535306
1687735417,553246
1687735417,554801
1687735417,568910
1687735417,577132
1687735417,585796
1687735417,587870
1687735417,597936
1687735417,622479
1687735417,636705
1687735417,653904
1687735417,657312
1687735417,657703
1687735417,658199
1687735417,663115
1687735417,664957
1687735417,671257
1687735417,673165
1687735417,678800
1687735417,686060
1687735417,688805
1687735417,689374
1687735417,694912
1687735417,702676
1687735418,354071
1687735418,358526
1687735418,365918
1687735418,372243
1687735418,379532
1687735418,380991
1687735418,382466
1687735418,385209
1687735418,388402
1687735418,396111
1687735418,402908
1687735418,410037
1687735418,414551
1687735418,418480
1687735418,423273
1687735418,427433
1687735418,450108
1687735418,456079
1687735418,468954
1687735418,477721
1687735418,506279
1687735418,511715
1687735418,514741
1687735418,518273
1687735418,532065
1687735418,547739
1687735418,548869
1687735418,553040
1687735418,553499
1687735418,572548
1687735418,579743
1687735418,614467
1687735418,615020
1687735418,616117
1687735418,616993
1687735418,623170
1687735418,626548
1687735418,630949
1687735418,646756
1687735418,650692
1687735418,655186
1687735418,661402
1687735418,666094
1687735418,670246
1687735418,670921
1687735418,672762
1687735418,681173
1687735418,682993
1687735418,683844
1687735418,684036
1687735418,684692
1687735418,687255
1687735418,698037
1687735418,699062
1687735419,355812
1687735419,359790
1687735419,364517
1687735419,368767
1687735419,369637
1687735419,373060
1687735419,374396
1687735419,376248
1687735419,393310
1687735419,397453
1687735419,399183
1687735419,404316
1687735419,409136
1687735419,409652
1687735419,429705
1687735419,436582
1687735419,444068
1687735419,451797
1687735419,462271
1687735419,474652
1687735419,479502
1687735419,492456
1687735419,495162
1687735419,511182
1687735419,511714
1687735419,527718
1687735419,539860
1687735419,543881
1687735419,550502
1687735419,552029
1687735419,563547
1687735419,578417
1687735419,579595
1687735419,594703
1687735419,607076
1687735419,609431
1687735419,614432
1687735419,619125
1687735419,640946
1687735419,646200
1687735419,646422
1687735419,672225
1687735419,673509
1687735419,674490
1687735419,677791
1687735419,681553
1687735419,682464
1687735419,686617
1687735419,692014
1687735419,698740
1687735420,362357
1687735420,365829
1687735420,366370
1687735420,366825
1687735420,370408
1687735420,373166
1687735420,377712
1687735420,385490
1687735420,389505
1687735420,390384
1687735420,395620
1687735420,399845
1687735420,405823
1687735420,407054
1687735420,429847
1687735420,431637
1687735420,440158
1687735420,443242
1687735420,473184
1687735420,481430
1687735420,488741
1687735420,498712
1687735420,502702
1687735420,503003
1687735420,526794
1687735420,531386
1687735420,536531
1687735420,540544
1687735420,548116
1687735420,576168
1687735420,589140
1687735420,589919
1687735420,591735
1687735420,596831
1687735420,604670
1687735420,620267
1687735420,637127
1687735420,640705
1687735420,644269
1687735420,646416
1687735420,661478
1687735420,662392
1687735420,667387
1687735420,674998
1687735420,680206
1687735420,682710
1687735420,688860
1687735420,692648
1687735420,695240
1687735420,699836
1687735421,360134
1687735421,361303
1687735421,362143
1687735421,364591
1687735421,370987
1687735421,371885
1687735421,373329
1687735421,379685
1687735421,382515
1687735421,383521
1687735421,387138
1687735421,387604
1687735421,410837
1687735421,410863
1687735421,419714
1687735421,423854
1687735421,424797
1687735421,424986
1687735421,437777
1687735421,461017
1687735421,467320
1687735421,468023
1687735421,469515
1687735421,486718
1687735421,496501
1687735421,501288
1687735421,505886
1687735421,508087
1687735421,518544
1687735421,525898
1687735421,528943
1687735421,535837
1687735421,539538
1687735421,566506
1687735421,570432
1687735421,572431
1687735421,600900
1687735421,602973
1687735421,604007
1687735421,625110
1687735421,627017
1687735421,627384
1687735421,627441
1687735421,630825
1687735421,638646
1687735421,659769
1687735421,661070
1687735421,664243
1687735421,682664
1687735421,684266
1687735421,684622
1687735421,685724
1687735421,686069
1687735421,686882
1687735421,691217
1687735421,692954
1687735422,361505
1687735422,361932
1687735422,368672
1687735422,371804
1687735422,373371
1687735422,373768
1687735422,375968
1687735422,384292
1687735422,384716
1687735422,385920
1687735422,407100
1687735422,410199
1687735422,420295
1687735422,426078
1687735422,446040
1687735422,453439
1687735422,461248
1687735422,464180
1687735422,475342
1687735422,475976
1687735422,524153
1687735422,540178
1687735422,544215
1687735422,558468
1687735422,565744
1687735422,565896
1687735422,575835
1687735422,582987
1687735422,603507
1687735422,607740
1687735422,618990
1687735422,629907
1687735422,638458
1687735422,640086
1687735422,647992
1687735422,656947
1687735422,664019
1687735422,665129
1687735422,668073
1687735422,674015
1687735422,679636
1687735422,681241
1687735422,683326
1687735422,684022
1687735422,691798
1687735422,696424
1687735422,701864
1687735423,350290
1687735423,358958
1687735423,368732
1687735423,368888
1687735423,371291
1687735423,376761
1687735423,376797
1687735423,381949
1687735423,395012
1687735423,396721
1687735423,403738
1687735423,413636
1687735423,427386
1687735423,440196
1687735423,444114
1687735423,449368
1687735423,450500
1687735423,463200
1687735423,490099
1687735423,491980
1687735423,499125
1687735423,504782
1687735423,505382
1687735423,517323
1687735423,523984
1687735423,541966
1687735423,560743
1687735423,564751
1687735423,589460
1687735423,601544
1687735423,606960
1687735423,612057
1687735423,624631
1687735423,631230
1687735423,643903
1687735423,648268
1687735423,651193
1687735423,658293
1687735423,672341
1687735423,674305
1687735423,676659
1687735423,677421
1687735423,677538
1687735423,680754
1687735423,687908
1687735423,688319
1687735424,348627
1687735424,355599
1687735424,364434
1687735424,366766
1687735424,375400
1687735424,377861
1687735424,394090
1687735424,395626
1687735424,396616
1687735424,397268
1687735424,397754
1687735424,420790
1687735424,438355
1687735424,439080
1687735424,448674
1687735424,451249
1687735424,477601
1687735424,481224
1687735424,482638
1687735424,483959
1687735424,494680
1687735424,514429
1687735424,519068
1687735424,520226
1687735424,541395
1687735424,550542
1687735424,551656
1687735424,578378
1687735424,582653
1687735424,586073
1687735424,589915
1687735424,600870
1687735424,605712
1687735424,619996
1687735424,625545
1687735424,632691
1687735424,637204
1687735424,651450
1687735424,657594
1687735424,667020
1687735424,669862
1687735424,671485
1687735424,674236
1687735424,678357
1687735424,679372
1687735424,683309
1687735424,685963
1687735424,689905
1687735424,699058
1687735425,363265
1687735425,365209
1687735425,365467
1687735425,366004
1687735425,372137
1687735425,373390
1687735425,382844
1687735425,383470
1687735425,384277
1687735425,385609
1687735425,391945
1687735425,401203
1687735425,411740
1687735425,412694
1687735425,414399
1687735425,420391
1687735425,426329
1687735425,442803
1687735425,443850
1687735425,459230
1687735425,478943
1687735425,481672
1687735425,491145
1687735425,516093
1687735425,517424
1687735425,520950
1687735425,528652
1687735425,541479
1687735425,545030
1687735425,546547
1687735425,566067
1687735425,581177
1687735425,582255
1687735425,586278
1687735425,591837
1687735425,593796
1687735425,615466
1687735425,621033
1687735425,625051
1687735425,631821
1687735425,650099
1687735425,660892
1687735425,669328
1687735425,672048
1687735425,680041
1687735425,682646
1687735425,684002
1687735425,687141
1687735425,690735
1687735425,692531
1687735426,354400
1687735426,360916
1687735426,361716
1687735426,370344
1687735426,373959
1687735426,374515
1687735426,377974
1687735426,377985
1687735426,382230
1687735426,387197
1687735426,405615
1687735426,412958
1687735426,413366
1687735426,416382
1687735426,418609
1687735426,436769
1687735426,456469
1687735426,471655
1687735426,472944
1687735426,497714
1687735426,502495
1687735426,506868
1687735426,518264
1687735426,539305
1687735426,558001
1687735426,560142
1687735426,572237
1687735426,574323
1687735426,575515
1687735426,576797
1687735426,583768
1687735426,596928
1687735426,608387
1687735426,617732
1687735426,628012
1687735426,644077
1687735426,655834
1687735426,656325
1687735426,662936
1687735426,669228
1687735426,671211
1687735426,672775
1687735426,675489
1687735426,680864
1687735426,680948
1687735426,689133
1687735426,689236
1687735426,691257
1687735426,696117
1687735426,702069
1687735427,351466
1687735427,363025
1687735427,370375
1687735427,370540
1687735427,373861
1687735427,374223
1687735427,391490
1687735427,392205
1687735427,392784
1687735427,401704
1687735427,401815
1687735427,404535
1687735427,432404
1687735427,435504
1687735427,435883
1687735427,456082
1687735427,467673
1687735427,468498
1687735427,495461
1687735427,500899
1687735427,515152
1687735427,538318
1687735427,540707
1687735427,557542
1687735427,572609
1687735427,598558
1687735427,600077
1687735427,600777
1687735427,612417
1687735427,614362
1687735427,630324
1687735427,634855
1687735427,640696
1687735427,649801
1687735427,649871
1687735427,650357
1687735427,651319
1687735427,667011
1687735427,675822
1687735427,676858
1687735427,678907
1687735427,679850
1687735427,681241
1687735427,690091
1687735427,690629
1687735428,360968
1687735428,364516
1687735428,368766
1687735428,372993
1687735428,377467
1687735428,378367
1687735428,383150
1687735428,388169
1687735428,393793
1687735428,400934
1687735428,401242
1687735428,428791
1687735428,430991
1687735428,432968
1687735428,446452
1687735428,461756
1687735428,462584
1687735428,475160
1687735428,489495
1687735428,494067
1687735428,495204
1687735428,498302
1687735428,500672
1687735428,506582
1687735428,532182
1687735428,533108
1687735428,535588
1687735428,552548
1687735428,565368
1687735428,569465
1687735428,575923
1687735428,596107
1687735428,597615
1687735428,599539
1687735428,608871
1687735428,611171
1687735428,629961
1687735428,632188
1687735428,640852
1687735428,641761
1687735428,661184
1687735428,661311
1687735428,663322
1687735428,668771
1687735428,671597
1687735428,676534
1687735428,684527
1687735428,689175
1687735428,690769
1687735428,692312
1687735428,696927
1687735429,352586
1687735429,358779
1687735429,364523
1687735429,365593
1687735429,367172
1687735429,374585
1687735429,375169
1687735429,379125
1687735429,380273
1687735429,384091
1687735429,396793
1687735429,402333
1687735429,409003
1687735429,411704
1687735429,416249
1687735429,420133
1687735429,421246
1687735429,421353
1687735429,422023
1687735429,433766
1687735429,442795
1687735429,456277
1687735429,461759
1687735429,470430
1687735429,473678
1687735429,482549
1687735429,491270
1687735429,505086
1687735429,509406
1687735429,521121
1687735429,522186
1687735429,528379
1687735429,533211
1687735429,533215
1687735429,545026
1687735429,562334
1687735429,565144
1687735429,573916
1687735429,584159
1687735429,594236
1687735429,614151
1687735429,621606
1687735429,623903
1687735429,629020
1687735429,633790
1687735429,638028
1687735429,659358
1687735429,664297
1687735429,667191
1687735429,679706
1687735429,681563
1687735429,682678
1687735429,684404
1687735429,684656
1687735429,685616
1687735429,694094
1687735429,700890
1687735430,350592
1687735430,366273
1687735430,367595
1687735430,379858
1687735430,381450
1687735430,381590
1687735430,383782
1687735430,384969
1687735430,386138
1687735430,396374
1687735430,399629
1687735430,411103
1687735430,417122
1687735430,428394
1687735430,448839
1687735430,453478
1687735430,460035
1687735430,469300
1687735430,483596
1687735430,506684
1687735430,517542
1687735430,525339
1687735430,529887
1687735430,549919
1687735430,550080
1687735430,562500
1687735430,569547
1687735430,590945
1687735430,602531
1687735430,609700
1687735430,622039
1687735430,633826
1687735430,645325
1687735430,654023
1687735430,654443
1687735430,654536
1687735430,658234
1687735430,661418
1687735430,662199
1687735430,676797
1687735430,679198
1687735430,680046
1687735430,684589
1687735430,693975
1687735430,696736
1687735431,358116
1687735431,364085
1687735431,368007
1687735431,370103
1687735431,372064
1687735431,372890
1687735431,373098
1687735431,374968
1687735431,376455
1687735431,389905
1687735431,396761
1687735431,397369
1687735431,402444
1687735431,406920
1687735431,416993
1687735431,419458
1687735431,443950
1687735431,447113
1687735431,447995
1687735431,457895
1687735431,482606
1687735431,483986
1687735431,487602
1687735431,509516
1687735431,515657
1687735431,520479
1687735431,543033
1687735431,548976
1687735431,551481
1687735431,588301
1687735431,589683
1687735431,609917
1687735431,617854
1687735431,619569
1687735431,644512
1687735431,646518
1687735431,673736
1687735431,673952
1687735431,674638
1687735431,674686
1687735431,674967
1687735431,676206
1687735431,680063
1687735431,689049
1687735431,689772
1687735431,693049
1687735431,694362
1687735431,696427
1687735431,698104
1687735432,351056
1687735432,360975
1687735432,363848
1687735432,364081
1687735432,367751
1687735432,370930
1687735432,371696
1687735432,374553
1687735432,390206
1687735432,390565
1687735432,391933
1687735432,393463
1687735432,396052
1687735432,415205
1687735432,429036
1687735432,432399
1687735432,440248
1687735432,441719
1687735432,450460
1687735432,473029
1687735432,482605
1687735432,486511
1687735432,503733
1687735432,504938
1687735432,508172
1687735432,529157
1687735432,541606
1687735432,548943
1687735432,552734
1687735432,559620
1687735432,575959
1687735432,579414
1687735432,586473
1687735432,587718
1687735432,589625
1687735432,603441
1687735432,612831
1687735432,631815
1687735432,640899
1687735432,641230
1687735432,644820
1687735432,653146
1687735432,668824
1687735432,670442
1687735432,674070
1687735432,681241
1687735432,685230
1687735432,686058
1687735432,690588
1687735432,692820
1687735433,359029
1687735433,363632
1687735433,367313
1687735433,369779
1687735433,370455
1687735433,371217
1687735433,374525
1687735433,380078
1687735433,380517
1687735433,382384
1687735433,383631
1687735433,388779
1687735433,410893
1687735433,415027
1687735433,422960
1687735433,431717
1687735433,431839
1687735433,433469
1687735433,439227
1687735433,448599
1687735433,463264
1687735433,463823
1687735433,468558
1687735433,481994
1687735433,497621
1687735433,509186
1687735433,517756
1687735433,522690
1687735433,532508
1687735433,541119
1687735433,546747
1687735433,569104
1687735433,587399
1687735433,599127
1687735433,611193
1687735433,611919
1687735433,616084
1687735433,623000
1687735433,627661
1687735433,636743
1687735433,636750
1687735433,642719
1687735433,646824
1687735433,656871
1687735433,663226
1687735433,663970
1687735433,665117
1687735433,670065
1687735433,681675
1687735433,682513
1687735433,683073
1687735433,684501
1687735433,688662
1687735433,690979
1687735433,692105
1687735434,363861
1687735434,367616
1687735434,368239
1687735434,372121
1687735434,374743
1687735434,375450
1687735434,379534
1687735434,380087
1687735434,400553
1687735434,403709
1687735434,407875
1687735434,409703
1687735434,410678
1687735434,416660
1687735434,430749
1687735434,431872
1687735434,452027
1687735434,461885
1687735434,462774
1687735434,473983
1687735434,474573
1687735434,476540
1687735434,495553
1687735434,506093
1687735434,506683
1687735434,525270
1687735434,529825
1687735434,531337
1687735434,541627
1687735434,562426
1687735434,563750
1687735434,565831
1687735434,572452
1687735434,574602
1687735434,575247
1687735434,600467
1687735434,602390
1687735434,608196
1687735434,615976
1687735434,617496
1687735434,624582
1687735434,646306
1687735434,656602
1687735434,667029
1687735434,670659
1687735434,679631
1687735434,680215
1687735434,681292
1687735434,682391
1687735434,682567
1687735434,686449
1687735434,691642
1687735434,694082
1687735434,694210
1687735435,349963
1687735435,365037
1687735435,371589
1687735435,374264
1687735435,375197
1687735435,376365
1687735435,380432
1687735435,384522
1687735435,388256
1687735435,388826
1687735435,396801
1687735435,403455
1687735435,411527
1687735435,426572
1687735435,437355
1687735435,441208
1687735435,449349
1687735435,454761
1687735435,461360
1687735435,481613
1687735435,493752
1687735435,496825
1687735435,500977
1687735435,509898
1687735435,520636
1687735435,527342
1687735435,539518
1687735435,541297
1687735435,550932
1687735435,560709
1687735435,561900
1687735435,562894
1687735435,593720
1687735435,599823
1687735435,603450
1687735435,609327
1687735435,628767
1687735435,633343
1687735435,638957
1687735435,640724
1687735435,642643
1687735435,650318
1687735435,652417
1687735435,652632
1687735435,662463
1687735435,679539
1687735435,679577
1687735435,682674
1687735435,684747
1687735435,685941
1687735435,686516
1687735435,689535
1687735435,690331
1687735435,698727
1687735436,351467
1687735436,362840
1687735436,363829
1687735436,366234
1687735436,369540
1687735436,375704
1687735436,378058
1687735436,381262
1687735436,382586
1687735436,392909
1687735436,394864
1687735436,395110
1687735436,420365
1687735436,426418
1687735436,429631
1687735436,435647
1687735436,449907
1687735436,453234
1687735436,476848
1687735436,488521
1687735436,491017
1687735436,493238
1687735436,501574
1687735436,519350
1687735436,525047
1687735436,529530
1687735436,536035
1687735436,549264
1687735436,556171
1687735436,575025
1687735436,580335
1687735436,583420
1687735436,585968
1687735436,588274
1687735436,603471
1687735436,627333
1687735436,631614
1687735436,634936
1687735436,635369
1687735436,637895
1687735436,656864
1687735436,661585
1687735436,666948
1687735436,668121
1687735436,670474
1687735436,671842
1687735436,673821
1687735436,678390
1687735436,681006
1687735436,688442
1687735436,688995
1687735436,689469
1687735437,365551
1687735437,373957
1687735437,377158
1687735437,383330
1687735437,383496
1687735437,386004
1687735437,386795
1687735437,391850
1687735437,395861
1687735437,399958
1687735437,409220
1687735437,418888
1687735437,420021
1687735437,436608
1687735437,443282
1687735437,450647
1687735437,452973
1687735437,464230
1687735437,471299
1687735437,475872
1687735437,476464
1687735437,480929
1687735437,487127
1687735437,515685
1687735437,524398
1687735437,537379
1687735437,552658
1687735437,555405
1687735437,566868
1687735437,572395
1687735437,580451
1687735437,587673
1687735437,599699
1687735437,620498
1687735437,632498
1687735437,638191
1687735437,652098
1687735437,655761
1687735437,656028
1687735437,658917
1687735437,664413
1687735437,666071
1687735437,679253
1687735437,686638
1687735437,688788
1687735437,694900
1687735437,702540
1687735438,354353
1687735438,359109
1687735438,366034
1687735438,372348
1687735438,372575
1687735438,380631
1687735438,380696
1687735438,381824
1687735438,386048
1687735438,387227
1687735438,395049
1687735438,404433
1687735438,411871
1687735438,412787
1687735438,416634
1687735438,425363
1687735438,429145
1687735438,450252
1687735438,452062
1687735438,458134
1687735438,467926
1687735438,475811
1687735438,493014
1687735438,508474
1687735438,512789
1687735438,513561
1687735438,516413
1687735438,545634
1687735438,546632
1687735438,551022
1687735438,555629
1687735438,574625
1687735438,577495
1687735438,592060
1687735438,614864
1687735438,616175
1687735438,616415
1687735438,617882
1687735438,621166
1687735438,644813
1687735438,652067
1687735438,656250
1687735438,662596
1687735438,669927
1687735438,670875
1687735438,671815
1687735438,683591
1687735438,684106
1687735438,685448
1687735438,687304
1687735438,697481
1687735438,699533
1687735439,355757
1687735439,358933
1687735439,369133
1687735439,369698
1687735439,372884
1687735439,375687
1687735439,376477
1687735439,392256
1687735439,396554
1687735439,399716
1687735439,400622
1687735439,407673
1687735439,411606
1687735439,431514
1687735439,434612
1687735439,442227
1687735439,442279
1687735439,453924
1687735439,464398
1687735439,472601
1687735439,477503
1687735439,494525
1687735439,509077
1687735439,513736
1687735439,529808
1687735439,533327
1687735439,537797
1687735439,552692
1687735439,554262
1687735439,565653
1687735439,576097
1687735439,577063
1687735439,596681
1687735439,598783
1687735439,608555
1687735439,611025
1687735439,612365
1687735439,620705
1687735439,639299
1687735439,647403
1687735439,647645
1687735439,673028
1687735439,673393
1687735439,673942
1687735439,674119
1687735439,678477
1687735439,680603
1687735439,680999
1687735439,681291
1687735439,685843
1687735439,692073
1687735439,698844
1687735440,361704
1687735440,365684
1687735440,366355
1687735440,366435
1687735440,370547
1687735440,372553
1687735440,373221
1687735440,378003
1687735440,386746
1687735440,391801
1687735440,396725
1687735440,401506
1687735440,405404
1687735440,429669
1687735440,431668
1687735440,440992
1687735440,470970
1687735440,483580
1687735440,490691
1687735440,500593
1687735440,500905
1687735440,504871
1687735440,528809
1687735440,534654
1687735440,538618
1687735440,550213
1687735440,573990
1687735440,591754
1687735440,593863
1687735440,598377
1687735440,602622
1687735440,618585
1687735440,626082
1687735440,632406
1687735440,638630
1687735440,638722
1687735440,644648
1687735440,645879
1687735440,661029
1687735440,662536
1687735440,668188
1687735440,676198
1687735440,679919
1687735440,682311
1687735440,682985
1687735440,689067
1687735440,693527
1687735440,694896
1687735440,699437
1687735441,360961
1687735441,360990
1687735441,361152
1687735441,362475
1687735441,369858
1687735441,371813
1687735441,372031
1687735441,378789
1687735441,381464
1687735441,384609
1687735441,387769
1687735441,388656
1687735441,409626
1687735441,412307
1687735441,418021
1687735441,421857
1687735441,422600
1687735441,427193
1687735441,439739
1687735441,458971
1687735441,467521
1687735441,469226
1687735441,488829
1687735441,494436
1687735441,499563
1687735441,507787
1687735441,516427
1687735441,524521
1687735441,527722
1687735441,530808
1687735441,533628
1687735441,541589
1687735441,564485
1687735441,572755
1687735441,601288
1687735441,601612
1687735441,601834
1687735441,602496
1687735441,623142
1687735441,628574
1687735441,628967
1687735441,632490
1687735441,636689
1687735441,659503
1687735441,661041
1687735441,665078
1687735441,669002
1687735441,685021
1687735441,685329
1687735441,685386
1687735441,686741
1687735441,691942
1687735442,362036
1687735442,368719
1687735442,372723
1687735442,372859
1687735442,383227
1687735442,385158
1687735442,405777
1687735442,411640
1687735442,422063
1687735442,424459
1687735442,451468
1687735442,459314
1687735442,466433
1687735442,477362
1687735442,478146
1687735442,524382
1687735442,542306
1687735442,556205
1687735442,563472
1687735442,564890
1687735442,568088
1687735442,574574
1687735442,577766
1687735442,584726
1687735442,600253
1687735442,609620
1687735442,620506
1687735442,627974
1687735442,638517
1687735442,649257
1687735442,653252
1687735442,653430
1687735442,658122
1687735442,662072
1687735442,663724
1687735442,674841
1687735442,678596
1687735442,683199
1687735442,685033
1687735442,685053
1687735442,691752
1687735442,696527
1687735442,701596
1687735443,350389
1687735443,358759
1687735443,361426
1687735443,367848
1687735443,369859
1687735443,370187
1687735443,376158
1687735443,377193
1687735443,382376
1687735443,383134
1687735443,396129
1687735443,400805
1687735443,405501
1687735443,415654
1687735443,418608
1687735443,425520
1687735443,438458
1687735443,446015
1687735443,448462
1687735443,451319
1687735443,465275
1687735443,487843
1687735443,489931
1687735443,498519
1687735443,506657
1687735443,507301
1687735443,519434
1687735443,521781
1687735443,544167
1687735443,545993
1687735443,558601
1687735443,566746
1687735443,587475
1687735443,608807
1687735443,613627
1687735443,628998
1687735443,645548
1687735443,649309
1687735443,649471
1687735443,649720
1687735443,656917
1687735443,673206
1687735443,673292
1687735443,677625
1687735443,678191
1687735443,680049
1687735443,688114
1687735443,688269
1687735443,696369
1687735443,696433
1687735444,348142
1687735444,355624
1687735444,363719
1687735444,367214
1687735444,372585
1687735444,377041
1687735444,394373
1687735444,395329
1687735444,395332
1687735444,395859
1687735444,397047
1687735444,398105
1687735444,422333
1687735444,440528
1687735444,441012
1687735444,446814
1687735444,449017
1687735444,475534
1687735444,480620
1687735444,483275
1687735444,485701
1687735444,512269
1687735444,516893
1687735444,516985
1687735444,543392
1687735444,549710
1687735444,552667
1687735444,580357
1687735444,587626
1687735444,588142
1687735444,602573
1687735444,607625
1687735444,623220
1687735444,633685
1687735444,638785
1687735444,649466
1687735444,656538
1687735444,667967
1687735444,670672
1687735444,671027
1687735444,675100
1687735444,677118
1687735444,679569
1687735444,682566
1687735444,685388
1687735444,690267
1687735444,698973
1687735445,362535
1687735445,365957
1687735445,366008
1687735445,371951
1687735445,372084
1687735445,382293
1687735445,382687
1687735445,384465
1687735445,387302
1687735445,393552
1687735445,412898
1687735445,428589
1687735445,442229
1687735445,461248
1687735445,476743
1687735445,483781
1687735445,493098
1687735445,522965
1687735445,530726
1687735445,542772
1687735445,543594
1687735445,544614
1687735445,563881
1687735445,583291
1687735445,584271
1687735445,593695
1687735445,613365
1687735445,622890
1687735445,633268
1687735445,648539
1687735445,661947
1687735445,670700
1687735445,679973
1687735445,684383
1687735445,690801
1687735445,693136
1687735446,353311
1687735446,361178
1687735446,364684
1687735446,373466
1687735446,375737
1687735446,377510
1687735446,379004
1687735446,383693
1687735446,386004
1687735446,407364
1687735446,410041
1687735446,411622
1687735446,414904
1687735446,415419
1687735446,434804
1687735446,458452
1687735446,466401
1687735446,469563
1687735446,475102
1687735446,479444
1687735446,500506
1687735446,504870
1687735446,520216
1687735446,535295
1687735446,537291
1687735446,560119
1687735446,562414
1687735446,569886
1687735446,571543
1687735446,572265
1687735446,577449
1687735446,581309
1687735446,619282
1687735446,629276
1687735446,642356
1687735446,657316
1687735446,657346
1687735446,663909
1687735446,668650
1687735446,669657
1687735446,681426
1687735446,681936
1687735446,688337
1687735446,688972
1687735446,690897
1687735446,702313
1687735447,352080
1687735447,363050
1687735447,363324
1687735447,369822
1687735447,369926
1687735447,373350
1687735447,374659
1687735447,374870
1687735447,391039
1687735447,392115
1687735447,392746
1687735447,403025
1687735447,403153
1687735447,403613
1687735447,430679
1687735447,433597
1687735447,437705
1687735447,458128
1687735447,469789
1687735447,486271
1687735447,497512
1687735447,498548
1687735447,508388
1687735447,517006
1687735447,535984
1687735447,538737
1687735447,559660
1687735447,570486
1687735447,596578
1687735447,601899
1687735447,606505
1687735447,610508
1687735447,615958
1687735447,627978
1687735447,636514
1687735447,638985
1687735447,648621
1687735447,650861
1687735447,651213
1687735447,652772
1687735447,665510
1687735447,676527
1687735447,678079
1687735447,678346
1687735447,679294
1687735447,681236
1687735447,690631
1687735447,691747
1687735448,360657
1687735448,365124
1687735448,369571
1687735448,376359
1687735448,378144
1687735448,389227
1687735448,395020
1687735448,399890
1687735448,402123
1687735448,427227
1687735448,431524
1687735448,432894
1687735448,448542
1687735448,452490
1687735448,459738
1687735448,460601
1687735448,487634
1687735448,495887
1687735448,496111
1687735448,497144
1687735448,525183
1687735448,534263
1687735448,535108
1687735448,554667
1687735448,563245
1687735448,578103
1687735448,590978
1687735448,597435
1687735448,599685
1687735448,609411
1687735448,610545
1687735448,625393
1687735448,627833
1687735448,633942
1687735448,642218
1687735448,659345
1687735448,659819
1687735448,662353
1687735448,664447
1687735448,669776
1687735448,672573
1687735448,676335
1687735448,684834
1687735448,685370
1687735448,688633
1687735448,691059
1687735448,692790
1687735448,696762
1687735449,352220
1687735449,359835
1687735449,364845
1687735449,366340
1687735449,367555
1687735449,373292
1687735449,373685
1687735449,375297
1687735449,378307
1687735449,379110
1687735449,385669
1687735449,387262
1687735449,395398
1687735449,400842
1687735449,410310
1687735449,418013
1687735449,419406
1687735449,419708
1687735449,423898
1687735449,435694
1687735449,444871
1687735449,454454
1687735449,459695
1687735449,472476
1687735449,475549
1687735449,484408
1687735449,489083
1687735449,502893
1687735449,502981
1687735449,508629
1687735449,511464
1687735449,519272
1687735449,522227
1687735449,526154
1687735449,535167
1687735449,547213
1687735449,560078
1687735449,563082
1687735449,576054
1687735449,586150
1687735449,593786
1687735449,596068
1687735449,616073
1687735449,621935
1687735449,623176
1687735449,630639
1687735449,635176
1687735449,636338
1687735449,655664
1687735449,658085
1687735449,665517
1687735449,665934
1687735449,679927
1687735449,681561
1687735449,683988
1687735449,685364
1687735449,686272
1687735449,694249
1687735449,700855
1687735450,351230
1687735450,367054
1687735450,367260
1687735450,377275
1687735450,378713
1687735450,382481
1687735450,382938
1687735450,385857
1687735450,394853
1687735450,419101
1687735450,426651
1687735450,441989
1687735450,446900
1687735450,447022
1687735450,455397
1687735450,458184
1687735450,459931
1687735450,471470
1687735450,481382
1687735450,514076
1687735450,515514
1687735450,527404
1687735450,527671
1687735450,547954
1687735450,552220
1687735450,560344
1687735450,571732
1687735450,586252
1687735450,588835
1687735450,611446
1687735450,619905
1687735450,631988
1687735450,647076
1687735450,648028
1687735450,652007
1687735450,652892
1687735450,654517
1687735450,660557
1687735450,662666
1687735450,673711
1687735450,676031
1687735450,679693
1687735450,680019
1687735450,685463
1687735450,694045
1687735450,696146
1687735451,356754
1687735451,364312
1687735451,368831
1687735451,371763
1687735451,372271
1687735451,372711
1687735451,375682
1687735451,388387
1687735451,396256
1687735451,398191
1687735451,404002
1687735451,408855
1687735451,415270
1687735451,417936
1687735451,449113
1687735451,449884
1687735451,480683
1687735451,481836
1687735451,489390
1687735451,501059
1687735451,511518
1687735451,513329
1687735451,522524
1687735451,540894
1687735451,549348
1687735451,551135
1687735451,584337
1687735451,587653
1687735451,611673
1687735451,613839
1687735451,617764
1687735451,619373
1687735451,642841
1687735451,648322
1687735451,672215
1687735451,672485
1687735451,675419
1687735451,675500
1687735451,675604
1687735451,680766
1687735451,681021
1687735451,689437
1687735451,689502
1687735451,693281
1687735451,694788
1687735451,698001
1687735452,350682
1687735452,361175
1687735452,363593
1687735452,363759
1687735452,368306
1687735452,370475
1687735452,371583
1687735452,375110
1687735452,389583
1687735452,391685
1687735452,392130
1687735452,393212
1687735452,397554
1687735452,404396
1687735452,413607
1687735452,420263
1687735452,430737
1687735452,434211
1687735452,439709
1687735452,442441
1687735452,471029
1687735452,484497
1687735452,505689
1687735452,506108
1687735452,531007
1687735452,539041
1687735452,539313
1687735452,550650
1687735452,551054
1687735452,561705
1687735452,573722
1687735452,577145
1687735452,584310
1687735452,589765
1687735452,605065
1687735452,610779
1687735452,613992
1687735452,633740
1687735452,642136
1687735452,642420
1687735452,642568
1687735452,651375
1687735452,669118
1687735452,669921
1687735452,670424
1687735452,675144
1687735452,685239
1687735452,686364
1687735452,691392
1687735452,692572
1687735453,360059
1687735453,363689
1687735453,367387
1687735453,369141
1687735453,369312
1687735453,371237
1687735453,373650
1687735453,379803
1687735453,382460
1687735453,383071
1687735453,389727
1687735453,409525
1687735453,413678
1687735453,424737
1687735453,429988
1687735453,433950
1687735453,435602
1687735453,437537
1687735453,441009
1687735453,446772
1687735453,461157
1687735453,465836
1687735453,466253
1687735453,484577
1687735453,488248
1687735453,499638
1687735453,506995
1687735453,515747
1687735453,524837
1687735453,526668
1687735453,534651
1687735453,548845
1687735453,567010
1687735453,589525
1687735453,600989
1687735453,608971
1687735453,609781
1687735453,613845
1687735453,624882
1687735453,625638
1687735453,626075
1687735453,629350
1687735453,634648
1687735453,638285
1687735453,640935
1687735453,658201
1687735453,662234
1687735453,663993
1687735453,666095
1687735453,671171
1687735453,681801
1687735453,682021
1687735453,682786
1687735453,683901
1687735453,687730
1687735453,691121
1687735453,692586
1687735454,363071
1687735454,365573
1687735454,367444
1687735454,367718
1687735454,372549
1687735454,374385
1687735454,374738
1687735454,375135
1687735454,375978
1687735454,380559
1687735454,381593
1687735454,398888
1687735454,402158
1687735454,405719
1687735454,408036
1687735454,409458
1687735454,412188
1687735454,428859
1687735454,430414
1687735454,454137
1687735454,460995
1687735454,463820
1687735454,472520
1687735454,476125
1687735454,478606
1687735454,493230
1687735454,504125
1687735454,508844
1687735454,511915
1687735454,522733
1687735454,527301
1687735454,527853
1687735454,543810
1687735454,561726
1687735454,564083
1687735454,564536
1687735454,567355
1687735454,568114
1687735454,570297
1687735454,576740
1687735454,598599
1687735454,600506
1687735454,610483
1687735454,619038
1687735454,632991
1687735454,639717
1687735454,647406
1687735454,658024
1687735454,665814
1687735454,669024
1687735454,669359
1687735454,679586
1687735454,682020
1687735454,682328
1687735454,682965
1687735454,686218
1687735454,686231
1687735454,693634
1687735454,694484
1687735455,350454
1687735455,365110
1687735455,371359
1687735455,372008
1687735455,374625
1687735455,375142
1687735455,375865
1687735455,381104
1687735455,383078
1687735455,383096
1687735455,388131
1687735455,388282
1687735455,388329
1687735455,397497
1687735455,405003
1687735455,413269
1687735455,424795
1687735455,435275
1687735455,443183
1687735455,451330
1687735455,452856
1687735455,465832
1687735455,491685
1687735455,498763
1687735455,502923
1687735455,516796
1687735455,529236
1687735455,533678
1687735455,539417
1687735455,541539
1687735455,548903
1687735455,560801
1687735455,562854
1687735455,591835
1687735455,605282
1687735455,611038
1687735455,626759
1687735455,631402
1687735455,637081
1687735455,638650
1687735455,644050
1687735455,650629
1687735455,651673
1687735455,654228
1687735455,654264
1687735455,661068
1687735455,678751
1687735455,680433
1687735455,683759
1687735455,684586
1687735455,684728
1687735455,690135
1687735455,690623
1687735455,691708
1687735455,698320
1687735456,362983
1687735456,365059
1687735456,366959
1687735456,369247
1687735456,372673
1687735456,377273
1687735456,377503
1687735456,380278
1687735456,381338
1687735456,393340
1687735456,393756
1687735456,396635
1687735456,399661
1687735456,410398
1687735456,418923
1687735456,428023
1687735456,428434
1687735456,437730
1687735456,451307
1687735456,451334
1687735456,451877
1687735456,478790
1687735456,478823
1687735456,483696
1687735456,486498
1687735456,488613
1687735456,491248
1687735456,503503
1687735456,517333
1687735456,522851
1687735456,527529
1687735456,537913
1687735456,551332
1687735456,554220
1687735456,576930
1687735456,582471
1687735456,585645
1687735456,586029
1687735456,597762
1687735456,605298
1687735456,625550
1687735456,636419
1687735456,636523
1687735456,639317
1687735456,655229
1687735456,667647
1687735456,669523
1687735456,674550
1687735456,681417
1687735456,688816
1687735456,688945
1687735456,689175
1687735456,694899
1687735457,351267
1687735457,365271
1687735457,367227
1687735457,374070
1687735457,374562
1687735457,380256
1687735457,382331
1687735457,382687
1687735457,387324
1687735457,387504
1687735457,393360
1687735457,394492
1687735457,398351
1687735457,407507
1687735457,418296
1687735457,420612
1687735457,438628
1687735457,441107
1687735457,448332
1687735457,448602
1687735457,462093
1687735457,473639
1687735457,473854
1687735457,478632
1687735457,489206
1687735457,513733
1687735457,518770
1687735457,526428
1687735457,550549
1687735457,557523
1687735457,564814
1687735457,572925
1687735457,574680
1687735457,582499
1687735457,584067
1687735457,589553
1687735457,601436
1687735457,618539
1687735457,627451
1687735457,634010
1687735457,639629
1687735457,650214
1687735457,653780
1687735457,654708
1687735457,659617
1687735457,660030
1687735457,665738
1687735457,667184
1687735457,669699
1687735457,679669
1687735457,687191
1687735457,688184
1687735457,702363
1687735458,354681
1687735458,359737
1687735458,361173
1687735458,366148
1687735458,372452
1687735458,381198
1687735458,381888
1687735458,386116
1687735458,386876
1687735458,393998
1687735458,406009
1687735458,411107
1687735458,413727
1687735458,414827
1687735458,427418
1687735458,430851
1687735458,453998
1687735458,460187
1687735458,473924
1687735458,489668
1687735458,510734
1687735458,510792
1687735458,514572
1687735458,515438
1687735458,543581
1687735458,544401
1687735458,549001
1687735458,554932
1687735458,557796
1687735458,575235
1687735458,576683
1687735458,590287
1687735458,591641
1687735458,597540
1687735458,612734
1687735458,617900
1687735458,619168
1687735458,619693
1687735458,642877
1687735458,653428
1687735458,657264
1687735458,663743
1687735458,667684
1687735458,668930
1687735458,670797
1687735458,671470
1687735458,683312
1687735458,685183
1687735458,686168
1687735458,687328
1687735458,696873
1687735458,700009
1687735459,355731
1687735459,358074
1687735459,361053
1687735459,364920
1687735459,368693
1687735459,370015
1687735459,370716
1687735459,372762
1687735459,376760
1687735459,376979
1687735459,391259
1687735459,395704
1687735459,398259
1687735459,402081
1687735459,406247
1687735459,407172
1687735459,412527
1687735459,413533
1687735459,417231
1687735459,432623
1687735459,433334
1687735459,440476
1687735459,456000
1687735459,466531
1687735459,468740
1687735459,470580
1687735459,475494
1687735459,496398
1687735459,496617
1687735459,506974
1687735459,515731
1687735459,518942
1687735459,531902
1687735459,535255
1687735459,535743
1687735459,536697
1687735459,556515
1687735459,567737
1687735459,572353
1687735459,573762
1687735459,574560
1687735459,598621
1687735459,599932
1687735459,610026
1687735459,610309
1687735459,612604
1687735459,614992
1687735459,622279
1687735459,637660
1687735459,648339
1687735459,649115
1687735459,671518
1687735459,672378
1687735459,674554
1687735459,674717
1687735459,679171
1687735459,680008
1687735459,680055
1687735459,680345
1687735459,685055
1687735459,692062
1687735459,694380
1687735459,698907
1687735460,365044
1687735460,366058
1687735460,366940
1687735460,372010
1687735460,373338
1687735460,387110
1687735460,388056
1687735460,393243
1687735460,397895
1687735460,403218
1687735460,403798
1687735460,427724
1687735460,433513
1687735460,438723
1687735460,444340
1687735460,465872
1687735460,485723
1687735460,492673
1687735460,498786
1687735460,507049
1687735460,532753
1687735460,552313
1687735460,571834
1687735460,593544
1687735460,595947
1687735460,600567
1687735460,616923
1687735460,634449
1687735460,636743
1687735460,640127
1687735460,642810
1687735460,647471
1687735460,659673
1687735460,663606
1687735460,669006
1687735460,677357
1687735460,679601
1687735460,683241
1687735460,689220
1687735460,690518
1687735460,694504
1687735460,698992
1687735461,360730
1687735461,362205
1687735461,362875
1687735461,368755
1687735461,371762
1687735461,377886
1687735461,379311
1687735461,380471
1687735461,386059
1687735461,388452
1687735461,389742
1687735461,408350
1687735461,413808
1687735461,416321
1687735461,418639
1687735461,419945
1687735461,420396
1687735461,429426
1687735461,441704
1687735461,456944
1687735461,465548
1687735461,471121
1687735461,490902
1687735461,492333
1687735461,497811
1687735461,501037
1687735461,509703
1687735461,514352
1687735461,522254
1687735461,529551
1687735461,531448
1687735461,532668
1687735461,543637
1687735461,562433
1687735461,567060
1687735461,575091
1687735461,592758
1687735461,599619
1687735461,599655
1687735461,599698
1687735461,604094
1687735461,621220
1687735461,623318
1687735461,630139
1687735461,630539
1687735461,634127
1687735461,634707
1687735461,657889
1687735461,662300
1687735461,665871
1687735461,681913
1687735461,684249
1687735461,684724
1687735461,685801
1687735461,685983
1687735461,686547
1687735461,692619
1687735462,362115
1687735462,366957
1687735462,368785
1687735462,372412
1687735462,373719
1687735462,382179
1687735462,384367
1687735462,384733
1687735462,393941
1687735462,404471
1687735462,413126
1687735462,422832
1687735462,423850
1687735462,449494
1687735462,457416
1687735462,463460
1687735462,468667
1687735462,479370
1687735462,520277
1687735462,526538
1687735462,540354
1687735462,553956
1687735462,561244
1687735462,568756
1687735462,579657
1687735462,586420
1687735462,597959
1687735462,611506
1687735462,622037
1687735462,626046
1687735462,636906
1687735462,650548
1687735462,659265
1687735462,660072
1687735462,662281
1687735462,675693
1687735462,677466
1687735462,683045
1687735462,686032
1687735462,691651
1687735462,696625
1687735462,696672
1687735462,701236
1687735463,350557
1687735463,358636
1687735463,369133
1687735463,370857
1687735463,373166
1687735463,375515
1687735463,377668
1687735463,382816
1687735463,386041
1687735463,397262
1687735463,407283
1687735463,417090
1687735463,417717
1687735463,423704
1687735463,436725
1687735463,446449
1687735463,447945
1687735463,453243
1687735463,467392
1687735463,485588
1687735463,487903
1687735463,508525
1687735463,509208
1687735463,519593
1687735463,521521
1687735463,543977
1687735463,546401
1687735463,556491
1687735463,585467
1687735463,610611
1687735463,615176
1687735463,626763
1687735463,647149
1687735463,647393
1687735463,647520
1687735463,651144
1687735463,655416
1687735463,655539
1687735463,672273
1687735463,674027
1687735463,677768
1687735463,678576
1687735463,678848
1687735463,679242
1687735463,680268
1687735463,685210
1687735463,685839
1687735463,686458
1687735463,687880
1687735463,688576
1687735463,696282
1687735464,347745
1687735464,355695
1687735464,363082
1687735464,367659
1687735464,373081
1687735464,376197
1687735464,393124
1687735464,394475
1687735464,396363
1687735464,396564
1687735464,399631
1687735464,405763
1687735464,442704
1687735464,442967
1687735464,444968
1687735464,446858
1687735464,473469
1687735464,478619
1687735464,485325
1687735464,487447
1687735464,503009
1687735464,510149
1687735464,514926
1687735464,537387
1687735464,545401
1687735464,547729
1687735464,554784
1687735464,578086
1687735464,585361
1687735464,586408
1687735464,590180
1687735464,591768
1687735464,604258
1687735464,609521
1687735464,620915
1687735464,634652
1687735464,640351
1687735464,647452
1687735464,668914
1687735464,669777
1687735464,672189
1687735464,675813
1687735464,675938
1687735464,679701
1687735464,681813
1687735464,684802
1687735464,690587
1687735464,698890
1687735465,361823
1687735465,366575
1687735465,366692
1687735465,370570
1687735465,371584
1687735465,381151
1687735465,381734
1687735465,385473
1687735465,389000
1687735465,395213
1687735465,408429
1687735465,411415
1687735465,421941
1687735465,424287
1687735465,430847
1687735465,440636
1687735465,454646
1687735465,463253
1687735465,474522
1687735465,485837
1687735465,491042
1687735465,495089
1687735465,512051
1687735465,524922
1687735465,532791
1687735465,539422
1687735465,540488
1687735465,542709
1687735465,545684
1687735465,561701
1687735465,582256
1687735465,585430
1687735465,595541
1687735465,604590
1687735465,611264
1687735465,611993
1687735465,624741
1687735465,634691
1687735465,646978
1687735465,662971
1687735465,669251
1687735465,671489
1687735465,679884
1687735465,684751
1687735465,690916
1687735465,693722
1687735466,352236
1687735466,361464
1687735466,376978
1687735466,376996
1687735466,380029
1687735466,384853
1687735466,385130
1687735466,398990
1687735466,410275
1687735466,413434
1687735466,417508
1687735466,432844
1687735466,439192
1687735466,460424
1687735466,467463
1687735466,476858
1687735466,477251
1687735466,490848
1687735466,498502
1687735466,502879
1687735466,522187
1687735466,535286
1687735466,536749
1687735466,562270
1687735466,564655
1687735466,567552
1687735466,570215
1687735466,573615
1687735466,578846
1687735466,579417
1687735466,617841
1687735466,620824
1687735466,630504
1687735466,640596
1687735466,658317
1687735466,658748
1687735466,664899
1687735466,668058
1687735466,668067
1687735466,681935
1687735466,682866
1687735466,683889
1687735466,687401
1687735466,688717
1687735466,690521
1687735466,702508
1687735467,352759
1687735467,363078
1687735467,369299
1687735467,370727
1687735467,372771
1687735467,374408
1687735467,375146
1687735467,375965
1687735467,389880
1687735467,391429
1687735467,401498
1687735467,404561
1687735467,405565
1687735467,431663
1687735467,439571
1687735467,444927
1687735467,460198
1687735467,464309
1687735467,471888
1687735467,496245
1687735467,499590
1687735467,518920
1687735467,561773
1687735467,568336
1687735467,594628
1687735467,603682
1687735467,608592
1687735467,617543
1687735467,637166
1687735467,638174
1687735467,651905
1687735467,652517
1687735467,654194
1687735467,664002
1687735467,677202
1687735467,677747
1687735467,678689
1687735467,679265
1687735467,680470
1687735467,681223
1687735467,690641
1687735468,360359
1687735468,360466
1687735468,375320
1687735468,377967
1687735468,390296
1687735468,396318
1687735468,398580
1687735468,403362
1687735468,425686
1687735468,430104
1687735468,434820
1687735468,450631
1687735468,457732
1687735468,458610
1687735468,485748
1687735468,493905
1687735468,497713
1687735468,499090
1687735468,510228
1687735468,523053
1687735468,531721
1687735468,536364
1687735468,537134
1687735468,556748
1687735468,561148
1687735468,591489
1687735468,595326
1687735468,601744
1687735468,607613
1687735468,612226
1687735468,615219
1687735468,625742
1687735468,635647
1687735468,643580
1687735468,649200
1687735468,658437
1687735468,660495
1687735468,663399
1687735468,670821
1687735468,673514
1687735468,676087
1687735468,684200
1687735468,685072
1687735468,688080
1687735468,691298
1687735468,693254
1687735468,696575
1687735469,351874
1687735469,360945
1687735469,364697
1687735469,365170
1687735469,367947
1687735469,372062
1687735469,375438
1687735469,377993
1687735469,378328
1687735469,387271
1687735469,388386
1687735469,394003
1687735469,399397
1687735469,402977
1687735469,408882
1687735469,417588
1687735469,419797
1687735469,425824
1687735469,437646
1687735469,442862
1687735469,446941
1687735469,457587
1687735469,474520
1687735469,477436
1687735469,486304
1687735469,486880
1687735469,500647
1687735469,502501
1687735469,513510
1687735469,517445
1687735469,523913
1687735469,537135
1687735469,549388
1687735469,560982
1687735469,570310
1687735469,576923
1687735469,578221
1687735469,588154
1687735469,597865
1687735469,617974
1687735469,619954
1687735469,632232
1687735469,636519
1687735469,656765
1687735469,666680
1687735469,669884
1687735469,670551
1687735469,680094
1687735469,680392
1687735469,683524
1687735469,686057
1687735469,686906
1687735469,694256
1687735469,700759
1687735470,351931
1687735470,365165
1687735470,366425
1687735470,366933
1687735470,377607
1687735470,382169
1687735470,383523
1687735470,393341
1687735470,421067
1687735470,445026
1687735470,456303
1687735470,473607
1687735470,479153
1687735470,479689
1687735470,510622
1687735470,513433
1687735470,525429
1687735470,529503
1687735470,546002
1687735470,558189
1687735470,573894
1687735470,586682
1687735470,613246
1687735470,617771
1687735470,630113
1687735470,649972
1687735470,651233
1687735470,655571
1687735470,658849
1687735470,663914
1687735470,675239
1687735470,679998
1687735470,680174
1687735470,686323
1687735470,694047
1687735470,695544
1687735471,350395
1687735471,355421
1687735471,364546
1687735471,369674
1687735471,371452
1687735471,371467
1687735471,372561
1687735471,373361
1687735471,376435
1687735471,378158
1687735471,399649
1687735471,405602
1687735471,410828
1687735471,413586
1687735471,416399
1687735471,440067
1687735471,451146
1687735471,451788
1687735471,491188
1687735471,511001
1687735471,513516
1687735471,524562
1687735471,538833
1687735471,547256
1687735471,553306
1687735471,563809
1687735471,613416
1687735471,615963
1687735471,620863
1687735471,641180
1687735471,650079
1687735471,670465
1687735471,674684
1687735471,676139
1687735471,676140
1687735471,681954
1687735471,689149
1687735471,689772
1687735471,695212
1687735472,361371
1687735472,363370
1687735472,363444
1687735472,368893
1687735472,370066
1687735472,371541
1687735472,379572
1687735472,388685
1687735472,390856
1687735472,393199
1687735472,394512
1687735472,399116
1687735472,411994
1687735472,432486
1687735472,435837
1687735472,437729
1687735472,444639
1687735472,467857
1687735472,469045
1687735472,482503
1687735472,504021
1687735472,507649
1687735472,527015
1687735472,537045
1687735472,548562
1687735472,553179
1687735472,571445
1687735472,574837
1687735472,582140
1687735472,591787
1687735472,602848
1687735472,606689
1687735472,608732
1687735472,611597
1687735472,635646
1687735472,640277
1687735472,643396
1687735472,643651
1687735472,649558
1687735472,667774
1687735472,671007
1687735472,676198
1687735472,680258
1687735472,681086
1687735472,685218
1687735472,686640
1687735472,692173
1687735472,692314
1687735473,361136
1687735473,363795
1687735473,367501
1687735473,368157
1687735473,368484
1687735473,371318
1687735473,373998
1687735473,381324
1687735473,383825
1687735473,390687
1687735473,408235
1687735473,412346
1687735473,426544
1687735473,428274
1687735473,436062
1687735473,437731
1687735473,445003
1687735473,459046
1687735473,463975
1687735473,490206
1687735473,501665
1687735473,504782
1687735473,513724
1687735473,524516
1687735473,536816
1687735473,550936
1687735473,564924
1687735473,591632
1687735473,596827
1687735473,606780
1687735473,607643
1687735473,623618
1687735473,626776
1687735473,630688
1687735473,632509
1687735473,639136
1687735473,639830
1687735473,659498
1687735473,660458
1687735473,664749
1687735473,667053
1687735473,672213
1687735473,680879
1687735473,682400
1687735473,682470
1687735473,683267
1687735473,686797
1687735473,691215
1687735473,693066
1687735474,362258
1687735474,366712
1687735474,367826
1687735474,370419
1687735474,373083
1687735474,374224
1687735474,374721
1687735474,374844
1687735474,378158
1687735474,381556
1687735474,382210
1687735474,383076
1687735474,397263
1687735474,400659
1687735474,406420
1687735474,411121
1687735474,413730
1687735474,413950
1687735474,420634
1687735474,426943
1687735474,428945
1687735474,456237
1687735474,459176
1687735474,470448
1687735474,478243
1687735474,480664
1687735474,490923
1687735474,502193
1687735474,510948
1687735474,524828
1687735474,525882
1687735474,545956
1687735474,559715
1687735474,564987
1687735474,565218
1687735474,570388
1687735474,578622
1687735474,578845
1687735474,596704
1687735474,598622
1687735474,612755
1687735474,620566
1687735474,634379
1687735474,648486
1687735474,659470
1687735474,664605
1687735474,667320
1687735474,667855
1687735474,678950
1687735474,681985
1687735474,682753
1687735474,683569
1687735474,685933
1687735474,687042
1687735474,693188
1687735474,694739
1687735475,351016
1687735475,365188
1687735475,372005
1687735475,374046
1687735475,375407
1687735475,376075
1687735475,381598
1687735475,381780
1687735475,387521
1687735475,388401
1687735475,398249
1687735475,406562
1687735475,412496
1687735475,415036
1687735475,423063
1687735475,433173
1687735475,445139
1687735475,450950
1687735475,453309
1687735475,463781
1687735475,465572
1687735475,480325
1687735475,489680
1687735475,504865
1687735475,513914
1687735475,527103
1687735475,537534
1687735475,543575
1687735475,546905
1687735475,558656
1687735475,566264
1687735475,568175
1687735475,589959
1687735475,607106
1687735475,612719
1687735475,624744
1687735475,629438
1687735475,635122
1687735475,636566
1687735475,637652
1687735475,645443
1687735475,648805
1687735475,653014
1687735475,655281
1687735475,655822
1687735475,659652
1687735475,677824
1687735475,681280
1687735475,683470
1687735475,684409
1687735475,684805
1687735475,690686
1687735475,690884
1687735475,697842
1687735476,363132
1687735476,366314
1687735476,367715
1687735476,368977
1687735476,371213
1687735476,376233
1687735476,376958
1687735476,379294
1687735476,380132
1687735476,391850
1687735476,394669
1687735476,398234
1687735476,398516
1687735476,417486
1687735476,422375
1687735476,426390
1687735476,430480
1687735476,439834
1687735476,449359
1687735476,449717
1687735476,453861
1687735476,476671
1687735476,480827
1687735476,484482
1687735476,485744
1687735476,486197
1687735476,500679
1687735476,505435
1687735476,515335
1687735476,519109
1687735476,520658
1687735476,525518
1687735476,539811
1687735476,548458
1687735476,552219
1687735476,553370
1687735476,583728
1687735476,584616
1687735476,587856
1687735476,595679
1687735476,607101
1687735476,623733
1687735476,637633
1687735476,640740
1687735476,653362
1687735476,653518
1687735476,658470
1687735476,668364
1687735476,670972
1687735476,675247
1687735476,677137
1687735476,681790
1687735476,688376
1687735476,689221
1687735476,689307
1687735476,691722
1687735477,351110
1687735477,365039
1687735477,367404
1687735477,374596
1687735477,375139
1687735477,377396
1687735477,381201
1687735477,382046
1687735477,388256
1687735477,388672
1687735477,393179
1687735477,394892
1687735477,396802
1687735477,405797
1687735477,416575
1687735477,418059
1687735477,438957
1687735477,440655
1687735477,446441
1687735477,446614
1687735477,459957
1687735477,471813
1687735477,475971
1687735477,491272
1687735477,511766
1687735477,520650
1687735477,528463
1687735477,546985
1687735477,559628
1687735477,562757
1687735477,570842
1687735477,582125
1687735477,584537
1687735477,591388
1687735477,593616
1687735477,603151
1687735477,616575
1687735477,621551
1687735477,624753
1687735477,641008
1687735477,648287
1687735477,651817
1687735477,656860
1687735477,660284
1687735477,667066
1687735477,668278
1687735477,668924
1687735477,672722
1687735477,680066
1687735477,687518
1687735477,687684
1687735477,702134
1687735478,355080
1687735478,360420
1687735478,360948
1687735478,366266
1687735478,372576
1687735478,379872
1687735478,380573
1687735478,383072
1687735478,385060
1687735478,386878
1687735478,387718
1687735478,392934
1687735478,409498
1687735478,413075
1687735478,415612
1687735478,429448
1687735478,432565
1687735478,455941
1687735478,461992
1687735478,472037
1687735478,491815
1687735478,508811
1687735478,512749
1687735478,517334
1687735478,541562
1687735478,542176
1687735478,559978
1687735478,572965
1687735478,578735
1687735478,584199
1687735478,588479
1687735478,599140
1687735478,610642
1687735478,612918
1687735478,617176
1687735478,619632
1687735478,640923
1687735478,654753
1687735478,658227
1687735478,664871
1687735478,667935
1687735478,668789
1687735478,669690
1687735478,672067
1687735478,683004
1687735478,686193
1687735478,686885
1687735478,687321
1687735478,696209
1687735478,700475
1687735479,355784
1687735479,357197
1687735479,365240
1687735479,368306
1687735479,370174
1687735479,370920
1687735479,371817
1687735479,372691
1687735479,377090
1687735479,378270
1687735479,390298
1687735479,394885
1687735479,396818
1687735479,403571
1687735479,404849
1687735479,404971
1687735479,408709
1687735479,415470
1687735479,415628
1687735479,424890
1687735479,430661
1687735479,435208
1687735479,438686
1687735479,446524
1687735479,458081
1687735479,466495
1687735479,468596
1687735479,468673
1687735479,473529
1687735479,488651
1687735479,498733
1687735479,504449
1687735479,504853
1687735479,516788
1687735479,517702
1687735479,533759
1687735479,533976
1687735479,554414
1687735479,557209
1687735479,558732
1687735479,566615
1687735479,569802
1687735479,570127
1687735479,571402
1687735479,572115
1687735479,600536
1687735479,608282
1687735479,611500
1687735479,614204
1687735479,623843
1687735479,635980
1687735479,649205
1687735479,650598
1687735479,669968
1687735479,670754
1687735479,675271
1687735479,675727
1687735479,678740
1687735479,679385
1687735479,679619
1687735479,679886
1687735479,684217
1687735479,691996
1687735479,695176
1687735479,697827
1687735479,698938
1687735480,360395
1687735480,364454
1687735480,365686
1687735480,367613
1687735480,371506
1687735480,374105
1687735480,385963
1687735480,389424
1687735480,390872
1687735480,394736
1687735480,399110
1687735480,402220
1687735480,425843
1687735480,436460
1687735480,468149
1687735480,487875
1687735480,494689
1687735480,496665
1687735480,509204
1687735480,529378
1687735480,530818
1687735480,534790
1687735480,536946
1687735480,569681
1687735480,575090
1687735480,595283
1687735480,598016
1687735480,598495
1687735480,615246
1687735480,634715
1687735480,636475
1687735480,640911
1687735480,641631
1687735480,648981
1687735480,653118
1687735480,658317
1687735480,664662
1687735480,669853
1687735480,678482
1687735480,679250
1687735480,683440
1687735480,687043
1687735480,689236
1687735480,689319
1687735480,694073
1687735480,696403
1687735480,698489
1687735481,360035
1687735481,360544
1687735481,363312
1687735481,363325
1687735481,367731
1687735481,369236
1687735481,371746
1687735481,372003
1687735481,377004
1687735481,379555
1687735481,387491
1687735481,387615
1687735481,389177
1687735481,404223
1687735481,407084
1687735481,414652
1687735481,415365
1687735481,418099
1687735481,418169
1687735481,431700
1687735481,437562
1687735481,443672
1687735481,454975
1687735481,462206
1687735481,463577
1687735481,465784
1687735481,473031
1687735481,490221
1687735481,492956
1687735481,495995
1687735481,499142
1687735481,511658
1687735481,512287
1687735481,519959
1687735481,529283
1687735481,531408
1687735481,534541
1687735481,538786
1687735481,539496
1687735481,541458
1687735481,545691
1687735481,560376
1687735481,577442
1687735481,594519
1687735481,597498
1687735481,597807
1687735481,597963
1687735481,605703
1687735481,619310
1687735481,621226
1687735481,627526
1687735481,631678
1687735481,632152
1687735481,632702
1687735481,635487
1687735481,635735
1687735481,638179
1687735481,656236
1687735481,663557
1687735481,666640
1687735481,681507
1687735481,683407
1687735481,684096
1687735481,686320
1687735481,686599
1687735481,693231
1687735482,362189
1687735482,366089
1687735482,368872
1687735482,370239
1687735482,372882
1687735482,374825
1687735482,381136
1687735482,383523
1687735482,386406
1687735482,392565
1687735482,403155
1687735482,414621
1687735482,421268
1687735482,425657
1687735482,441922
1687735482,447530
1687735482,455554
1687735482,456956
1687735482,470869
1687735482,481363
1687735482,483332
1687735482,485909
1687735482,488716
1687735482,517406
1687735482,518320
1687735482,528706
1687735482,538383
1687735482,551555
1687735482,551712
1687735482,559062
1687735482,569256
1687735482,572522
1687735482,581498
1687735482,588089
1687735482,589796
1687735482,595640
1687735482,613385
1687735482,623576
1687735482,624116
1687735482,634618
1687735482,635200
1687735482,639044
1687735482,650364
1687735482,651859
1687735482,652566
1687735482,657995
1687735482,659469
1687735482,660356
1687735482,660810
1687735482,676276
1687735482,676552
1687735482,682639
1687735482,682849
1687735482,687028
1687735482,690936
1687735482,691487
1687735482,696707
1687735482,696807
1687735482,700772
1687735483,350837
1687735483,358575
1687735483,362201
1687735483,368157
1687735483,371888
1687735483,372232
1687735483,374877
1687735483,378174
1687735483,378348
1687735483,383243
1687735483,391869
1687735483,397640
1687735483,398427
1687735483,415639
1687735483,419798
1687735483,421903
1687735483,434990
1687735483,444475
1687735483,449914
1687735483,455173
1687735483,463388
1687735483,469498
1687735483,489270
1687735483,510383
1687735483,511103
1687735483,523575
1687735483,541979
1687735483,548644
1687735483,554377
1687735483,561274
1687735483,570775
1687735483,583109
1687735483,583467
1687735483,611392
1687735483,612406
1687735483,616723
1687735483,619330
1687735483,624535
1687735483,645472
1687735483,645525
1687735483,648757
1687735483,654153
1687735483,671240
1687735483,674793
1687735483,678334
1687735483,679501
1687735483,679545
1687735483,683573
1687735483,687640
1687735483,688843
1687735483,694912
1687735483,696180
1687735484,347441
1687735484,355806
1687735484,362519
1687735484,364779
1687735484,368136
1687735484,373638
1687735484,375335
1687735484,378698
1687735484,386492
1687735484,393086
1687735484,395717
1687735484,397806
1687735484,401192
1687735484,421174
1687735484,443134
1687735484,444804
1687735484,444901
1687735484,444932
1687735484,471447
1687735484,476655
1687735484,487392
1687735484,489220
1687735484,504963
1687735484,508068
1687735484,512917
1687735484,526711
1687735484,545757
1687735484,547440
1687735484,556935
1687735484,575831
1687735484,588474
1687735484,592193
1687735484,605945
1687735484,618613
1687735484,620882
1687735484,635610
1687735484,641923
1687735484,645428
1687735484,654228
1687735484,661662
1687735484,668827
1687735484,669842
1687735484,673322
1687735484,674442
1687735484,676747
1687735484,678253
1687735484,679795
1687735484,681034
1687735484,681145
1687735484,684190
1687735484,690854
1687735484,698788
1687735485,361151
1687735485,367176
1687735485,367407
1687735485,369192
1687735485,371064
1687735485,379644
1687735485,381217
1687735485,390710
1687735485,396914
1687735485,406867
1687735485,409941
1687735485,423653
1687735485,426253
1687735485,433107
1687735485,439056
1687735485,440817
1687735485,465238
1687735485,472253
1687735485,482455
1687735485,486570
1687735485,487846
1687735485,497065
1687735485,510001
1687735485,526864
1687735485,534834
1687735485,538213
1687735485,540821
1687735485,547756
1687735485,559556
1687735485,580275
1687735485,586682
1687735485,587602
1687735485,597364
1687735485,602648
1687735485,609194
1687735485,609974
1687735485,626582
1687735485,636096
1687735485,645367
1687735485,667743
1687735485,670740
1687735485,672523
1687735485,679751
1687735485,685080
1687735485,691030
1687735485,693661
1687735485,694282
1687735486,351183
1687735486,361808
1687735486,376480
1687735486,378206
1687735486,381059
1687735486,383725
1687735486,407664
1687735486,411978
1687735486,419628
1687735486,430913
1687735486,435379
1687735486,437360
1687735486,462385
1687735486,465391
1687735486,474276
1687735486,479408
1687735486,496497
1687735486,500921
1687735486,513023
1687735486,524183
1687735486,533287
1687735486,564411
1687735486,565246
1687735486,566831
1687735486,568170
1687735486,575668
1687735486,576423
1687735486,581368
1687735486,616584
1687735486,622350
1687735486,631681
1687735486,638827
1687735486,659263
1687735486,665866
1687735486,666418
1687735486,667424
1687735486,682366
1687735486,683758
1687735486,686426
1687735486,688341
1687735486,690142
1687735486,702681
1687735487,353509
1687735487,363103
1687735487,368729
1687735487,371320
1687735487,372242
1687735487,375178
1687735487,375708
1687735487,377126
1687735487,388719
1687735487,390751
1687735487,399971
1687735487,401583
1687735487,406034
1687735487,407546
1687735487,429737
1687735487,441462
1687735487,462237
1687735487,462293
1687735487,473960
1687735487,493972
1687735487,501719
1687735487,512050
1687735487,520883
1687735487,534716
1687735487,537184
1687735487,563877
1687735487,566212
1687735487,592722
1687735487,605447
1687735487,606665
1687735487,619130
1687735487,635264
1687735487,635604
1687735487,639834
1687735487,652954
1687735487,653781
1687735487,655614
1687735487,662506
1687735487,669206
1687735487,677135
1687735487,677839
1687735487,678039
1687735487,680427
1687735487,681204
1687735487,690663
1687735488,360078
1687735488,361093
1687735488,374359
1687735488,377782
1687735488,391404
1687735488,397281
1687735488,397671
1687735488,404655
1687735488,424192
1687735488,436744
1687735488,449018
1687735488,452736
1687735488,455719
1687735488,456627
1687735488,483852
1687735488,491693
1687735488,494344
1687735488,499559
1687735488,501027
1687735488,520938
1687735488,529748
1687735488,538511
1687735488,539187
1687735488,558815
1687735488,559063
1687735488,589161
1687735488,593220
1687735488,603776
1687735488,605762
1687735488,613860
1687735488,623717
1687735488,632850
1687735488,637323
1687735488,644954
1687735488,656992
1687735488,664457
1687735488,671869
1687735488,674402
1687735488,675818
1687735488,682985
1687735488,685312
1687735488,687506
1687735488,691469
1687735488,693734
1687735488,696339
1687735489,351569
1687735489,364324
1687735489,365499
1687735489,368388
1687735489,370880
1687735489,376882
1687735489,388902
1687735489,389521
1687735489,392610
1687735489,397997
1687735489,407427
1687735489,427831
1687735489,439632
1687735489,455467
1687735489,476600
1687735489,479291
1687735489,484657
1687735489,488214
1687735489,498371
1687735489,512620
1687735489,515574
1687735489,515615
1687735489,521702
1687735489,539117
1687735489,551539
1687735489,556059
1687735489,558852
1687735489,579140
1687735489,580354
1687735489,590148
1687735489,599656
1687735489,618025
1687735489,619827
1687735489,633805
1687735489,637826
1687735489,637899
1687735489,655333
1687735489,667796
1687735489,679149
1687735489,680234
1687735489,683034
1687735489,686526
1687735489,686712
1687735489,687490
1687735489,700603
1687735490,352686
1687735490,366543
1687735490,366623
1687735490,376508
1687735490,381473
1687735490,384562
1687735490,391873
1687735490,409078
1687735490,415422
1687735490,416401
1687735490,423041
1687735490,443192
1687735490,454371
1687735490,475720
1687735490,476936
1687735490,511304
1687735490,515521
1687735490,523174
1687735490,531626
1687735490,544110
1687735490,545173
1687735490,576068
1687735490,584502
1687735490,594893
1687735490,615089
1687735490,615650
1687735490,626317
1687735490,628225
1687735490,628820
1687735490,647904
1687735490,649567
1687735490,656544
1687735490,657085
1687735490,658027
1687735490,665164
1687735490,671673
1687735490,674419
1687735490,679978
1687735490,680633
1687735490,687176
1687735490,693974
1687735490,694926
1687735491,354151
1687735491,361574
1687735491,364797
1687735491,370565
1687735491,370682
1687735491,371149
1687735491,372454
1687735491,377228
1687735491,379082
1687735491,385408
1687735491,401121
1687735491,407224
1687735491,411967
1687735491,412862
1687735491,414831
1687735491,438124
1687735491,446819
1687735491,453189
1687735491,453741
1687735491,464068
1687735491,477551
1687735491,480794
1687735491,482502
1687735491,493017
1687735491,508688
1687735491,526601
1687735491,536828
1687735491,555478
1687735491,565906
1687735491,582154
1687735491,614091
1687735491,615164
1687735491,622349
1687735491,639515
1687735491,651815
1687735491,668686
1687735491,672078
1687735491,673772
1687735491,676598
1687735491,676830
1687735491,677195
1687735491,682860
1687735491,688735
1687735491,690014
1687735491,695583
1687735492,350216
1687735492,363138
1687735492,363173
1687735492,369537
1687735492,369712
1687735492,371563
1687735492,374107
1687735492,387854
1687735492,389663
1687735492,394727
1687735492,395882
1687735492,400735
1687735492,410394
1687735492,434146
1687735492,434253
1687735492,435760
1687735492,467040
1687735492,480502
1687735492,488591
1687735492,501946
1687735492,509568
1687735492,529214
1687735492,534785
1687735492,546469
1687735492,555284
1687735492,569188
1687735492,572522
1687735492,579931
1687735492,593743
1687735492,606689
1687735492,608298
1687735492,644718
1687735492,644911
1687735492,647715
1687735492,666408
1687735492,679744
1687735492,685187
1687735492,686888
1687735492,692058
1687735492,697571
1687735493,362243
1687735493,363942
1687735493,367019
1687735493,367626
1687735493,367844
1687735493,374293
1687735493,380205
1687735493,391665
1687735493,411053
1687735493,426545
1687735493,428403
1687735493,438226
1687735493,443275
1687735493,456944
1687735493,461741
1687735493,469866
1687735493,492146
1687735493,503685
1687735493,511671
1687735493,531454
1687735493,534806
1687735493,538958
1687735493,553051
1687735493,562849
1687735493,572678
1687735493,593655
1687735493,595575
1687735493,604592
1687735493,604668
1687735493,605517
1687735493,621605
1687735493,628665
1687735493,630353
1687735493,631983
1687735493,637283
1687735493,641351
1687735493,658711
1687735493,665488
1687735493,667978
1687735493,673188
1687735493,678276
1687735493,681459
1687735493,682139
1687735493,682607
1687735493,682780
1687735493,685824
1687735493,691252
1687735493,693519
1687735494,361395
1687735494,366025
1687735494,367897
1687735494,373700
1687735494,374050
1687735494,374555
1687735494,374700
1687735494,377073
1687735494,382542
1687735494,384561
1687735494,386551
1687735494,395646
1687735494,399236
1687735494,404854
1687735494,408943
1687735494,412851
1687735494,422638
1687735494,425031
1687735494,427478
1687735494,457318
1687735494,458351
1687735494,467769
1687735494,468369
1687735494,480342
1687735494,482723
1687735494,488625
1687735494,500260
1687735494,523925
1687735494,526941
1687735494,548062
1687735494,557699
1687735494,566068
1687735494,567085
1687735494,568713
1687735494,580320
1687735494,580884
1687735494,588058
1687735494,594798
1687735494,596682
1687735494,601481
1687735494,622099
1687735494,628953
1687735494,635730
1687735494,649513
1687735494,654330
1687735494,660909
1687735494,663385
1687735494,665563
1687735494,666283
1687735494,681583
1687735494,684170
1687735494,685593
1687735494,687815
1687735494,691691
1687735494,694977
1687735495,351593
1687735495,365287
1687735495,371939
1687735495,373487
1687735495,377031
1687735495,380117
1687735495,382462
1687735495,386968
1687735495,388458
1687735495,408113
1687735495,414594
1687735495,416819
1687735495,423114
1687735495,428683
1687735495,431099
1687735495,447099
1687735495,449051
1687735495,455291
1687735495,467657
1687735495,487703
1687735495,506800
1687735495,507381
1687735495,515859
1687735495,535667
1687735495,544924
1687735495,545628
1687735495,556485
1687735495,563111
1687735495,568443
1687735495,608888
1687735495,614364
1687735495,622713
1687735495,627445
1687735495,633117
1687735495,646847
1687735495,646953
1687735495,656270
1687735495,657352
1687735495,658205
1687735495,660125
1687735495,663984
1687735495,669087
1687735495,676788
1687735495,682094
1687735495,682196
1687735495,684202
1687735495,685810
1687735495,691129
1687735495,691175
1687735495,697318
1687735496,362110
1687735496,367586
1687735496,368532
1687735496,368710
1687735496,371158
1687735496,376448
1687735496,376486
1687735496,378331
1687735496,378975
1687735496,390384
1687735496,395315
1687735496,395608
1687735496,397385
1687735496,399899
1687735496,416084
1687735496,421561
1687735496,424163
1687735496,424777
1687735496,432551
1687735496,441956
1687735496,447417
1687735496,448124
1687735496,455847
1687735496,482446
1687735496,482837
1687735496,483756
1687735496,487308
1687735496,502606
1687735496,513327
1687735496,518450
1687735496,521442
1687735496,523510
1687735496,541636
1687735496,541733
1687735496,550189
1687735496,555382
1687735496,581414
1687735496,586780
1687735496,593597
1687735496,608880
1687735496,621899
1687735496,638730
1687735496,639377
1687735496,642161
1687735496,651726
1687735496,651992
1687735496,675918
1687735496,676451
1687735496,682113
1687735496,687751
1687735496,689418
1687735496,689643
1687735497,350993
1687735497,364826
1687735497,367615
1687735497,375073
1687735497,375678
1687735497,379492
1687735497,380079
1687735497,389027
1687735497,390032
1687735497,391888
1687735497,396481
1687735497,404107
1687735497,414828
1687735497,436857
1687735497,442648
1687735497,444681
1687735497,457853
1687735497,464204
1687735497,469810
1687735497,482952
1687735497,493301
1687735497,506832
1687735497,509789
1687735497,522505
1687735497,530507
1687735497,544990
1687735497,560699
1687735497,561688
1687735497,568765
1687735497,580149
1687735497,586574
1687735497,593218
1687735497,604833
1687735497,614552
1687735497,623404
1687735497,636953
1687735497,642356
1687735497,646298
1687735497,649892
1687735497,660893
1687735497,668164
1687735497,668413
1687735497,669386
1687735497,680449
1687735497,686810
1687735497,687587
1687735497,687625
1687735497,688162
1687735497,701851
1687735498,355520
1687735498,360754
1687735498,361112
1687735498,366415
1687735498,372738
1687735498,379971
1687735498,384050
1687735498,384293
1687735498,388548
1687735498,389288
1687735498,391856
1687735498,411401
1687735498,414090
1687735498,415810
1687735498,417501
1687735498,431454
1687735498,434264
1687735498,457906
1687735498,470191
1687735498,474530
1687735498,478285
1687735498,486416
1687735498,493972
1687735498,510955
1687735498,519213
1687735498,539551
1687735498,539960
1687735498,570695
1687735498,580762
1687735498,586648
1687735498,587799
1687735498,600691
1687735498,608560
1687735498,612928
1687735498,615214
1687735498,620869
1687735498,621343
1687735498,638938
1687735498,659173
1687735498,665952
1687735498,666922
1687735498,669880
1687735498,672688
1687735498,681335
1687735498,682678
1687735498,687102
1687735498,687257
1687735498,695501
1687735498,700934
1687735499,355898
1687735499,356337
1687735499,365663
1687735499,367986
1687735499,370427
1687735499,371122
1687735499,372661
1687735499,372965
1687735499,375574
1687735499,377479
1687735499,379545
1687735499,389331
1687735499,394103
1687735499,395382
1687735499,400197
1687735499,403504
1687735499,405106
1687735499,406747
1687735499,410305
1687735499,417418
1687735499,428734
1687735499,436921
1687735499,460194
1687735499,464242
1687735499,466642
1687735499,470803
1687735499,471602
1687735499,486439
1687735499,500861
1687735499,502728
1687735499,506432
1687735499,514594
1687735499,519685
1687735499,531759
1687735499,536099
1687735499,556531
1687735499,559495
1687735499,560946
1687735499,567536
1687735499,567933
1687735499,569091
1687735499,569680
1687735499,571831
1687735499,602402
1687735499,606288
1687735499,610833
1687735499,615808
1687735499,625355
1687735499,634244
1687735499,650023
1687735499,652140
1687735499,668351
1687735499,669074
1687735499,675842
1687735499,676870
1687735499,677370
1687735499,678755
1687735499,678834
1687735499,680624
1687735499,683317
1687735499,691880
1687735499,695941
1687735499,698931
1687735500,359763
1687735500,363909
1687735500,365304
1687735500,368372
1687735500,371039
1687735500,374960
1687735500,379120
1687735500,379399
1687735500,384632
1687735500,384876
1687735500,390843
1687735500,396262
1687735500,396305
1687735500,400375
1687735500,400656
1687735500,424033
1687735500,433987
1687735500,434198
1687735500,437134
1687735500,437229
1687735500,438801
1687735500,448760
1687735500,470427
1687735500,490023
1687735500,494537
1687735500,496711
1687735500,510212
1687735500,511331
1687735500,528848
1687735500,532882
1687735500,539108
1687735500,577331
1687735500,596418
1687735500,597011
1687735500,600053
1687735500,607332
1687735500,613519
1687735500,632625
1687735500,636068
1687735500,638465
1687735500,638993
1687735500,643126
1687735500,650409
1687735500,654520
1687735500,656961
1687735500,665701
1687735500,670714
1687735500,678842
1687735500,679523
1687735500,681842
1687735500,683606
1687735500,687908
1687735500,689363
1687735500,693604
1687735500,696190
1687735500,697960
1687735501,359683
1687735501,360419
1687735501,363866
1687735501,364464
1687735501,368803
1687735501,368966
1687735501,371758
1687735501,376109
1687735501,378693
1687735501,388885
1687735501,389967
1687735501,392016
1687735501,405854
1687735501,413009
1687735501,415953
1687735501,416343
1687735501,416962
1687735501,435712
1687735501,439830
1687735501,445661
1687735501,453056
1687735501,461579
1687735501,474952
1687735501,488100
1687735501,494167
1687735501,495013
1687735501,497281
1687735501,513651
1687735501,517637
1687735501,522390
1687735501,527149
1687735501,533362
1687735501,536421
1687735501,536971
1687735501,547746
1687735501,558300
1687735501,579805
1687735501,595361
1687735501,596260
1687735501,596336
1687735501,617412
1687735501,619129
1687735501,630690
1687735501,633235
1687735501,637339
1687735501,654560
1687735501,661416
1687735501,662848
1687735501,664800
1687735501,667419
1687735501,671550
1687735501,681058
1687735501,682514
1687735501,686041
1687735501,687159
1687735501,693788
1687735502,362264
1687735502,365270
1687735502,370329
1687735502,372590
1687735502,376034
1687735502,380117
1687735502,382657
1687735502,388130
1687735502,391242
1687735502,402721
1687735502,416139
1687735502,419722
1687735502,427478
1687735502,444120
1687735502,445565
1687735502,453705
1687735502,461782
1687735502,473039
1687735502,483346
1687735502,516388
1687735502,530870
1687735502,536395
1687735502,549477
1687735502,553710
1687735502,556899
1687735502,571439
1687735502,574719
1687735502,583321
1687735502,589745
1687735502,593303
1687735502,615295
1687735502,622187
1687735502,625115
1687735502,633420
1687735502,640476
1687735502,651507
1687735502,653182
1687735502,653969
1687735502,655893
1687735502,657867
1687735502,659290
1687735502,675040
1687735502,677383
1687735502,682642
1687735502,687234
1687735502,687997
1687735502,691258
1687735502,691606
1687735502,693025
1687735502,696778
1687735502,696873
1687735502,700201
1687735503,351225
1687735503,358598
1687735503,363302
1687735503,367253
1687735503,371366
1687735503,372942
1687735503,374243
1687735503,378326
1687735503,378723
1687735503,383664
1687735503,399655
1687735503,402759
1687735503,409380
1687735503,414175
1687735503,420168
1687735503,421889
1687735503,433241
1687735503,442534
1687735503,451898
1687735503,457122
1687735503,461464
1687735503,471637
1687735503,481089
1687735503,512223
1687735503,515230
1687735503,515357
1687735503,525599
1687735503,540012
1687735503,550907
1687735503,552262
1687735503,559091
1687735503,559307
1687735503,580843
1687735503,581493
1687735503,614183
1687735503,618274
1687735503,622344
1687735503,637999
1687735503,643514
1687735503,643516
1687735503,650338
1687735503,652735
1687735503,670199
1687735503,675543
1687735503,677341
1687735503,680134
1687735503,680534
1687735503,687350
1687735503,689059
1687735503,696069
1687735504,347213
1687735504,362016
1687735504,364404
1687735504,368644
1687735504,374227
1687735504,374465
1687735504,377528
1687735504,387146
1687735504,390630
1687735504,391729
1687735504,395130
1687735504,399062
1687735504,423117
1687735504,428244
1687735504,441250
1687735504,442812
1687735504,446913
1687735504,447080
1687735504,474729
1687735504,489426
1687735504,491016
1687735504,492307
1687735504,506008
1687735504,506923
1687735504,510898
1687735504,528863
1687735504,543487
1687735504,543768
1687735504,549504
1687735504,573612
1687735504,590509
1687735504,594194
1687735504,607629
1687735504,613284
1687735504,616294
1687735504,617955
1687735504,622469
1687735504,636562
1687735504,643377
1687735504,643473
1687735504,652998
1687735504,660722
1687735504,667809
1687735504,667811
1687735504,670777
1687735504,673060
1687735504,674459
1687735504,676731
1687735504,677525
1687735504,679855
1687735504,680201
1687735504,683559
1687735504,684411
1687735504,691056
1687735504,698662
1687735505,360510
1687735505,367791
1687735505,367857
1687735505,368083
1687735505,370515
1687735505,374616
1687735505,378173
1687735505,380692
1687735505,392413
1687735505,398670
1687735505,401607
1687735505,405341
1687735505,408505
1687735505,425374
1687735505,435398
1687735505,437530
1687735505,467205
1687735505,469956
1687735505,480397
1687735505,489812
1687735505,499080
1687735505,507947
1687735505,528831
1687735505,535944
1687735505,536884
1687735505,538905
1687735505,549809
1687735505,557412
1687735505,566126
1687735505,578296
1687735505,589752
1687735505,599169
1687735505,600720
1687735505,607152
1687735505,607956
1687735505,628413
1687735505,637469
1687735505,643721
1687735505,666174
1687735505,673507
1687735505,679593
1687735505,685369
1687735505,691112
1687735505,694816
1687735506,350124
1687735506,362187
1687735506,371763
1687735506,378369
1687735506,379479
1687735506,382092
1687735506,382624
1687735506,387517
1687735506,407630
1687735506,410563
1687735506,421771
1687735506,427799
1687735506,429037
1687735506,435501
1687735506,463353
1687735506,464271
1687735506,471712
1687735506,494492
1687735506,498992
1687735506,503761
1687735506,504674
1687735506,513008
1687735506,526180
1687735506,531292
1687735506,562949
1687735506,566520
1687735506,568966
1687735506,574023
1687735506,577742
1687735506,583322
1687735506,606097
1687735506,608109
1687735506,623888
1687735506,632824
1687735506,637033
1687735506,660171
1687735506,664779
1687735506,666760
1687735506,666825
1687735506,676333
1687735506,677342
1687735506,682732
1687735506,684574
1687735506,685426
1687735506,687872
1687735506,689738
1687735506,690966
1687735506,702849
1687735507,354309
1687735507,363119
1687735507,366757
1687735507,368167
1687735507,369252
1687735507,372245
1687735507,375962
1687735507,376336
1687735507,381333
1687735507,386902
1687735507,387553
1687735507,390080
1687735507,398455
1687735507,405223
1687735507,407591
1687735507,407954
1687735507,409584
1687735507,443384
1687735507,460164
1687735507,464435
1687735507,476019
1687735507,491742
1687735507,503868
1687735507,513895
1687735507,522914
1687735507,532662
1687735507,564058
1687735507,565960
1687735507,586667
1687735507,590826
1687735507,604716
1687735507,607172
1687735507,620714
1687735507,633310
1687735507,633531
1687735507,641468
1687735507,653987
1687735507,655038
1687735507,656990
1687735507,672904
1687735507,676512
1687735507,678481
1687735507,681180
1687735507,681513
1687735507,690724
1687735507,696060
1687735508,359832
1687735508,360032
1687735508,373469
1687735508,377614
1687735508,396015
1687735508,399097
1687735508,405924
1687735508,406021
1687735508,410886
1687735508,422735
1687735508,427266
1687735508,428229
1687735508,438681
1687735508,453701
1687735508,454650
1687735508,454867
1687735508,478769
1687735508,481942
1687735508,484669
1687735508,489488
1687735508,496071
1687735508,501432
1687735508,502923
1687735508,518858
1687735508,527759
1687735508,531792
1687735508,540683
1687735508,541258
1687735508,553693
1687735508,556969
1687735508,560849
1687735508,591113
1687735508,595903
1687735508,603866
1687735508,605772
1687735508,615469
1687735508,621745
1687735508,630146
1687735508,631041
1687735508,631650
1687735508,638955
1687735508,646279
1687735508,655465
1687735508,662141
1687735508,665520
1687735508,675214
1687735508,675471
1687735508,681796
1687735508,683533
1687735508,685531
1687735508,686944
1687735508,691588
1687735508,694236
1687735508,699093
1687735509,351281
1687735509,363853
1687735509,363992
1687735509,365829
1687735509,368866
1687735509,369774
1687735509,371588
1687735509,375798
1687735509,375987
1687735509,376774
1687735509,390573
1687735509,390674
1687735509,391204
1687735509,401821
1687735509,416912
1687735509,423315
1687735509,429889
1687735509,441616
1687735509,451085
1687735509,452976
1687735509,453334
1687735509,478686
1687735509,481124
1687735509,482401
1687735509,483944
1687735509,490133
1687735509,513778
1687735509,514617
1687735509,517630
1687735509,519511
1687735509,541082
1687735509,542205
1687735509,556707
1687735509,581312
1687735509,582462
1687735509,592063
1687735509,592986
1687735509,601458
1687735509,616129
1687735509,621665
1687735509,635362
1687735509,639074
1687735509,645818
1687735509,653834
1687735509,668853
1687735509,677831
1687735509,680353
1687735509,682473
1687735509,687321
1687735509,688029
1687735509,700381
1687735510,353480
1687735510,355944
1687735510,366318
1687735510,366696
1687735510,375403
1687735510,380842
1687735510,385621
1687735510,387957
1687735510,390459
1687735510,414729
1687735510,421316
1687735510,425042
1687735510,441413
1687735510,452422
1687735510,474699
1687735510,477815
1687735510,481584
1687735510,509172
1687735510,520917
1687735510,533758
1687735510,553929
1687735510,557648
1687735510,560006
1687735510,572760
1687735510,578264
1687735510,582283
1687735510,603028
1687735510,613496
1687735510,616944
1687735510,626313
1687735510,627871
1687735510,646003
1687735510,647881
1687735510,652161
1687735510,655262
1687735510,657469
1687735510,659167
1687735510,664983
1687735510,666413
1687735510,668476
1687735510,670575
1687735510,673545
1687735510,679956
1687735510,681074
1687735510,687978
1687735510,693818
1687735510,694277
1687735510,695978
1687735511,352957
1687735511,361803
1687735511,369907
1687735511,370853
1687735511,371500
1687735511,372371
1687735511,378036
1687735511,380018
1687735511,383945
1687735511,402592
1687735511,408851
1687735511,410398
1687735511,413252
1687735511,414938
1687735511,433788
1687735511,436207
1687735511,455253
1687735511,455727
1687735511,466144
1687735511,469389
1687735511,475424
1687735511,494864
1687735511,506349
1687735511,511417
1687735511,517566
1687735511,528647
1687735511,534863
1687735511,543127
1687735511,544387
1687735511,567986
1687735511,580106
1687735511,584661
1687735511,597487
1687735511,612230
1687735511,616911
1687735511,623809
1687735511,637874
1687735511,645873
1687735511,653490
1687735511,661420
1687735511,666916
1687735511,672773
1687735511,677020
1687735511,677523
1687735511,678141
1687735511,683755
1687735511,688265
1687735511,690197
1687735511,695902
1687735512,350118
1687735512,362869
1687735512,363020
1687735512,369393
1687735512,370263
1687735512,371609
1687735512,387066
1687735512,388553
1687735512,396286
1687735512,397326
1687735512,402397
1687735512,408808
1687735512,432416
1687735512,436053
1687735512,449015
1687735512,465037
1687735512,478457
1687735512,490622
1687735512,499903
1687735512,532555
1687735512,557382
1687735512,566953
1687735512,570200
1687735512,577694
1687735512,595641
1687735512,603433
1687735512,604649
1687735512,609885
1687735512,635732
1687735512,646055
1687735512,646194
1687735512,665014
1687735512,673126
1687735512,679205
1687735512,685118
1687735512,687147
1687735512,691813
1687735512,697272
1687735513,363325
1687735513,363378
1687735513,364141
1687735513,365876
1687735513,367249
1687735513,367787
1687735513,374534
1687735513,379106
1687735513,379262
1687735513,385493
1687735513,386059
1687735513,392649
1687735513,409781
1687735513,424766
1687735513,430297
1687735513,440399
1687735513,441553
1687735513,454860
1687735513,459564
1687735513,471849
1687735513,494042
1687735513,505713
1687735513,509608
1687735513,520244
1687735513,532627
1687735513,533544
1687735513,541104
1687735513,555179
1687735513,560817
1687735513,595588
1687735513,602409
1687735513,606463
1687735513,619593
1687735513,628175
1687735513,630582
1687735513,633240
1687735513,635390
1687735513,642840
1687735513,656989
1687735513,666195
1687735513,668890
1687735513,674121
1687735513,681799
1687735513,681891
1687735513,682038
1687735513,683155
1687735513,684831
1687735513,693970
1687735514,360498
1687735514,365373
1687735514,367980
1687735514,373857
1687735514,374240
1687735514,374412
1687735514,374681
1687735514,375706
1687735514,376032
1687735514,376747
1687735514,383551
1687735514,394084
1687735514,397887
1687735514,403359
1687735514,414617
1687735514,423122
1687735514,424691
1687735514,426000
1687735514,441932
1687735514,455451
1687735514,459842
1687735514,460492
1687735514,466276
1687735514,469751
1687735514,482394
1687735514,484744
1687735514,486337
1687735514,498279
1687735514,521987
1687735514,529088
1687735514,550136
1687735514,555643
1687735514,563992
1687735514,569121
1687735514,570843
1687735514,582012
1687735514,582900
1687735514,592872
1687735514,594721
1687735514,623640
1687735514,630353
1687735514,633776
1687735514,637081
1687735514,650540
1687735514,658849
1687735514,662127
1687735514,662330
1687735514,663723
1687735514,664646
1687735514,681121
1687735514,684784
1687735514,685177
1687735514,688561
1687735514,691633
1687735514,695228
1687735515,352184
1687735515,365379
1687735515,371828
1687735515,372944
1687735515,378012
1687735515,383158
1687735515,386469
1687735515,388486
1687735515,388944
1687735515,409678
1687735515,416683
1687735515,418608
1687735515,429068
1687735515,447142
1687735515,449049
1687735515,457254
1687735515,469714
1687735515,485755
1687735515,508738
1687735515,509303
1687735515,517815
1687735515,533812
1687735515,542952
1687735515,547714
1687735515,561022
1687735515,570616
1687735515,586162
1687735515,610644
1687735515,615998
1687735515,620699
1687735515,625433
1687735515,631039
1687735515,645057
1687735515,648225
1687735515,655641
1687735515,656742
1687735515,657299
1687735515,669825
1687735515,675660
1687735515,680865
1687735515,682883
1687735515,683957
1687735515,686797
1687735515,691347
1687735515,691628
1687735515,696762
1687735516,363509
1687735516,368444
1687735516,368879
1687735516,369407
1687735516,371141
1687735516,375973
1687735516,377357
1687735516,396273
1687735516,396595
1687735516,396683
1687735516,398130
1687735516,401606
1687735516,414046
1687735516,414727
1687735516,423162
1687735516,434605
1687735516,444103
1687735516,445481
1687735516,446509
1687735516,457871
1687735516,467841
1687735516,480417
1687735516,481292
1687735516,484122
1687735516,484881
1687735516,485418
1687735516,504526
1687735516,511317
1687735516,516236
1687735516,521464
1687735516,523781
1687735516,543741
1687735516,543813
1687735516,548174
1687735516,557380
1687735516,579078
1687735516,586820
1687735516,588917
1687735516,591495
1687735516,610623
1687735516,619337
1687735516,620092
1687735516,639799
1687735516,640898
1687735516,643579
1687735516,649899
1687735516,650579
1687735516,675734
1687735516,676556
1687735516,682360
1687735516,687076
1687735516,688605
1687735516,689500
1687735516,690072
1687735517,364631
1687735517,365047
1687735517,367856
1687735517,375499
1687735517,376190
1687735517,377657
1687735517,378986
1687735517,390636
1687735517,391391
1687735517,393874
1687735517,402463
1687735517,413063
1687735517,425988
1687735517,434823
1687735517,442777
1687735517,444633
1687735517,455770
1687735517,459398
1687735517,472398
1687735517,485091
1687735517,495354
1687735517,507808
1687735517,524375
1687735517,532534
1687735517,543050
1687735517,545511
1687735517,558647
1687735517,563707
1687735517,566721
1687735517,578187
1687735517,585777
1687735517,588600
1687735517,594997
1687735517,606480
1687735517,612468
1687735517,625257
1687735517,638400
1687735517,643703
1687735517,644271
1687735517,647954
1687735517,660986
1687735517,661449
1687735517,667171
1687735517,667353
1687735517,669747
1687735517,670476
1687735517,679957
1687735517,680852
1687735517,682559
1687735517,686050
1687735517,688207
1687735517,688265
1687735517,694725
1687735517,701521
1687735518,356025
1687735518,360594
1687735518,361861
1687735518,366572
1687735518,372960
1687735518,379103
1687735518,379374
1687735518,383117
1687735518,385515
1687735518,389342
1687735518,390734
1687735518,395031
1687735518,406486
1687735518,409806
1687735518,419401
1687735518,433493
1687735518,435960
1687735518,459900
1687735518,468338
1687735518,480569
1687735518,496126
1687735518,504862
1687735518,509176
1687735518,521137
1687735518,537585
1687735518,537797
1687735518,582797
1687735518,584779
1687735518,602186
1687735518,606471
1687735518,608751
1687735518,613281
1687735518,614313
1687735518,622427
1687735518,623080
1687735518,636966
1687735518,660062
1687735518,664022
1687735518,665875
1687735518,667015
1687735518,670990
1687735518,673308
1687735518,677990
1687735518,678110
1687735518,682327
1687735518,687171
1687735518,687951
1687735518,692310
1687735519,355493
1687735519,356059
1687735519,366149
1687735519,367725
1687735519,370769
1687735519,371335
1687735519,372650
1687735519,374179
1687735519,379585
1687735519,380822
1687735519,393933
1687735519,398830
1687735519,402188
1687735519,406650
1687735519,411918
1687735519,412588
1687735519,419371
1687735519,426854
1687735519,427842
1687735519,431964
1687735519,435175
1687735519,436770
1687735519,462007
1687735519,462279
1687735519,469701
1687735519,472924
1687735519,484245
1687735519,490307
1687735519,500637
1687735519,503003
1687735519,508450
1687735519,512371
1687735519,521641
1687735519,529732
1687735519,531008
1687735519,538213
1687735519,561790
1687735519,563160
1687735519,565738
1687735519,566839
1687735519,573805
1687735519,604212
1687735519,604352
1687735519,617441
1687735519,626862
1687735519,632485
1687735519,650809
1687735519,653693
1687735519,666732
1687735519,667338
1687735519,676423
1687735519,677990
1687735519,681370
1687735519,682397
1687735519,691230
1687735519,691719
1687735519,698858
1687735520,359171
1687735520,363411
1687735520,364909
1687735520,365826
1687735520,368410
1687735520,369191
1687735520,370636
1687735520,375898
1687735520,383876
1687735520,392318
1687735520,397827
1687735520,399151
1687735520,401687
1687735520,422292
1687735520,439067
1687735520,451031
1687735520,472710
1687735520,492167
1687735520,492373
1687735520,498750
1687735520,513458
1687735520,526844
1687735520,531399
1687735520,535393
1687735520,558637
1687735520,565447
1687735520,574972
1687735520,579554
1687735520,594346
1687735520,598646
1687735520,602059
1687735520,608961
1687735520,630545
1687735520,633942
1687735520,635424
1687735520,637058
1687735520,644607
1687735520,651781
1687735520,655594
1687735520,655923
1687735520,666703
1687735520,678374
1687735520,680481
1687735520,683786
1687735520,689375
1687735520,693091
1687735520,695919
1687735520,697428
1687735521,359416
1687735521,360349
1687735521,364455
1687735521,365617
1687735521,369098
1687735521,375226
1687735521,377879
1687735521,390260
1687735521,390840
1687735521,393218
1687735521,411153
1687735521,411365
1687735521,413712
1687735521,414669
1687735521,433860
1687735521,436265
1687735521,447666
1687735521,451179
1687735521,459560
1687735521,476884
1687735521,485975
1687735521,495427
1687735521,497076
1687735521,508141
1687735521,515338
1687735521,525054
1687735521,538295
1687735521,549778
1687735521,556227
1687735521,582148
1687735521,593979
1687735521,594669
1687735521,597965
1687735521,615550
1687735521,617053
1687735521,628664
1687735521,634778
1687735521,652877
1687735521,666052
1687735521,666349
1687735521,668196
1687735521,677553
1687735521,680533
1687735521,681572
1687735521,685709
1687735521,687626
1687735522,358660
1687735522,362367
1687735522,370478
1687735522,371157
1687735522,372315
1687735522,377333
1687735522,377896
1687735522,378595
1687735522,379104
1687735522,381785
1687735522,389832
1687735522,389934
1687735522,392537
1687735522,400473
1687735522,401255
1687735522,417697
1687735522,418171
1687735522,429324
1687735522,443619
1687735522,446298
1687735522,451872
1687735522,475186
1687735522,482058
1687735522,485311
1687735522,486790
1687735522,514466
1687735522,533016
1687735522,534371
1687735522,547247
1687735522,554328
1687735522,554773
1687735522,555863
1687735522,573614
1687735522,576915
1687735522,585142
1687735522,590948
1687735522,591380
1687735522,626596
1687735522,631585
1687735522,641895
1687735522,651274
1687735522,653769
1687735522,654496
1687735522,656231
1687735522,657740
1687735522,661927
1687735522,673755
1687735522,678152
1687735522,682405
1687735522,687914
1687735522,690891
1687735522,692232
1687735522,696841
1687735522,696889
1687735523,350911
1687735523,351687
1687735523,356088
1687735523,364511
1687735523,366425
1687735523,370562
1687735523,373613
1687735523,374026
1687735523,374934
1687735523,378253
1687735523,379304
1687735523,384059
1687735523,400935
1687735523,412713
1687735523,418485
1687735523,424003
1687735523,431449
1687735523,440631
1687735523,453929
1687735523,459109
1687735523,459490
1687735523,473786
1687735523,478851
1687735523,508903
1687735523,514043
1687735523,527600
1687735523,538048
1687735523,550176
1687735523,553173
1687735523,557371
1687735523,561240
1687735523,574739
1687735523,578566
1687735523,579539
1687735523,615125
1687735523,615941
1687735523,619863
1687735523,620185
1687735523,641530
1687735523,651945
1687735523,652635
1687735523,655351
1687735523,669164
1687735523,676242
1687735523,676244
1687735523,680771
1687735523,681513
1687735523,687023
1687735523,689233
1687735523,695988
1687735524,347077
1687735524,361591
1687735524,369163
1687735524,373632
1687735524,374836
1687735524,385745
1687735524,390396
1687735524,394593
1687735524,400358
1687735524,404385
1687735524,425012
1687735524,430198
1687735524,439384
1687735524,440903
1687735524,448894
1687735524,449234
1687735524,467336
1687735524,472836
1687735524,491449
1687735524,492821
1687735524,503956
1687735524,508869
1687735524,514899
1687735524,531033
1687735524,541765
1687735524,551615
1687735524,555275
1687735524,571427
1687735524,582664
1687735524,592489
1687735524,596163
1687735524,609292
1687735524,613972
1687735524,624073
1687735524,637522
1687735524,641324
1687735524,644963
1687735524,651701
1687735524,666778
1687735524,671632
1687735524,671675
1687735524,675141
1687735524,675578
1687735524,679308
1687735524,682907
1687735524,685224
1687735524,691192
1687735524,698526
1687735525,359906
1687735525,366591
1687735525,368371
1687735525,368747
1687735525,369968
1687735525,374979
1687735525,376734
1687735525,380152
1687735525,380488
1687735525,388553
1687735525,394099
1687735525,400463
1687735525,403421
1687735525,403849
1687735525,407060
1687735525,412745
1687735525,427091
1687735525,436032
1687735525,437673
1687735525,467628
1687735525,469129
1687735525,478340
1687735525,491762
1687735525,501085
1687735525,505883
1687735525,517683
1687735525,530731
1687735525,533672
1687735525,536959
1687735525,538942
1687735525,551839
1687735525,568474
1687735525,591808
1687735525,598753
1687735525,600963
1687735525,605120
1687735525,605983
1687735525,630231
1687735525,631515
1687735525,638789
1687735525,642036
1687735525,663094
1687735525,664545
1687735525,665971
1687735525,674412
1687735525,679389
1687735525,685624
1687735525,691164
1687735525,695344
1687735526,349115
1687735526,362635
1687735526,371315
1687735526,375494
1687735526,380783
1687735526,381554
1687735526,383152
1687735526,389325
1687735526,406367
1687735526,409137
1687735526,423947
1687735526,427192
1687735526,433624
1687735526,461312
1687735526,466197
1687735526,469206
1687735526,483750
1687735526,489527
1687735526,492485
1687735526,497067
1687735526,502290
1687735526,505966
1687735526,528165
1687735526,529333
1687735526,560669
1687735526,564075
1687735526,568617
1687735526,571071
1687735526,571641
1687735526,579793
1687735526,585277
1687735526,591098
1687735526,606069
1687735526,607653
1687735526,625423
1687735526,633937
1687735526,635221
1687735526,661116
1687735526,662624
1687735526,666063
1687735526,667792
1687735526,676596
1687735526,677685
1687735526,683037
1687735526,684443
1687735526,685354
1687735526,687352
1687735526,689343
1687735526,690002
1687735526,702950
1687735527,355175
1687735527,363127
1687735527,367625
1687735527,369852
1687735527,373196
1687735527,376758
1687735527,377003
1687735527,386356
1687735527,387881
1687735527,389412
1687735527,396961
1687735527,403803
1687735527,408515
1687735527,411676
1687735527,445295
1687735527,456997
1687735527,458097
1687735527,466596
1687735527,478084
1687735527,524981
1687735527,530599
1687735527,561883
1687735527,568021
1687735527,588850
1687735527,588918
1687735527,604606
1687735527,608834
1687735527,619791
1687735527,622274
1687735527,631314
1687735527,631447
1687735527,643107
1687735527,655019
1687735527,656247
1687735527,658325
1687735527,675829
1687735527,679115
1687735527,681152
1687735527,682542
1687735527,690808
1687735528,358993
1687735528,359608
1687735528,364580
1687735528,372644
1687735528,375812
1687735528,377444
1687735528,388388
1687735528,393708
1687735528,394767
1687735528,400598
1687735528,404398
1687735528,407419
1687735528,421306
1687735528,425824
1687735528,426631
1687735528,440605
1687735528,451679
1687735528,452709
1687735528,453118
1687735528,480015
1687735528,480886
1687735528,487311
1687735528,503334
1687735528,504804
1687735528,516806
1687735528,525784
1687735528,529780
1687735528,535141
1687735528,542883
1687735528,543362
1687735528,554859
1687735528,555830
1687735528,562892
1687735528,588998
1687735528,601932
1687735528,607681
1687735528,617053
1687735528,629188
1687735528,629709
1687735528,636906
1687735528,638914
1687735528,640566
1687735528,647534
1687735528,653884
1687735528,663508
1687735528,666580
1687735528,673916
1687735528,675071
1687735528,675968
1687735528,680450
1687735528,680580
1687735528,682998
1687735528,685761
1687735528,686383
1687735528,691660
1687735528,694787
1687735528,695744
1687735528,698294
1687735529,351011
1687735529,363453
1687735529,363689
1687735529,366206
1687735529,368745
1687735529,369384
1687735529,374765
1687735529,376944
1687735529,389791
1687735529,392267
1687735529,395410
1687735529,412305
1687735529,418431
1687735529,425066
1687735529,431981
1687735529,443627
1687735529,451193
1687735529,455181
1687735529,480134
1687735529,482953
1687735529,492064
1687735529,493767
1687735529,511976
1687735529,517316
1687735529,519663
1687735529,540296
1687735529,543050
1687735529,554553
1687735529,576276
1687735529,583471
1687735529,584483
1687735529,584576
1687735529,593927
1687735529,603269
1687735529,614229
1687735529,623472
1687735529,643724
1687735529,652286
1687735529,662458
1687735529,669860
1687735529,676436
1687735529,681894
1687735529,687877
1687735529,688570
1687735529,700148
1687735530,354322
1687735530,365314
1687735530,366008
1687735530,366903
1687735530,372314
1687735530,374309
1687735530,380240
1687735530,386686
1687735530,389088
1687735530,389394
1687735530,413029
1687735530,419518
1687735530,427069
1687735530,439659
1687735530,450443
1687735530,472452
1687735530,479885
1687735530,507041
1687735530,518656
1687735530,535912
1687735530,541073
1687735530,551477
1687735530,551791
1687735530,562315
1687735530,580023
1687735530,580433
1687735530,611344
1687735530,611734
1687735530,618797
1687735530,624408
1687735530,629434
1687735530,641483
1687735530,646175
1687735530,647407
1687735530,650539
1687735530,653344
1687735530,658385
1687735530,660319
1687735530,667634
1687735530,669436
1687735530,671608
1687735530,672355
1687735530,672658
1687735530,679941
1687735530,681481
1687735530,688749
1687735530,693550
1687735530,693566
1687735530,694304
1687735530,696228
1687735531,351852
1687735531,369157
1687735531,370572
1687735531,372051
1687735531,372482
1687735531,374554
1687735531,378866
1687735531,380996
1687735531,382488
1687735531,404084
1687735531,408904
1687735531,410518
1687735531,411671
1687735531,417040
1687735531,429815
1687735531,431815
1687735531,448419
1687735531,451226
1687735531,457341
1687735531,457729
1687735531,468194
1687735531,473297
1687735531,496701
1687735531,504031
1687735531,519627
1687735531,530681
1687735531,532920
1687735531,559817
1687735531,570073
1687735531,578066
1687735531,599395
1687735531,610336
1687735531,611448
1687735531,618675
1687735531,625252
1687735531,636225
1687735531,655131
1687735531,665138
1687735531,671709
1687735531,677395
1687735531,678197
1687735531,679063
1687735531,679890
1687735531,684631
1687735531,687739
1687735531,690287
1687735531,696184
1687735532,350101
1687735532,362668
1687735532,362890
1687735532,364044
1687735532,364753
1687735532,369134
1687735532,371039
1687735532,371699
1687735532,386314
1687735532,387507
1687735532,391015
1687735532,397872
1687735532,398837
1687735532,404134
1687735532,407251
1687735532,437875
1687735532,463073
1687735532,476369
1687735532,492685
1687735532,497847
1687735532,530343
1687735532,536449
1687735532,559479
1687735532,564756
1687735532,567888
1687735532,574205
1687735532,575421
1687735532,597514
1687735532,602594
1687735532,630050
1687735532,633507
1687735532,644005
1687735532,647385
1687735532,647483
1687735532,659445
1687735532,663600
1687735532,670319
1687735532,674147
1687735532,678648
1687735532,681156
1687735532,685033
1687735532,687396
1687735532,691340
1687735532,691546
1687735532,696937
1687735533,364365
1687735533,364540
1687735533,366679
1687735533,367932
1687735533,367988
1687735533,373917
1687735533,374745
1687735533,378043
1687735533,379147
1687735533,384915
1687735533,386435
1687735533,393667
1687735533,407108
1687735533,408502
1687735533,422962
1687735533,430694
1687735533,432213
1687735533,442578
1687735533,444054
1687735533,452815
1687735533,457438
1687735533,473562
1687735533,473837
1687735533,495920
1687735533,507559
1687735533,507723
1687735533,510825
1687735533,530423
1687735533,533591
1687735533,535618
1687735533,543249
1687735533,557275
1687735533,558835
1687735533,577229
1687735533,597461
1687735533,600219
1687735533,601381
1687735533,602756
1687735533,625983
1687735533,632520
1687735533,633442
1687735533,634435
1687735533,644307
1687735533,655285
1687735533,666892
1687735533,669793
1687735533,675019
1687735533,681398
1687735533,682592
1687735533,683524
1687735533,683802
1687735533,694417
1687735534,359589
1687735534,364749
1687735534,368061
1687735534,373665
1687735534,374682
1687735534,375049
1687735534,375219
1687735534,377048
1687735534,379666
1687735534,384589
1687735534,387550
1687735534,388191
1687735534,392556
1687735534,392840
1687735534,396567
1687735534,401976
1687735534,411246
1687735534,416400
1687735534,421233
1687735534,424516
1687735534,425887
1687735534,426747
1687735534,453571
1687735534,461881
1687735534,462646
1687735534,464160
1687735534,471717
1687735534,484090
1687735534,484451
1687735534,486744
1687735534,496303
1687735534,515717
1687735534,518066
1687735534,520046
1687735534,531231
1687735534,552175
1687735534,553571
1687735534,558944
1687735534,561915
1687735534,571114
1687735534,573009
1687735534,583706
1687735534,584910
1687735534,590905
1687735534,592730
1687735534,601259
1687735534,612131
1687735534,625163
1687735534,631726
1687735534,638394
1687735534,651617
1687735534,660317
1687735534,660818
1687735534,661859
1687735534,662966
1687735534,663736
1687735534,676808
1687735534,678291
1687735534,680606
1687735534,681132
1687735534,682833
1687735534,684716
1687735534,685388
1687735534,689291
1687735534,691567
1687735534,695492
1687735535,365117
1687735535,371686
1687735535,372450
1687735535,376864
1687735535,379035
1687735535,383884
1687735535,386018
1687735535,387523
1687735535,388488
1687735535,395404
1687735535,418751
1687735535,427084
1687735535,450971
1687735535,457951
1687735535,459259
1687735535,471713
1687735535,483836
1687735535,486632
1687735535,498970
1687735535,510710
1687735535,511199
1687735535,519766
1687735535,531964
1687735535,540981
1687735535,549840
1687735535,572780
1687735535,584271
1687735535,612385
1687735535,617613
1687735535,618683
1687735535,623405
1687735535,628915
1687735535,643126
1687735535,649557
1687735535,655218
1687735535,658351
1687735535,670559
1687735535,674466
1687735535,679496
1687735535,683658
1687735535,683715
1687735535,687764
1687735535,691493
1687735535,692045
1687735535,696194
1687735536,350870
1687735536,363739
1687735536,368159
1687735536,370186
1687735536,370319
1687735536,371178
1687735536,375555
1687735536,376380
1687735536,377009
1687735536,392450
1687735536,395200
1687735536,397624
1687735536,403353
1687735536,413405
1687735536,420412
1687735536,421544
1687735536,436689
1687735536,444910
1687735536,446239
1687735536,459898
1687735536,478405
1687735536,483549
1687735536,486935
1687735536,506442
1687735536,509288
1687735536,513982
1687735536,519400
1687735536,526094
1687735536,545785
1687735536,546009
1687735536,546180
1687735536,559336
1687735536,576750
1687735536,589383
1687735536,590991
1687735536,592187
1687735536,612367
1687735536,617579
1687735536,618284
1687735536,620752
1687735536,640313
1687735536,640859
1687735536,642418
1687735536,645018
1687735536,648073
1687735536,649110
1687735536,666335
1687735536,674961
1687735536,677113
1687735536,682521
1687735536,686340
1687735536,689556
1687735536,690503
1687735536,691138
1687735537,352811
1687735537,364451
1687735537,368148
1687735537,376701
1687735537,377809
1687735537,377932
1687735537,389463
1687735537,392756
1687735537,399777
1687735537,400830
1687735537,411332
1687735537,427814
1687735537,434737
1687735537,437684
1687735537,440891
1687735537,445229
1687735537,446563
1687735537,453722
1687735537,465865
1687735537,470305
1687735537,481857
1687735537,487210
1687735537,505783
1687735537,516650
1687735537,526228
1687735537,534537
1687735537,541166
1687735537,547554
1687735537,556616
1687735537,564620
1687735537,565687
1687735537,566264
1687735537,576247
1687735537,590616
1687735537,596714
1687735537,608114
1687735537,610310
1687735537,627101
1687735537,639839
1687735537,642216
1687735537,645003
1687735537,646023
1687735537,661987
1687735537,665795
1687735537,666515
1687735537,671021
1687735537,671548
1687735537,681253
1687735537,685228
1687735537,688771
1687735537,688942
1687735537,689036
1687735537,693864
1687735537,701139
1687735538,356609
1687735538,360463
1687735538,362072
1687735538,362653
1687735538,366742
1687735538,373226
1687735538,375446
1687735538,378728
1687735538,378782
1687735538,382227
1687735538,386749
1687735538,389592
1687735538,390117
1687735538,397498
1687735538,405077
1687735538,408262
1687735538,412958
1687735538,421329
1687735538,434330
1687735538,435567
1687735538,461903
1687735538,466438
1687735538,482791
1687735538,498284
1687735538,502910
1687735538,506037
1687735538,507372
1687735538,523072
1687735538,535645
1687735538,535668
1687735538,564050
1687735538,582876
1687735538,584822
1687735538,603650
1687735538,604364
1687735538,611376
1687735538,615677
1687735538,623971
1687735538,624802
1687735538,635002
1687735538,660919
1687735538,664784
1687735538,664797
1687735538,668095
1687735538,672130
1687735538,673947
1687735538,679083
1687735538,681421
1687735538,681943
1687735538,687051
1687735539,354701
1687735539,356272
1687735539,366671
1687735539,371146
1687735539,371514
1687735539,372644
1687735539,382083
1687735539,392494
1687735539,400896
1687735539,408251
1687735539,409217
1687735539,411146
1687735539,413527
1687735539,421341
1687735539,425010
1687735539,433440
1687735539,439860
1687735539,453315
1687735539,459784
1687735539,464384
1687735539,467849
1687735539,475008
1687735539,482020
1687735539,488303
1687735539,498539
1687735539,500744
1687735539,505117
1687735539,510125
1687735539,510488
1687735539,513248
1687735539,523573
1687735539,527728
1687735539,540362
1687735539,542309
1687735539,563390
1687735539,563532
1687735539,564623
1687735539,565400
1687735539,575750
1687735539,602459
1687735539,606031
1687735539,606172
1687735539,606678
1687735539,619083
1687735539,628349
1687735539,630660
1687735539,651594
1687735539,655193
1687735539,663059
1687735539,665082
1687735539,665553
1687735539,676985
1687735539,677111
1687735539,677431
1687735539,682093
1687735539,688708
1687735539,691492
1687735539,698742
1687735540,358593
1687735540,362923
1687735540,364510
1687735540,364928
1687735540,370107
1687735540,370295
1687735540,376929
1687735540,380063
1687735540,382954
1687735540,393812
1687735540,397679
1687735540,399434
1687735540,403059
1687735540,409742
1687735540,410283
1687735540,420594
1687735540,440921
1687735540,474976
1687735540,490198
1687735540,494311
1687735540,515572
1687735540,524788
1687735540,537486
1687735540,552185
1687735540,560738
1687735540,581761
1687735540,589169
1687735540,592253
1687735540,600213
1687735540,604073
1687735540,608253
1687735540,610576
1687735540,628428
1687735540,631806
1687735540,635083
1687735540,637075
1687735540,646102
1687735540,653115
1687735540,654227
1687735540,657296
1687735540,665134
1687735540,667692
1687735540,677813
1687735540,681405
1687735540,682512
1687735540,683940
1687735540,689352
1687735540,692549
1687735540,695568
1687735540,696854
1687735541,359214
1687735541,360359
1687735541,365123
1687735541,366828
1687735541,368064
1687735541,369247
1687735541,374385
1687735541,375844
1687735541,375907
1687735541,377094
1687735541,391635
1687735541,391743
1687735541,394464
1687735541,411502
1687735541,413086
1687735541,419307
1687735541,432006
1687735541,438531
1687735541,449347
1687735541,449664
1687735541,457511
1687735541,478809
1687735541,483854
1687735541,493624
1687735541,499168
1687735541,513018
1687735541,522970
1687735541,533279
1687735541,540197
1687735541,551799
1687735541,554174
1687735541,584461
1687735541,592006
1687735541,592966
1687735541,599628
1687735541,613696
1687735541,614991
1687735541,626650
1687735541,636308
1687735541,640441
1687735541,651178
1687735541,667337
1687735541,668986
1687735541,680561
1687735541,685343
1687735541,688027
1687735541,692826
1687735542,362501
1687735542,365472
1687735542,370692
1687735542,372020
1687735542,378075
1687735542,378721
1687735542,379675
1687735542,380908
1687735542,388667
1687735542,391516
1687735542,391878
1687735542,399098
1687735542,399809
1687735542,416638
1687735542,431188
1687735542,441709
1687735542,443564
1687735542,448477
1687735542,450077
1687735542,477326
1687735542,478821
1687735542,480236
1687735542,487251
1687735542,488909
1687735542,512539
1687735542,532310
1687735542,535173
1687735542,545057
1687735542,552668
1687735542,557989
1687735542,575804
1687735542,579095
1687735542,586964
1687735542,588582
1687735542,592996
1687735542,618041
1687735542,628034
1687735542,629679
1687735542,632921
1687735542,643251
1687735542,649759
1687735542,651603
1687735542,654546
1687735542,655792
1687735542,656154
1687735542,656926
1687735542,663489
1687735542,672427
1687735542,678874
1687735542,682101
1687735542,688578
1687735542,690437
1687735542,696843
1687735542,696888
1687735543,352263
1687735543,356213
1687735543,363839
1687735543,365666
1687735543,369831
1687735543,375143
1687735543,378150
1687735543,379922
1687735543,388178
1687735543,411238
1687735543,414654
1687735543,426084
1687735543,429638
1687735543,438782
1687735543,455978
1687735543,457513
1687735543,461120
1687735543,475942
1687735543,476608
1687735543,480768
1687735543,515869
1687735543,516790
1687735543,529584
1687735543,536074
1687735543,548046
1687735543,555398
1687735543,555473
1687735543,563396
1687735543,576326
1687735543,576707
1687735543,577580
1687735543,616936
1687735543,617681
1687735543,621513
1687735543,639447
1687735543,639525
1687735543,653590
1687735543,656715
1687735543,668086
1687735543,675060
1687735543,676920
1687735543,679073
1687735543,681377
1687735543,682428
1687735543,686675
1687735543,689379
1687735543,695922
1687735544,347005
1687735544,361204
1687735544,369740
1687735544,372848
1687735544,375448
1687735544,384340
1687735544,387449
1687735544,389048
1687735544,394081
1687735544,401704
1687735544,402274
1687735544,406067
1687735544,426849
1687735544,432155
1687735544,437497
1687735544,439075
1687735544,450913
1687735544,451380
1687735544,465303
1687735544,470955
1687735544,493455
1687735544,497456
1687735544,501882
1687735544,506940
1687735544,510777
1687735544,519985
1687735544,533186
1687735544,539734
1687735544,553103
1687735544,553734
1687735544,569252
1687735544,580668
1687735544,594449
1687735544,610981
1687735544,611649
1687735544,625650
1687735544,638512
1687735544,646429
1687735544,650345
1687735544,665730
1687735544,670174
1687735544,672520
1687735544,673560
1687735544,678363
1687735544,679914
1687735544,686004
1687735544,691263
1687735545,359316
1687735545,363698
1687735545,365348
1687735545,368922
1687735545,369398
1687735545,375289
1687735545,375339
1687735545,395766
1687735545,402390
1687735545,405280
1687735545,405604
1687735545,428849
1687735545,439940
1687735545,465278
1687735545,476284
1687735545,493702
1687735545,503079
1687735545,503824
1687735545,506032
1687735545,531418
1687735545,532688
1687735545,541032
1687735545,553880
1687735545,593812
1687735545,596785
1687735545,603101
1687735545,604017
1687735545,632046
1687735545,640091
1687735545,640308
1687735545,662849
1687735545,666959
1687735545,672523
1687735545,673153
1687735545,675274
1687735545,679131
1687735545,685836
1687735545,691160
1687735545,694756
1687735545,695863
1687735546,348148
1687735546,363159
1687735546,367527
1687735546,369429
1687735546,370893
1687735546,375029
1687735546,380535
1687735546,382105
1687735546,384219
1687735546,390730
1687735546,405098
1687735546,407720
1687735546,425386
1687735546,426161
1687735546,431699
1687735546,432829
1687735546,459310
1687735546,466744
1687735546,468128
1687735546,485929
1687735546,490460
1687735546,495105
1687735546,499928
1687735546,508169
1687735546,508170
1687735546,527377
1687735546,530089
1687735546,559704
1687735546,562042
1687735546,569309
1687735546,570716
1687735546,581835
1687735546,587204
1687735546,600777
1687735546,603959
1687735546,609190
1687735546,626935
1687735546,633382
1687735546,634979
1687735546,662052
1687735546,665334
1687735546,668738
1687735546,675814
1687735546,678984
1687735546,679936
1687735546,683256
1687735546,683456
1687735546,686086
1687735546,688919
1687735546,688998
1687735547,356080
1687735547,363134
1687735547,367095
1687735547,370482
1687735547,374175
1687735547,377568
1687735547,381012
1687735547,385140
1687735547,388886
1687735547,395493
1687735547,402433
1687735547,413805
1687735547,423999
1687735547,429756
1687735547,459163
1687735547,468761
1687735547,480163
1687735547,487358
1687735547,517533
1687735547,527050
1687735547,528518
1687735547,529140
1687735547,570069
1687735547,586999
1687735547,590956
1687735547,623853
1687735547,629315
1687735547,629334
1687735547,656040
1687735547,657416
1687735547,657873
1687735547,659636
1687735547,675067
1687735547,679688
1687735547,681108
1687735547,683517
1687735547,690929
1687735548,357950
1687735548,359383
1687735548,365846
1687735548,370687
1687735548,371901
1687735548,377258
1687735548,393537
1687735548,394912
1687735548,402143
1687735548,402841
1687735548,408827
1687735548,419876
1687735548,424389
1687735548,425038
1687735548,442546
1687735548,449626
1687735548,450776
1687735548,455148
1687735548,478079
1687735548,483016
1687735548,485160
1687735548,491504
1687735548,505248
1687735548,506686
1687735548,514760
1687735548,523837
1687735548,527776
1687735548,545082
1687735548,552754
1687735548,564976
1687735548,583748
1687735548,586860
1687735548,599969
1687735548,609512
1687735548,609893
1687735548,617851
1687735548,618600
1687735548,627285
1687735548,627740
1687735548,642147
1687735548,648767
1687735548,652213
1687735548,664840
1687735548,667630
1687735548,674590
1687735548,676661
1687735548,678541
1687735548,679353
1687735548,685811
1687735548,686021
1687735548,691685
1687735548,695358
1687735548,697446
1687735549,350801
1687735549,363153
1687735549,363465
1687735549,366630
1687735549,367783
1687735549,369955
1687735549,373760
1687735549,377178
1687735549,388376
1687735549,393095
1687735549,393978
1687735549,394215
1687735549,420002
1687735549,426818
1687735549,434102
1687735549,445625
1687735549,449094
1687735549,457365
1687735549,477873
1687735549,482841
1687735549,484756
1687735549,493991
1687735549,510170
1687735549,515160
1687735549,521699
1687735549,545055
1687735549,552409
1687735549,557933
1687735549,582177
1687735549,586674
1687735549,595722
1687735549,605070
1687735549,612348
1687735549,625284
1687735549,638485
1687735549,641540
1687735549,641585
1687735549,648898
1687735549,650671
1687735549,651361
1687735549,670842
1687735549,675017
1687735549,680526
1687735549,681308
1687735549,688404
1687735549,689049
1687735549,699902
1687735550,355197
1687735550,358770
1687735550,365604
1687735550,365693
1687735550,367161
1687735550,373224
1687735550,375924
1687735550,379688
1687735550,387758
1687735550,387768
1687735550,410599
1687735550,411345
1687735550,417721
1687735550,429099
1687735550,437943
1687735550,448457
1687735550,470216
1687735550,481949
1687735550,504934
1687735550,516374
1687735550,518690
1687735550,538066
1687735550,538991
1687735550,549579
1687735550,549617
1687735550,564611
1687735550,574274
1687735550,577783
1687735550,582612
1687735550,609216
1687735550,620642
1687735550,622501
1687735550,630959
1687735550,644460
1687735550,648772
1687735550,659272
1687735550,661439
1687735550,668254
1687735550,668810
1687735550,671737
1687735550,679914
1687735550,681873
1687735550,683266
1687735550,689460
1687735550,692766
1687735550,693233
1687735550,696396
1687735551,350868
1687735551,362392
1687735551,370312
1687735551,372040
1687735551,372282
1687735551,373529
1687735551,373844
1687735551,379724
1687735551,381070
1687735551,382015
1687735551,393761
1687735551,405579
1687735551,407450
1687735551,410032
1687735551,412246
1687735551,419175
1687735551,429859
1687735551,431830
1687735551,432460
1687735551,446385
1687735551,459421
1687735551,459756
1687735551,470215
1687735551,471171
1687735551,498563
1687735551,501695
1687735551,521681
1687735551,530965
1687735551,532714
1687735551,561978
1687735551,572126
1687735551,576042
1687735551,600513
1687735551,601299
1687735551,608417
1687735551,620459
1687735551,626665
1687735551,634588
1687735551,656776
1687735551,663333
1687735551,670594
1687735551,677753
1687735551,678081
1687735551,678829
1687735551,682195
1687735551,685473
1687735551,687136
1687735551,690315
1687735551,696457
1687735552,350183
1687735552,362517
1687735552,362793
1687735552,368891
1687735552,371875
1687735552,371892
1687735552,384442
1687735552,385574
1687735552,386522
1687735552,399486
1687735552,400438
1687735552,405738
1687735552,405932
1687735552,428973
1687735552,438180
1687735552,439725
1687735552,453437
1687735552,461109
1687735552,464368
1687735552,474230
1687735552,494764
1687735552,495781
1687735552,515085
1687735552,528166
1687735552,538512
1687735552,540249
1687735552,561582
1687735552,562576
1687735552,565603
1687735552,572092
1687735552,573103
1687735552,599325
1687735552,612996
1687735552,631347
1687735552,642151
1687735552,648673
1687735552,648813
1687735552,662138
1687735552,664162
1687735552,667567
1687735552,669002
1687735552,675103
1687735552,679919
1687735552,680406
1687735552,680960
1687735552,684948
1687735552,687668
1687735552,691251
1687735552,691517
1687735552,696571
1687735553,363647
1687735553,364584
1687735553,365682
1687735553,366175
1687735553,368139
1687735553,368248
1687735553,374920
1687735553,377024
1687735553,379074
1687735553,383365
1687735553,387450
1687735553,394733
1687735553,407228
1687735553,409022
1687735553,421160
1687735553,423034
1687735553,432695
1687735553,434147
1687735553,444759
1687735553,450822
1687735553,455360
1687735553,471434
1687735553,475814
1687735553,497738
1687735553,505548
1687735553,509727
1687735553,512967
1687735553,528201
1687735553,535758
1687735553,537682
1687735553,545390
1687735553,556872
1687735553,559330
1687735553,579465
1687735553,598039
1687735553,599303
1687735553,599335
1687735553,610054
1687735553,615557
1687735553,623821
1687735553,631395
1687735553,634447
1687735553,635604
1687735553,645726
1687735553,653595
1687735553,670657
1687735553,675903
1687735553,682697
1687735553,683109
1687735553,683879
1687735553,694832
1687735554,353442
1687735554,358669
1687735554,364198
1687735554,368172
1687735554,373478
1687735554,374128
1687735554,374701
1687735554,375513
1687735554,376097
1687735554,385694
1687735554,389041
1687735554,391053
1687735554,395291
1687735554,400673
1687735554,418221
1687735554,422228
1687735554,428833
1687735554,446188
1687735554,451683
1687735554,462008
1687735554,464819
1687735554,473645
1687735554,481874
1687735554,486529
1687735554,488698
1687735554,494308
1687735554,518098
1687735554,533378
1687735554,551496
1687735554,554185
1687735554,559886
1687735554,573082
1687735554,575242
1687735554,585376
1687735554,586906
1687735554,588898
1687735554,590686
1687735554,599109
1687735554,613602
1687735554,614125
1687735554,626682
1687735554,633109
1687735554,639675
1687735554,652724
1687735554,653657
1687735554,659488
1687735554,659963
1687735554,661227
1687735554,661781
1687735554,665105
1687735554,676025
1687735554,680049
1687735554,681645
1687735554,682268
1687735554,684210
1687735554,685980
1687735554,686748
1687735554,689990
1687735554,690976
1687735554,691473
1687735554,695766
1687735555,365478
1687735555,365575
1687735555,371522
1687735555,372009
1687735555,375884
1687735555,378847
1687735555,380115
1687735555,384642
1687735555,385590
1687735555,386147
1687735555,388454
1687735555,389391
1687735555,394096
1687735555,405128
1687735555,412829
1687735555,420840
1687735555,425150
1687735555,441708
1687735555,443370
1687735555,452870
1687735555,456116
1687735555,461294
1687735555,473675
1687735555,476353
1687735555,481924
1687735555,488770
1687735555,496737
1687735555,508382
1687735555,512676
1687735555,513111
1687735555,521710
1687735555,530094
1687735555,539024
1687735555,551999
1687735555,574913
1687735555,582310
1687735555,594060
1687735555,602740
1687735555,610475
1687735555,616672
1687735555,619221
1687735555,621404
1687735555,626799
1687735555,641161
1687735555,650881
1687735555,659428
1687735555,671274
1687735555,673223
1687735555,674910
1687735555,678074
1687735555,683465
1687735555,684394
1687735555,688699
1687735555,691579
1687735555,692445
1687735555,695601
1687735556,350840
1687735556,363974
1687735556,364258
1687735556,367852
1687735556,371251
1687735556,371286
1687735556,371519
1687735556,375173
1687735556,375437
1687735556,377278
1687735556,391028
1687735556,394155
1687735556,398685
1687735556,412137
1687735556,419933
1687735556,438752
1687735556,443352
1687735556,448384
1687735556,448459
1687735556,461953
1687735556,476417
1687735556,481679
1687735556,488976
1687735556,507245
1687735556,511728
1687735556,517345
1687735556,521266
1687735556,528400
1687735556,544187
1687735556,547850
1687735556,548199
1687735556,561303
1687735556,574467
1687735556,587236
1687735556,593021
1687735556,614106
1687735556,616459
1687735556,621415
1687735556,634328
1687735556,641926
1687735556,643908
1687735556,646272
1687735556,646476
1687735556,647608
1687735556,653774
1687735556,667761
1687735556,674133
1687735556,677635
1687735556,682600
1687735556,685551
1687735556,689356
1687735556,689615
1687735556,690961
1687735556,692751
1687735557,361459
1687735557,368500
1687735557,376904
1687735557,377245
1687735557,378001
1687735557,385164
1687735557,388376
1687735557,394126
1687735557,399283
1687735557,401442
1687735557,409590
1687735557,409734
1687735557,413906
1687735557,414797
1687735557,429701
1687735557,438996
1687735557,451694
1687735557,463938
1687735557,465138
1687735557,468240
1687735557,489311
1687735557,499570
1687735557,503744
1687735557,528098
1687735557,536544
1687735557,538392
1687735557,538786
1687735557,539347
1687735557,549629
1687735557,550068
1687735557,554591
1687735557,562480
1687735557,564053
1687735557,567653
1687735557,569864
1687735557,574343
1687735557,585653
1687735557,592584
1687735557,598397
1687735557,602210
1687735557,608132
1687735557,628905
1687735557,640117
1687735557,641283
1687735557,644092
1687735557,646279
1687735557,651376
1687735557,662525
1687735557,663142
1687735557,664344
1687735557,665639
1687735557,672243
1687735557,672608
1687735557,681675
1687735557,684381
1687735557,689586
1687735557,692942
1687735557,700705
1687735558,357257
1687735558,360382
1687735558,363469
1687735558,371010
1687735558,373512
1687735558,376697
1687735558,376799
1687735558,378381
1687735558,381399
1687735558,388033
1687735558,388437
1687735558,390898
1687735558,406775
1687735558,410889
1687735558,423270
1687735558,437672
1687735558,439401
1687735558,463905
1687735558,464559
1687735558,479597
1687735558,484949
1687735558,500918
1687735558,505536
1687735558,525011
1687735558,533593
1687735558,533720
1687735558,566296
1687735558,580946
1687735558,586825
1687735558,587219
1687735558,605096
1687735558,609460
1687735558,617055
1687735558,625493
1687735558,626541
1687735558,633079
1687735558,642444
1687735558,656709
1687735558,661744
1687735558,663671
1687735558,669177
1687735558,673240
1687735558,674594
1687735558,681548
1687735558,686922
1687735558,689371
1687735558,699854
1687735559,353974
1687735559,356500
1687735559,367200
1687735559,367367
1687735559,368452
1687735559,371506
1687735559,371670
1687735559,372639
1687735559,376289
1687735559,380680
1687735559,383344
1687735559,391101
1687735559,396199
1687735559,399655
1687735559,409855
1687735559,415145
1687735559,423185
1687735559,423300
1687735559,431704
1687735559,433752
1687735559,438285
1687735559,457604
1687735559,465983
1687735559,466469
1687735559,477066
1687735559,479803
1687735559,496467
1687735559,507205
1687735559,507899
1687735559,512523
1687735559,525510
1687735559,525742
1687735559,541138
1687735559,542543
1687735559,561327
1687735559,562438
1687735559,567671
1687735559,577660
1687735559,600591
1687735559,604584
1687735559,607761
1687735559,607854
1687735559,620729
1687735559,628848
1687735559,629840
1687735559,652403
1687735559,663394
1687735559,663720
1687735559,676188
1687735559,677585
1687735559,682790
1687735559,691205
1687735559,691955
1687735559,698579
1687735560,358066
1687735560,362486
1687735560,364033
1687735560,364134
1687735560,370007
1687735560,371119
1687735560,378047
1687735560,380564
1687735560,382132
1687735560,383351
1687735560,386502
1687735560,395330
1687735560,396252
1687735560,401068
1687735560,412056
1687735560,418942
1687735560,427607
1687735560,442766
1687735560,459240
1687735560,477191
1687735560,488060
1687735560,496428
1687735560,502699
1687735560,503897
1687735560,517704
1687735560,522689
1687735560,527296
1687735560,539610
1687735560,561353
1687735560,562857
1687735560,562977
1687735560,583935
1687735560,590143
1687735560,601732
1687735560,606052
1687735560,608002
1687735560,612145
1687735560,626324
1687735560,629621
1687735560,633105
1687735560,636494
1687735560,638716
1687735560,647566
1687735560,652844
1687735560,654398
1687735560,657102
1687735560,658643
1687735560,666183
1687735560,668707
1687735560,673464
1687735560,677155
1687735560,682111
1687735560,682295
1687735560,684090
1687735560,689259
1687735560,695174
1687735560,696275
1687735560,702235
1687735561,359072
1687735561,365259
1687735561,365847
1687735561,367764
1687735561,368065
1687735561,370977
1687735561,373571
1687735561,376336
1687735561,392742
1687735561,392998
1687735561,395739
1687735561,408109
1687735561,409332
1687735561,411573
1687735561,415301
1687735561,430164
1687735561,440805
1687735561,447544
1687735561,451659
1687735561,455468
1687735561,480720
1687735561,489185
1687735561,491816
1687735561,501243
1687735561,510716
1687735561,520900
1687735561,522234
1687735561,531366
1687735561,542141
1687735561,552115
1687735561,553832
1687735561,586745
1687735561,591225
1687735561,601287
1687735561,611855
1687735561,612944
1687735561,624661
1687735561,637819
1687735561,641891
1687735561,649495
1687735561,668634
1687735561,669772
1687735561,679279
1687735561,679524
1687735561,684931
1687735561,688351
1687735562,362668
1687735562,370209
1687735562,371706
1687735562,377055
1687735562,380044
1687735562,380184
1687735562,387450
1687735562,393188
1687735562,397709
1687735562,398388
1687735562,415106
1687735562,433096
1687735562,439832
1687735562,448278
1687735562,450680
1687735562,478428
1687735562,479446
1687735562,491015
1687735562,510621
1687735562,530208
1687735562,537316
1687735562,542912
1687735562,545905
1687735562,560070
1687735562,577993
1687735562,581284
1687735562,586200
1687735562,588795
1687735562,589977
1687735562,594591
1687735562,627736
1687735562,629449
1687735562,644582
1687735562,648164
1687735562,649423
1687735562,652824
1687735562,654520
1687735562,657032
1687735562,664526
1687735562,671032
1687735562,679560
1687735562,681755
1687735562,689228
1687735562,689927
1687735562,692028
1687735562,693372
1687735562,696743
1687735562,696931
1687735563,352943
1687735563,356320
1687735563,358937
1687735563,363186
1687735563,364970
1687735563,369192
1687735563,376293
1687735563,378007
1687735563,380582
1687735563,387015
1687735563,416604
1687735563,427808
1687735563,428163
1687735563,430900
1687735563,436965
1687735563,455491
1687735563,458018
1687735563,463125
1687735563,474366
1687735563,478112
1687735563,495438
1687735563,518664
1687735563,531562
1687735563,534115
1687735563,553396
1687735563,557797
1687735563,565552
1687735563,578668
1687735563,609747
1687735563,615881
1687735563,618745
1687735563,619406
1687735563,623175
1687735563,637409
1687735563,637500
1687735563,655229
1687735563,658042
1687735563,658151
1687735563,666963
1687735563,673788
1687735563,677567
1687735563,679879
1687735563,681962
1687735563,683319
1687735563,686305
1687735563,689489
1687735563,695867
1687735564,346996
1687735564,360859
1687735564,370343
1687735564,372122
1687735564,376048
1687735564,382975
1687735564,387723
1687735564,393567
1687735564,403073
1687735564,404116
1687735564,407791
1687735564,419341
1687735564,428642
1687735564,435606
1687735564,437297
1687735564,452979
1687735564,453510
1687735564,463262
1687735564,469077
1687735564,499784
1687735564,504973
1687735564,512671
1687735564,535310
1687735564,537670
1687735564,550923
1687735564,555857
1687735564,567077
1687735564,578674
1687735564,596365
1687735564,612649
1687735564,627191
1687735564,639526
1687735564,647891
1687735564,648931
1687735564,664616
1687735564,668686
1687735564,671933
1687735564,673330
1687735564,677441
1687735564,679902
1687735564,681446
1687735564,686729
1687735564,689457
1687735564,691294
1687735565,358764
1687735565,363333
1687735565,364142
1687735565,369488
1687735565,370034
1687735565,374030
1687735565,375543
1687735565,378210
1687735565,397397
1687735565,400972
1687735565,404163
1687735565,407183
1687735565,430623
1687735565,434090
1687735565,442210
1687735565,462927
1687735565,474174
1687735565,495694
1687735565,501782
1687735565,505120
1687735565,529195
1687735565,534635
1687735565,543190
1687735565,555921
1687735565,594776
1687735565,595791
1687735565,601050
1687735565,602068
1687735565,633857
1687735565,638570
1687735565,641409
1687735565,661114
1687735565,667931
1687735565,676059
1687735565,676726
1687735565,678845
1687735565,686045
1687735565,691146
1687735565,696353
1687735566,347228
1687735566,363741
1687735566,368902
1687735566,370491
1687735566,374591
1687735566,379506
1687735566,383482
1687735566,385314
1687735566,392186
1687735566,403822
1687735566,404494
1687735566,406342
1687735566,423605
1687735566,428404
1687735566,429735
1687735566,457298
1687735566,464300
1687735566,470058
1687735566,488113
1687735566,488410
1687735566,493152
1687735566,497539
1687735566,510256
1687735566,510353
1687735566,525431
1687735566,531997
1687735566,560035
1687735566,567020
1687735566,572840
1687735566,581727
1687735566,583872
1687735566,589137
1687735566,598761
1687735566,601840
1687735566,610678
1687735566,628410
1687735566,631512
1687735566,631567
1687735566,635985
1687735566,662964
1687735566,664560
1687735566,669706
1687735566,674970
1687735566,680142
1687735566,680275
1687735566,682414
1687735566,683397
1687735566,686774
1687735566,687961
1687735566,688487
1687735567,357008
1687735567,363163
1687735567,366536
1687735567,371085
1687735567,375187
1687735567,378378
1687735567,382425
1687735567,383933
1687735567,389931
1687735567,394028
1687735567,394731
1687735567,401094
1687735567,415946
1687735567,422113
1687735567,455581
1687735567,461323
1687735567,470893
1687735567,482262
1687735567,485225
1687735567,515930
1687735567,519353
1687735567,529113
1687735567,556838
1687735567,572136
1687735567,572226
1687735567,585075
1687735567,592980
1687735567,612092
1687735567,625404
1687735567,627190
1687735567,656288
1687735567,657025
1687735567,658555
1687735567,660912
1687735567,674247
1687735567,677094
1687735567,680255
1687735567,681052
1687735567,684442
1687735567,691092
1687735567,694896
1687735568,356940
1687735568,359203
1687735568,367130
1687735568,371234
1687735568,373601
1687735568,377076
1687735568,384811
1687735568,392356
1687735568,392509
1687735568,396108
1687735568,401275
1687735568,403724
1687735568,403766
1687735568,408930
1687735568,410259
1687735568,418452
1687735568,422952
1687735568,423441
1687735568,444505
1687735568,447558
1687735568,448846
1687735568,457176
1687735568,483022
1687735568,485140
1687735568,489229
1687735568,507157
1687735568,512725
1687735568,521896
1687735568,525739
1687735568,526428
1687735568,547292
1687735568,550622
1687735568,557476
1687735568,567053
1687735568,597998
1687735568,611284
1687735568,615910
1687735568,620161
1687735568,625363
1687735568,625758
1687735568,643696
1687735568,649986
1687735568,650511
1687735568,666122
1687735568,668673
1687735568,673931
1687735568,674037
1687735568,675894
1687735568,677302
1687735568,683977
1687735568,685239
1687735568,686241
1687735568,691653
1687735568,695155
1687735568,696561
1687735569,350641
1687735569,362946
1687735569,363314
1687735569,366906
1687735569,367090
1687735569,369404
1687735569,370560
1687735569,372804
1687735569,377477
1687735569,386983
1687735569,394334
1687735569,395697
1687735569,420951
1687735569,421555
1687735569,436245
1687735569,447033
1687735569,447606
1687735569,459548
1687735569,475634
1687735569,484914
1687735569,486586
1687735569,495934
1687735569,508328
1687735569,513010
1687735569,517721
1687735569,547063
1687735569,550237
1687735569,550620
1687735569,560041
1687735569,579934
1687735569,588775
1687735569,597450
1687735569,606844
1687735569,610464
1687735569,640018
1687735569,642756
1687735569,649050
1687735569,671789
1687735569,680577
1687735569,680738
1687735569,688911
1687735569,689500
1687735569,699617
1687735570,356096
1687735570,365361
1687735570,365915
1687735570,366923
1687735570,367447
1687735570,372123
1687735570,379175
1687735570,383045
1687735570,386468
1687735570,388911
1687735570,409659
1687735570,415929
1687735570,431147
1687735570,436268
1687735570,446489
1687735570,466842
1687735570,467977
1687735570,484001
1687735570,486275
1687735570,500438
1687735570,514044
1687735570,520765
1687735570,536462
1687735570,536895
1687735570,540233
1687735570,547715
1687735570,566868
1687735570,575541
1687735570,584768
1687735570,604472
1687735570,620543
1687735570,622523
1687735570,627319
1687735570,632481
1687735570,642755
1687735570,647190
1687735570,650103
1687735570,660140
1687735570,667029
1687735570,669394
1687735570,669932
1687735570,670736
1687735570,679830
1687735570,682277
1687735570,690673
1687735570,692857
1687735570,696495
1687735571,349977
1687735571,362726
1687735571,367786
1687735571,370053
1687735571,372058
1687735571,373186
1687735571,374674
1687735571,377798
1687735571,379653
1687735571,380582
1687735571,404237
1687735571,408376
1687735571,413998
1687735571,421306
1687735571,427942
1687735571,430632
1687735571,433889
1687735571,444384
1687735571,461510
1687735571,461797
1687735571,469033
1687735571,472212
1687735571,499326
1687735571,523740
1687735571,529014
1687735571,534733
1687735571,564153
1687735571,574039
1687735571,574117
1687735571,574152
1687735571,575631
1687735571,606503
1687735571,609350
1687735571,622181
1687735571,622229
1687735571,628051
1687735571,632959
1687735571,658373
1687735571,661522
1687735571,677478
1687735571,678089
1687735571,679446
1687735571,686271
1687735571,686456
1687735571,690292
1687735571,696738
1687735572,350357
1687735572,362435
1687735572,362709
1687735572,368682
1687735572,372134
1687735572,372795
1687735572,384838
1687735572,385594
1687735572,401145
1687735572,402115
1687735572,407767
1687735572,436501
1687735572,441592
1687735572,446887
1687735572,455622
1687735572,459162
1687735572,472085
1687735572,493701
1687735572,516973
1687735572,538214
1687735572,540607
1687735572,547427
1687735572,560426
1687735572,561340
1687735572,563326
1687735572,563728
1687735572,570009
1687735572,570762
1687735572,597304
1687735572,598450
1687735572,601112
1687735572,614496
1687735572,640318
1687735572,649936
1687735572,650159
1687735572,654901
1687735572,660665
1687735572,668230
1687735572,676010
1687735572,679606
1687735572,680462
1687735572,684827
1687735572,686095
1687735572,687962
1687735572,690739
1687735572,690932
1687735573,364827
1687735573,365698
1687735573,366825
1687735573,368337
1687735573,368586
1687735573,375040
1687735573,376065
1687735573,381852
1687735573,395849
1687735573,405948
1687735573,409740
1687735573,410942
1687735573,412603
1687735573,419382
1687735573,430617
1687735573,436093
1687735573,448849
1687735573,453302
1687735573,469309
1687735573,499536
1687735573,503547
1687735573,511768
1687735573,515108
1687735573,525984
1687735573,537910
1687735573,539759
1687735573,547513
1687735573,554913
1687735573,556165
1687735573,595871
1687735573,596961
1687735573,601119
1687735573,611826
1687735573,621669
1687735573,629293
1687735573,636327
1687735573,636743
1687735573,651895
1687735573,662527
1687735573,671508
1687735573,676802
1687735573,680374
1687735573,681562
1687735573,683578
1687735573,684276
1687735573,695220
1687735574,354115
1687735574,357740
1687735574,363736
1687735574,368337
1687735574,373282
1687735574,374000
1687735574,374726
1687735574,377067
1687735574,386793
1687735574,389617
1687735574,390544
1687735574,394051
1687735574,399399
1687735574,420058
1687735574,421533
1687735574,424061
1687735574,430942
1687735574,448360
1687735574,449762
1687735574,459830
1687735574,466966
1687735574,475557
1687735574,479725
1687735574,488618
1687735574,490650
1687735574,492333
1687735574,508566
1687735574,516114
1687735574,535514
1687735574,549401
1687735574,557876
1687735574,575046
1687735574,577484
1687735574,586871
1687735574,587017
1687735574,587812
1687735574,588634
1687735574,588891
1687735574,615086
1687735574,615862
1687735574,628199
1687735574,634507
1687735574,640955
1687735574,652032
1687735574,653870
1687735574,658027
1687735574,658137
1687735574,659438
1687735574,663225
1687735574,666428
1687735574,675185
1687735574,679423
1687735574,680402
1687735574,683336
1687735574,683681
1687735574,686575
1687735574,690655
1687735574,691366
1687735574,696014
1687735575,360421
1687735575,365667
1687735575,365860
1687735575,371350
1687735575,371592
1687735575,374968
1687735575,377504
1687735575,378028
1687735575,381259
1687735575,384836
1687735575,385185
1687735575,385445
1687735575,388413
1687735575,390665
1687735575,392838
1687735575,406955
1687735575,422949
1687735575,423239
1687735575,439879
1687735575,441536
1687735575,454329
1687735575,454743
1687735575,463340
1687735575,473863
1687735575,475605
1687735575,480029
1687735575,481689
1687735575,490867
1687735575,494530
1687735575,514647
1687735575,515021
1687735575,523689
1687735575,528225
1687735575,537091
1687735575,547982
1687735575,554176
1687735575,577011
1687735575,580338
1687735575,614627
1687735575,619400
1687735575,620840
1687735575,624676
1687735575,639159
1687735575,652178
1687735575,659322
1687735575,660539
1687735575,671947
1687735575,672003
1687735575,676612
1687735575,683231
1687735575,685083
1687735575,689600
1687735575,691603
1687735575,692806
1687735575,694979
1687735576,350815
1687735576,364186
1687735576,367526
1687735576,368880
1687735576,371361
1687735576,372297
1687735576,372897
1687735576,374512
1687735576,374829
1687735576,389631
1687735576,393124
1687735576,399809
1687735576,410882
1687735576,418329
1687735576,441792
1687735576,464027
1687735576,474484
1687735576,477341
1687735576,479809
1687735576,491010
1687735576,505197
1687735576,509467
1687735576,510290
1687735576,515258
1687735576,518936
1687735576,530699
1687735576,542195
1687735576,549962
1687735576,550374
1687735576,563250
1687735576,572217
1687735576,585043
1687735576,594995
1687735576,595868
1687735576,600044
1687735576,605944
1687735576,611366
1687735576,614624
1687735576,615850
1687735576,619393
1687735576,635726
1687735576,639438
1687735576,642976
1687735576,644449
1687735576,645402
1687735576,646070
1687735576,647939
1687735576,649357
1687735576,661459
1687735576,669188
1687735576,673275
1687735576,678102
1687735576,682597
1687735576,683476
1687735576,684738
1687735576,689668
1687735576,691439
1687735576,692056
1687735577,360948
1687735577,364083
1687735577,375921
1687735577,376611
1687735577,377825
1687735577,378219
1687735577,385656
1687735577,387387
1687735577,395515
1687735577,397795
1687735577,403101
1687735577,407855
1687735577,412364
1687735577,431627
1687735577,437148
1687735577,449690
1687735577,450360
1687735577,462010
1687735577,466213
1687735577,467186
1687735577,491384
1687735577,501653
1687735577,501676
1687735577,530017
1687735577,537499
1687735577,538523
1687735577,551711
1687735577,552593
1687735577,560337
1687735577,561874
1687735577,569581
1687735577,572139
1687735577,572445
1687735577,594479
1687735577,630725
1687735577,638037
1687735577,640635
1687735577,642111
1687735577,642739
1687735577,647487
1687735577,652644
1687735577,662859
1687735577,663072
1687735577,664705
1687735577,673423
1687735577,673644
1687735577,682081
1687735577,689874
1687735577,689905
1687735577,690231
1687735577,699224
1687735577,700234
1687735578,357998
1687735578,360352
1687735578,364322
1687735578,367085
1687735578,370209
1687735578,373771
1687735578,377662
1687735578,378034
1687735578,380604
1687735578,387251
1687735578,389358
1687735578,391664
1687735578,405349
1687735578,416685
1687735578,425258
1687735578,429022
1687735578,439803
1687735578,462656
1687735578,465903
1687735578,487071
1687735578,498925
1687735578,503657
1687735578,526980
1687735578,531536
1687735578,531820
1687735578,536824
1687735578,568580
1687735578,579005
1687735578,585265
1687735578,588813
1687735578,600034
1687735578,607545
1687735578,618470
1687735578,626954
1687735578,628273
1687735578,631212
1687735578,662509
1687735578,662518
1687735578,667676
1687735578,670252
1687735578,674359
1687735578,675232
1687735578,675983
1687735578,681153
1687735578,681192
1687735578,686827
1687735578,689958
1687735578,691958
1687735579,353309
1687735579,362501
1687735579,367226
1687735579,367745
1687735579,371799
1687735579,371868
1687735579,372638
1687735579,377943
1687735579,381905
1687735579,384646
1687735579,389751
1687735579,394895
1687735579,396861
1687735579,398413
1687735579,405973
1687735579,408348
1687735579,411498
1687735579,416788
1687735579,421393
1687735579,429938
1687735579,432018
1687735579,440550
1687735579,455471
1687735579,464110
1687735579,468490
1687735579,477596
1687735579,479116
1687735579,494367
1687735579,504647
1687735579,505661
1687735579,509289
1687735579,514566
1687735579,520587
1687735579,523760
1687735579,524473
1687735579,527427
1687735579,543302
1687735579,544706
1687735579,559133
1687735579,560273
1687735579,569964
1687735579,579554
1687735579,598741
1687735579,602489
1687735579,608007
1687735579,609370
1687735579,609648
1687735579,622392
1687735579,627022
1687735579,631363
1687735579,647118
1687735579,653222
1687735579,658189
1687735579,661656
1687735579,661876
1687735579,673586
1687735579,675173
1687735579,678177
1687735579,683443
1687735579,690841
1687735579,692605
1687735579,698360
1687735580,356744
1687735580,357589
1687735580,362094
1687735580,363175
1687735580,363794
1687735580,372187
1687735580,373294
1687735580,375621
1687735580,379235
1687735580,381105
1687735580,381418
1687735580,382181
1687735580,385587
1687735580,394921
1687735580,402739
1687735580,413857
1687735580,414443
1687735580,417327
1687735580,425498
1687735580,444603
1687735580,456736
1687735580,457841
1687735580,479392
1687735580,485950
1687735580,498513
1687735580,501763
1687735580,519879
1687735580,525460
1687735580,541736
1687735580,559297
1687735580,560883
1687735580,564997
1687735580,586050
1687735580,588007
1687735580,603180
1687735580,606092
1687735580,613682
1687735580,624245
1687735580,627442
1687735580,631098
1687735580,637739
1687735580,640335
1687735580,648996
1687735580,651495
1687735580,655654
1687735580,655846
1687735580,659969
1687735580,667162
1687735580,669700
1687735580,674428
1687735580,676391
1687735580,683158
1687735580,684207
1687735580,689107
1687735580,694709
1687735580,695702
1687735580,702641
1687735581,358985
1687735581,360550
1687735581,366360
1687735581,366609
1687735581,367510
1687735581,369306
1687735581,369773
1687735581,371353
1687735581,372777
1687735581,393812
1687735581,394319
1687735581,397029
1687735581,406470
1687735581,407223
1687735581,410128
1687735581,416894
1687735581,428338
1687735581,443083
1687735581,445775
1687735581,453434
1687735581,453656
1687735581,479530
1687735581,482609
1687735581,489984
1687735581,491132
1687735581,496843
1687735581,503326
1687735581,508436
1687735581,518458
1687735581,518847
1687735581,529457
1687735581,544101
1687735581,550080
1687735581,555885
1687735581,587909
1687735581,588973
1687735581,589419
1687735581,602957
1687735581,610024
1687735581,610889
1687735581,621536
1687735581,622709
1687735581,639301
1687735581,643264
1687735581,647782
1687735581,669932
1687735581,670527
1687735581,678415
1687735581,678573
1687735581,684479
1687735581,688666
1687735581,691296
1687735581,695525
1687735582,353738
1687735582,362890
1687735582,369585
1687735582,369717
1687735582,371375
1687735582,376056
1687735582,379151
1687735582,381711
1687735582,386247
1687735582,391436
1687735582,394841
1687735582,413599
1687735582,417453
1687735582,422653
1687735582,435047
1687735582,438015
1687735582,446524
1687735582,452900
1687735582,476674
1687735582,481556
1687735582,483727
1687735582,493119
1687735582,508721
1687735582,519578
1687735582,528054
1687735582,539466
1687735582,540828
1687735582,543745
1687735582,548595
1687735582,562108
1687735582,580190
1687735582,583504
1687735582,583840
1687735582,587607
1687735582,596156
1687735582,625761
1687735582,630873
1687735582,633106
1687735582,645915
1687735582,646503
1687735582,647198
1687735582,651045
1687735582,652826
1687735582,658248
1687735582,665566
1687735582,667897
1687735582,669635
1687735582,680186
1687735582,681352
1687735582,686066
1687735582,689355
1687735582,689877
1687735582,693885
1687735582,696592
1687735582,696959
1687735583,356441
1687735583,359149
1687735583,360674
1687735583,362590
1687735583,364311
1687735583,368597
1687735583,377475
1687735583,377843
1687735583,381257
1687735583,385184
1687735583,385855
1687735583,407002
1687735583,418591
1687735583,425977
1687735583,430239
1687735583,435186
1687735583,440830
1687735583,450570
1687735583,460059
1687735583,465096
1687735583,472159
1687735583,480250
1687735583,495140
1687735583,532174
1687735583,533522
1687735583,551390
1687735583,560130
1687735583,567667
1687735583,579663
1687735583,580637
1687735583,600642
1687735583,613718
1687735583,614291
1687735583,620534
1687735583,621128
1687735583,624849
1687735583,635363
1687735583,635458
1687735583,656875
1687735583,659358
1687735583,665808
1687735583,672452
1687735583,678160
1687735583,680676
1687735583,682554
1687735583,684165
1687735583,685927
1687735583,689552
1687735583,695827
1687735584,347076
1687735584,360559
1687735584,362039
1687735584,370976
1687735584,371432
1687735584,376639
1687735584,381587
1687735584,386400
1687735584,391223
1687735584,393008
1687735584,402425
1687735584,404485
1687735584,405680
1687735584,405977
1687735584,409549
1687735584,430395
1687735584,433754
1687735584,435598
1687735584,441141
1687735584,455083
1687735584,455655
1687735584,461249
1687735584,467200
1687735584,497465
1687735584,497677
1687735584,503016
1687735584,508299
1687735584,514578
1687735584,535605
1687735584,537456
1687735584,548723
1687735584,557970
1687735584,564908
1687735584,570157
1687735584,571946
1687735584,576672
1687735584,598268
1687735584,600092
1687735584,606209
1687735584,607077
1687735584,610528
1687735584,628693
1687735584,640541
1687735584,647449
1687735584,649336
1687735584,663447
1687735584,665234
1687735584,667113
1687735584,670288
1687735584,671598
1687735584,674142
1687735584,675564
1687735584,676478
1687735584,677657
1687735584,679839
1687735584,680676
1687735584,687467
1687735584,691293
1687735585,358234
1687735585,362955
1687735585,362968
1687735585,368390
1687735585,370051
1687735585,370669
1687735585,372784
1687735585,375770
1687735585,396682
1687735585,398503
1687735585,399014
1687735585,399610
1687735585,409084
1687735585,432444
1687735585,435999
1687735585,444487
1687735585,460576
1687735585,469859
1687735585,472031
1687735585,497715
1687735585,499733
1687735585,507158
1687735585,513805
1687735585,526997
1687735585,536593
1687735585,545421
1687735585,554772
1687735585,557951
1687735585,576632
1687735585,592734
1687735585,597736
1687735585,598958
1687735585,633550
1687735585,635643
1687735585,636817
1687735585,642752
1687735585,657637
1687735585,659308
1687735585,668891
1687735585,676825
1687735585,678503
1687735585,684673
1687735585,684905
1687735585,686282
1687735585,691108
1687735585,696806
1687735586,346395
1687735586,364343
1687735586,370106
1687735586,373274
1687735586,374175
1687735586,378474
1687735586,384872
1687735586,386455
1687735586,393677
1687735586,402556
1687735586,404964
1687735586,414357
1687735586,421847
1687735586,424282
1687735586,425238
1687735586,427743
1687735586,430667
1687735586,455289
1687735586,461899
1687735586,472047
1687735586,483065
1687735586,486356
1687735586,490294
1687735586,491211
1687735586,495168
1687735586,512304
1687735586,512504
1687735586,523515
1687735586,524292
1687735586,530350
1687735586,533902
1687735586,558070
1687735586,564818
1687735586,575022
1687735586,585899
1687735586,591083
1687735586,596702
1687735586,599684
1687735586,606499
1687735586,612108
1687735586,629603
1687735586,629874
1687735586,636970
1687735586,663738
1687735586,663848
1687735586,670695
1687735586,674067
1687735586,681350
1687735586,681577
1687735586,683473
1687735586,686895
1687735586,687435
1687735586,688057
1687735587,357931
1687735587,363209
1687735587,365969
1687735587,371640
1687735587,376250
1687735587,379205
1687735587,382690
1687735587,383891
1687735587,391030
1687735587,392574
1687735587,399802
1687735587,405475
1687735587,411716
1687735587,418094
1687735587,469306
1687735587,473014
1687735587,484367
1687735587,510476
1687735587,521155
1687735587,531151
1687735587,548470
1687735587,555282
1687735587,573698
1687735587,574234
1687735587,583166
1687735587,594929
1687735587,613534
1687735587,613740
1687735587,625038
1687735587,626968
1687735587,657991
1687735587,659647
1687735587,662136
1687735587,673350
1687735587,680766
1687735587,681002
1687735587,681761
1687735587,685308
1687735587,685413
1687735587,691258
1687735588,355958
1687735588,359076
1687735588,368452
1687735588,370617
1687735588,376890
1687735588,391178
1687735588,397348
1687735588,399697
1687735588,417046
1687735588,421526
1687735588,421837
1687735588,445475
1687735588,446489
1687735588,459198
1687735588,480876
1687735588,487248
1687735588,509056
1687735588,510663
1687735588,519977
1687735588,523695
1687735588,549529
1687735588,569117
1687735588,590617
1687735588,596027
1687735588,612983
1687735588,621709
1687735588,623437
1687735588,623736
1687735588,645245
1687735588,648805
1687735588,651274
1687735588,655977
1687735588,667389
1687735588,673465
1687735588,676856
1687735588,677894
1687735588,684658
1687735588,686431
1687735588,689793
1687735588,691582
1687735588,694354
1687735588,695658
1687735589,350532
1687735589,362837
1687735589,363215
1687735589,366108
1687735589,367618
1687735589,371231
1687735589,371883
1687735589,377852
1687735589,385638
1687735589,395569
1687735589,396324
1687735589,407322
1687735589,408272
1687735589,423151
1687735589,438411
1687735589,445012
1687735589,449612
1687735589,461727
1687735589,473406
1687735589,484264
1687735589,487008
1687735589,488440
1687735589,497891
1687735589,502584
1687735589,506446
1687735589,510829
1687735589,548053
1687735589,549073
1687735589,562143
1687735589,577723
1687735589,590879
1687735589,599131
1687735589,608569
1687735589,608609
1687735589,623586
1687735589,625294
1687735589,637268
1687735589,641532
1687735589,643960
1687735589,647343
1687735589,647380
1687735589,672701
1687735589,674682
1687735589,689410
1687735589,689906
1687735589,699296
1687735590,357051
1687735590,365000
1687735590,366239
1687735590,367194
1687735590,367753
1687735590,371025
1687735590,378664
1687735590,385237
1687735590,390081
1687735590,397085
1687735590,407989
1687735590,414169
1687735590,433224
1687735590,434618
1687735590,453422
1687735590,463864
1687735590,465724
1687735590,486040
1687735590,511699
1687735590,522879
1687735590,534548
1687735590,542395
1687735590,545856
1687735590,569094
1687735590,573320
1687735590,586887
1687735590,618603
1687735590,624463
1687735590,634004
1687735590,641079
1687735590,645423
1687735590,651382
1687735590,660978
1687735590,665760
1687735590,669686
1687735590,671002
1687735590,679719
1687735590,682681
1687735590,692460
1687735590,696520
1687735591,349144
1687735591,363082
1687735591,369798
1687735591,372490
1687735591,372598
1687735591,375900
1687735591,378278
1687735591,381515
1687735591,402751
1687735591,406719
1687735591,415800
1687735591,423435
1687735591,426054
1687735591,428803
1687735591,435964
1687735591,442426
1687735591,463577
1687735591,466908
1687735591,474177
1687735591,496984
1687735591,520618
1687735591,525796
1687735591,527044
1687735591,536740
1687735591,566323
1687735591,572030
1687735591,576164
1687735591,602897
1687735591,604548
1687735591,623980
1687735591,629415
1687735591,631305
1687735591,659686
1687735591,659979
1687735591,668106
1687735591,676883
1687735591,678370
1687735591,679246
1687735591,680036
1687735591,685672
1687735591,687030
1687735591,690196
1687735591,693055
1687735591,697052
1687735592,350661
1687735592,361320
1687735592,362401
1687735592,362667
1687735592,368511
1687735592,373713
1687735592,378840
1687735592,384133
1687735592,384714
1687735592,402838
1687735592,403840
1687735592,409654
1687735592,434843
1687735592,443419
1687735592,457236
1687735592,457782
1687735592,469959
1687735592,491613
1687735592,501521
1687735592,518966
1687735592,536159
1687735592,542763
1687735592,558294
1687735592,561043
1687735592,563314
1687735592,565916
1687735592,567964
1687735592,568414
1687735592,589947
1687735592,595326
1687735592,596403
1687735592,611515
1687735592,615968
1687735592,638467
1687735592,648492
1687735592,651180
1687735592,651521
1687735592,659152
1687735592,663572
1687735592,666312
1687735592,668858
1687735592,676879
1687735592,678796
1687735592,679893
1687735592,684675
1687735592,688248
1687735592,690430
1687735592,690551
1687735593,365070
1687735593,365225
1687735593,367971
1687735593,368553
1687735593,369002
1687735593,373084
1687735593,375139
1687735593,375165
1687735593,380381
1687735593,397073
1687735593,404677
1687735593,412884
1687735593,417648
1687735593,428542
1687735593,438082
1687735593,446910
1687735593,451270
1687735593,501361
1687735593,513836
1687735593,517257
1687735593,523778
1687735593,540057
1687735593,541865
1687735593,549628
1687735593,552975
1687735593,593696
1687735593,602939
1687735593,613520
1687735593,619531
1687735593,627152
1687735593,637842
1687735593,638156
1687735593,642193
1687735593,672324
1687735593,677686
1687735593,680350
1687735593,683153
1687735593,683967
1687735593,684706
1687735593,695550
1687735594,354849
1687735594,356810
1687735594,363350
1687735594,368549
1687735594,372503
1687735594,372563
1687735594,374759
1687735594,387911
1687735594,388204
1687735594,391594
1687735594,392057
1687735594,392858
1687735594,398149
1687735594,402735
1687735594,420022
1687735594,421891
1687735594,425924
1687735594,433025
1687735594,446964
1687735594,450537
1687735594,452552
1687735594,477416
1687735594,477640
1687735594,490393
1687735594,490731
1687735594,492344
1687735594,492605
1687735594,514100
1687735594,537601
1687735594,555871
1687735594,558127
1687735594,577025
1687735594,579704
1687735594,584858
1687735594,586544
1687735594,588690
1687735594,590845
1687735594,594799
1687735594,616565
1687735594,629689
1687735594,635911
1687735594,654717
1687735594,655026
1687735594,656779
1687735594,657612
1687735594,664644
1687735594,672129
1687735594,674288
1687735594,678781
1687735594,679149
1687735594,684344
1687735594,687137
1687735594,691237
1687735594,691281
1687735595,365743
1687735595,366251
1687735595,371172
1687735595,371231
1687735595,374085
1687735595,382497
1687735595,383581
1687735595,386259
1687735595,392012
1687735595,408820
1687735595,421337
1687735595,425048
1687735595,438092
1687735595,439753
1687735595,463471
1687735595,465426
1687735595,471338
1687735595,477561
1687735595,478133
1687735595,486942
1687735595,492966
1687735595,516612
1687735595,516953
1687735595,525666
1687735595,526370
1687735595,535182
1687735595,545875
1687735595,578329
1687735595,579078
1687735595,612571
1687735595,617408
1687735595,617609
1687735595,622442
1687735595,622614
1687735595,637124
1687735595,650345
1687735595,653494
1687735595,660445
1687735595,661625
1687735595,670587
1687735595,672742
1687735595,682991
1687735595,685743
1687735595,690506
1687735595,691565
1687735595,693093
1687735595,694290
1687735596,350792
1687735596,364409
1687735596,367146
1687735596,371516
1687735596,373365
1687735596,373641
1687735596,374287
1687735596,374556
1687735596,378134
1687735596,388254
1687735596,397427
1687735596,400969
1687735596,409652
1687735596,416728
1687735596,440268
1687735596,466088
1687735596,477905
1687735596,493000
1687735596,503164
1687735596,507164
1687735596,512236
1687735596,513171
1687735596,516545
1687735596,532950
1687735596,540176
1687735596,552048
1687735596,552519
1687735596,565237
1687735596,582822
1687735596,596953
1687735596,597643
1687735596,601676
1687735596,612939
1687735596,617319
1687735596,617589
1687735596,642564
1687735596,643991
1687735596,644499
1687735596,659721
1687735596,669693
1687735596,670583
1687735596,672389
1687735596,674661
1687735596,678553
1687735596,680165
1687735596,680593
1687735596,682539
1687735596,683869
1687735596,689720
1687735596,691265
1687735597,360517
1687735597,363932
1687735597,369278
1687735597,374972
1687735597,376895
1687735597,378423
1687735597,384115
1687735597,386122
1687735597,386472
1687735597,396362
1687735597,396926
1687735597,404785
1687735597,406096
1687735597,410858
1687735597,416062
1687735597,435358
1687735597,442928
1687735597,442957
1687735597,447721
1687735597,452256
1687735597,460078
1687735597,464219
1687735597,469183
1687735597,475112
1687735597,498908
1687735597,499516
1687735597,503800
1687735597,526697
1687735597,528944
1687735597,534770
1687735597,534916
1687735597,535627
1687735597,540523
1687735597,553827
1687735597,558189
1687735597,559711
1687735597,570480
1687735597,571498
1687735597,574400
1687735597,596329
1687735597,603772
1687735597,605611
1687735597,612734
1687735597,635968
1687735597,640098
1687735597,644207
1687735597,646868
1687735597,648627
1687735597,661321
1687735597,663672
1687735597,663767
1687735597,674548
1687735597,682427
1687735597,682540
1687735597,690295
1687735597,690415
1687735597,699718
1687735598,358836
1687735598,360364
1687735598,365190
1687735598,367231
1687735598,369442
1687735598,372117
1687735598,374005
1687735598,377135
1687735598,377687
1687735598,379845
1687735598,386086
1687735598,390701
1687735598,392478
1687735598,403932
1687735598,418599
1687735598,427183
1687735598,427214
1687735598,427305
1687735598,441961
1687735598,460756
1687735598,467882
1687735598,489172
1687735598,501792
1687735598,511386
1687735598,529516
1687735598,529957
1687735598,546883
1687735598,570866
1687735598,577013
1687735598,583289
1687735598,590759
1687735598,607853
1687735598,611411
1687735598,619895
1687735598,628377
1687735598,629419
1687735598,630011
1687735598,661323
1687735598,663294
1687735598,671301
1687735598,675179
1687735598,675876
1687735598,680721
1687735598,682232
1687735598,686733
1687735598,690450
1687735599,352734
1687735599,357021
1687735599,367109
1687735599,368320
1687735599,371915
1687735599,372211
1687735599,379184
1687735599,382678
1687735599,383059
1687735599,385991
1687735599,388429
1687735599,393579
1687735599,397181
1687735599,406969
1687735599,407503
1687735599,413195
1687735599,415565
1687735599,418471
1687735599,419604
1687735599,420236
1687735599,428192
1687735599,430349
1687735599,452797
1687735599,453383
1687735599,462236
1687735599,470456
1687735599,475381
1687735599,481200
1687735599,492257
1687735599,503396
1687735599,516599
1687735599,521807
1687735599,529352
1687735599,545475
1687735599,556953
1687735599,557227
1687735599,558101
1687735599,572246
1687735599,581441
1687735599,596901
1687735599,600395
1687735599,610936
1687735599,613949
1687735599,625168
1687735599,632906
1687735599,634615
1687735599,654062
1687735599,659656
1687735599,659872
1687735599,660004
1687735599,674118
1687735599,678758
1687735599,684052
1687735599,690388
1687735599,698130
1687735600,357156
1687735600,361761
1687735600,362352
1687735600,363527
1687735600,373305
1687735600,374958
1687735600,380492
1687735600,380760
1687735600,380996
1687735600,381726
1687735600,384690
1687735600,393638
1687735600,398412
1687735600,404451
1687735600,415685
1687735600,415758
1687735600,423444
1687735600,446473
1687735600,449007
1687735600,454236
1687735600,460133
1687735600,481612
1687735600,483827
1687735600,499588
1687735600,500602
1687735600,505427
1687735600,506611
1687735600,518473
1687735600,522045
1687735600,523591
1687735600,543911
1687735600,558788
1687735600,567104
1687735600,585864
1687735600,588129
1687735600,604163
1687735600,604631
1687735600,609947
1687735600,615205
1687735600,622158
1687735600,624052
1687735600,625296
1687735600,629048
1687735600,638970
1687735600,641914
1687735600,650180
1687735600,650410
1687735600,654549
1687735600,656857
1687735600,661279
1687735600,668115
1687735600,670645
1687735600,673972
1687735600,675539
1687735600,681441
1687735600,684044
1687735600,684258
1687735600,688902
1687735600,694187
1687735600,695095
1687735600,702919
1687735601,358929
1687735601,360743
1687735601,367329
1687735601,367455
1687735601,367470
1687735601,369594
1687735601,370564
1687735601,371823
1687735601,371993
1687735601,394936
1687735601,394962
1687735601,395571
1687735601,395728
1687735601,404860
1687735601,405201
1687735601,408732
1687735601,418570
1687735601,426532
1687735601,444057
1687735601,445338
1687735601,455643
1687735601,457613
1687735601,477352
1687735601,484495
1687735601,488168
1687735601,493110
1687735601,506157
1687735601,516813
1687735601,520578
1687735601,527533
1687735601,546087
1687735601,548046
1687735601,557958
1687735601,585784
1687735601,587583
1687735601,591170
1687735601,592416
1687735601,604601
1687735601,608185
1687735601,608825
1687735601,620750
1687735601,623288
1687735601,640780
1687735601,644579
1687735601,644768
1687735601,646022
1687735601,671224
1687735601,671244
1687735601,675486
1687735601,677218
1687735601,677811
1687735601,680776
1687735601,683983
1687735601,688999
1687735601,690621
1687735601,695855
1687735602,354641
1687735602,363143
1687735602,369225
1687735602,369786
1687735602,371019
1687735602,375095
1687735602,378259
1687735602,383263
1687735602,385083
1687735602,389899
1687735602,390297
1687735602,396511
1687735602,412123
1687735602,424422
1687735602,436231
1687735602,437032
1687735602,444530
1687735602,455150
1687735602,471803
1687735602,474915
1687735602,481549
1687735602,483614
1687735602,495241
1687735602,506846
1687735602,511688
1687735602,521463
1687735602,525883
1687735602,538779
1687735602,541634
1687735602,546606
1687735602,564072
1687735602,581474
1687735602,582387
1687735602,585460
1687735602,585730
1687735602,597696
1687735602,611557
1687735602,623767
1687735602,632279
1687735602,644963
1687735602,647263
1687735602,649229
1687735602,651063
1687735602,659397
1687735602,666222
1687735602,666574
1687735602,666877
1687735602,668207
1687735602,680934
1687735602,687508
1687735602,688785
1687735602,690504
1687735602,694364
1687735602,696398
1687735602,696963
1687735603,356592
1687735603,359458
1687735603,360959
1687735603,362072
1687735603,363698
1687735603,368082
1687735603,372959
1687735603,377657
1687735603,378680
1687735603,381978
1687735603,384738
1687735603,407704
1687735603,420600
1687735603,424165
1687735603,432283
1687735603,433441
1687735603,451346
1687735603,459246
1687735603,462079
1687735603,467046
1687735603,469959
1687735603,482355
1687735603,497011
1687735603,501035
1687735603,530279
1687735603,535484
1687735603,545200
1687735603,549404
1687735603,550621
1687735603,552728
1687735603,562489
1687735603,569770
1687735603,571749
1687735603,577580
1687735603,582570
1687735603,602638
1687735603,622338
1687735603,622871
1687735603,626517
1687735603,633281
1687735603,633398
1687735603,658492
1687735603,660644
1687735603,664601
1687735603,671040
1687735603,678702
1687735603,681480
1687735603,683144
1687735603,684984
1687735603,685566
1687735603,689562
1687735603,695789
1687735604,347221
1687735604,360304
1687735604,361879
1687735604,370778
1687735604,371651
1687735604,377245
1687735604,380220
1687735604,385093
1687735604,392396
1687735604,398681
1687735604,401342
1687735604,404389
1687735604,405915
1687735604,406855
1687735604,407880
1687735604,411335
1687735604,431880
1687735604,432142
1687735604,433960
1687735604,457783
1687735604,465330
1687735604,495594
1687735604,499493
1687735604,506335
1687735604,516519
1687735604,533522
1687735604,539576
1687735604,546544
1687735604,560110
1687735604,562775
1687735604,568053
1687735604,569820
1687735604,574664
1687735604,600157
1687735604,604803
1687735604,607881
1687735604,608840
1687735604,630211
1687735604,641571
1687735604,645899
1687735604,650811
1687735604,653926
1687735604,657450
1687735604,662208
1687735604,665499
1687735604,668638
1687735604,673013
1687735604,674938
1687735604,675488
1687735604,676800
1687735604,679718
1687735604,679906
1687735604,685355
1687735604,688193
1687735604,691259
1687735605,357755
1687735605,361826
1687735605,370646
1687735605,371327
1687735605,371594
1687735605,375971
1687735605,398279
1687735605,399532
1687735605,400658
1687735605,411005
1687735605,434299
1687735605,437923
1687735605,446795
1687735605,458233
1687735605,469841
1687735605,471969
1687735605,497649
1687735605,499747
1687735605,504719
1687735605,509203
1687735605,524833
1687735605,538600
1687735605,547687
1687735605,559969
1687735605,578877
1687735605,590652
1687735605,596864
1687735605,598073
1687735605,599716
1687735605,632000
1687735605,635043
1687735605,637100
1687735605,637413
1687735605,638800
1687735605,644114
1687735605,658837
1687735605,669829
1687735605,675368
1687735605,677614
1687735605,678112
1687735605,684382
1687735605,691068
1687735605,697239
1687735605,698523
1687735606,345673
1687735606,364974
1687735606,367881
1687735606,368507
1687735606,369741
1687735606,373816
1687735606,377452
1687735606,383912
1687735606,386263
1687735606,387608
1687735606,395205
1687735606,398440
1687735606,398564
1687735606,401288
1687735606,403604
1687735606,416131
1687735606,420089
1687735606,422556
1687735606,425739
1687735606,432936
1687735606,442818
1687735606,453279
1687735606,459544
1687735606,474013
1687735606,480959
1687735606,482232
1687735606,484259
1687735606,489296
1687735606,492494
1687735606,492805
1687735606,514335
1687735606,514619
1687735606,521577
1687735606,522122
1687735606,528228
1687735606,535839
1687735606,556092
1687735606,562696
1687735606,577217
1687735606,587906
1687735606,593051
1687735606,594620
1687735606,597518
1687735606,613499
1687735606,625009
1687735606,627674
1687735606,631310
1687735606,637959
1687735606,662834
1687735606,664658
1687735606,671667
1687735606,673114
1687735606,680245
1687735606,682857
1687735606,683498
1687735606,685818
1687735606,687588
1687735606,688033
1687735606,688902
1687735607,358861
1687735607,363283
1687735607,365375
1687735607,372172
1687735607,377341
1687735607,380030
1687735607,381475
1687735607,385416
1687735607,391124
1687735607,392193
1687735607,413206
1687735607,418357
1687735607,420255
1687735607,445105
1687735607,467172
1687735607,475149
1687735607,486456
1687735607,493439
1687735607,512398
1687735607,522985
1687735607,533178
1687735607,549746
1687735607,553070
1687735607,576320
1687735607,581270
1687735607,596785
1687735607,614652
1687735607,615382
1687735607,622890
1687735607,623258
1687735607,628521
1687735607,643005
1687735607,650172
1687735607,653122
1687735607,657016
1687735607,658945
1687735607,660768
1687735607,663348
1687735607,672389
1687735607,675401
1687735607,680958
1687735607,681233
1687735607,684678
1687735607,686107
1687735607,691432
1687735608,355005
1687735608,359008
1687735608,369772
1687735608,370100
1687735608,370354
1687735608,370979
1687735608,371956
1687735608,375752
1687735608,376737
1687735608,377670
1687735608,389994
1687735608,398069
1687735608,398610
1687735608,407245
1687735608,415644
1687735608,420089
1687735608,420205
1687735608,443402
1687735608,448338
1687735608,448482
1687735608,461237
1687735608,465595
1687735608,478717
1687735608,484678
1687735608,489344
1687735608,510949
1687735608,518059
1687735608,521658
1687735608,522620
1687735608,546323
1687735608,551780
1687735608,554644
1687735608,571175
1687735608,594022
1687735608,621529
1687735608,621705
1687735608,623256
1687735608,646769
1687735608,647059
1687735608,647706
1687735608,652579
1687735608,668671
1687735608,670677
1687735608,672810
1687735608,673594
1687735608,677811
1687735608,678048
1687735608,678416
1687735608,684048
1687735608,686550
1687735608,686815
1687735608,691478
1687735608,693726
1687735608,694734
1687735609,350479
1687735609,362815
1687735609,363170
1687735609,365411
1687735609,368184
1687735609,378305
1687735609,384311
1687735609,396779
1687735609,399194
1687735609,405777
1687735609,424471
1687735609,440616
1687735609,442592
1687735609,443019
1687735609,444736
1687735609,451627
1687735609,463906
1687735609,471143
1687735609,489118
1687735609,490318
1687735609,499868
1687735609,504519
1687735609,508651
1687735609,525959
1687735609,542955
1687735609,545855
1687735609,551082
1687735609,564217
1687735609,575549
1687735609,592015
1687735609,592994
1687735609,600792
1687735609,606672
1687735609,610363
1687735609,621388
1687735609,635141
1687735609,643039
1687735609,643676
1687735609,645164
1687735609,645322
1687735609,645660
1687735609,665296
1687735609,670733
1687735609,679560
1687735609,680597
1687735609,684188
1687735609,689868
1687735609,690277
1687735609,698965
1687735610,358031
1687735610,362579
1687735610,364638
1687735610,366577
1687735610,368060
1687735610,368459
1687735610,372090
1687735610,377191
1687735610,378208
1687735610,384060
1687735610,385200
1687735610,389734
1687735610,391268
1687735610,401265
1687735610,406334
1687735610,412443
1687735610,424773
1687735610,433010
1687735610,435329
1687735610,457231
1687735610,463461
1687735610,465932
1687735610,469132
1687735610,472100
1687735610,488114
1687735610,497727
1687735610,509365
1687735610,525000
1687735610,532634
1687735610,541554
1687735610,544045
1687735610,544567
1687735610,571114
1687735610,571298
1687735610,579851
1687735610,588965
1687735610,616628
1687735610,626440
1687735610,635518
1687735610,639387
1687735610,652633
1687735610,661755
1687735610,664450
1687735610,664584
1687735610,668557
1687735610,672031
1687735610,679553
1687735610,683118
1687735610,692058
1687735610,696473
1687735611,348402
1687735611,363469
1687735611,366650
1687735611,369566
1687735611,372239
1687735611,376936
1687735611,377202
1687735611,382468
1687735611,401278
1687735611,405062
1687735611,417625
1687735611,424211
1687735611,425562
1687735611,426986
1687735611,438065
1687735611,440516
1687735611,464787
1687735611,465658
1687735611,476133
1687735611,494657
1687735611,525058
1687735611,527866
1687735611,538748
1687735611,565951
1687735611,568495
1687735611,570009
1687735611,578181
1687735611,602559
1687735611,605920
1687735611,615913
1687735611,625715
1687735611,629638
1687735611,630742
1687735611,636116
1687735611,657855
1687735611,661590
1687735611,666732
1687735611,675788
1687735611,676284
1687735611,677547
1687735611,678580
1687735611,680627
1687735611,684805
1687735611,687761
1687735611,690003
1687735611,693401
1687735611,697391
1687735612,351085
1687735612,360107
1687735612,362430
1687735612,362656
1687735612,368375
1687735612,374676
1687735612,379930
1687735612,383437
1687735612,383888
1687735612,385618
1687735612,404553
1687735612,405590
1687735612,411608
1687735612,433182
1687735612,445238
1687735612,451401
1687735612,455312
1687735612,459935
1687735612,465026
1687735612,467854
1687735612,499478
1687735612,500979
1687735612,520994
1687735612,521607
1687735612,534115
1687735612,544951
1687735612,556164
1687735612,558803
1687735612,565246
1687735612,566068
1687735612,568124
1687735612,593360
1687735612,594383
1687735612,602159
1687735612,604666
1687735612,609478
1687735612,617425
1687735612,636607
1687735612,649860
1687735612,652425
1687735612,652909
1687735612,657604
1687735612,664927
1687735612,677710
1687735612,677939
1687735612,678506
1687735612,684500
1687735612,686520
1687735612,688535
1687735612,690019
1687735612,690164
1687735613,364800
1687735613,365344
1687735613,368781
1687735613,369060
1687735613,369484
1687735613,372872
1687735613,372933
1687735613,374285
1687735613,375222
1687735613,393586
1687735613,398350
1687735613,403447
1687735613,413673
1687735613,414886
1687735613,415953
1687735613,426460
1687735613,440100
1687735613,444985
1687735613,449264
1687735613,451159
1687735613,503216
1687735613,515923
1687735613,519403
1687735613,542170
1687735613,543998
1687735613,551010
1687735613,551755
1687735613,591507
1687735613,604733
1687735613,615138
1687735613,617354
1687735613,624994
1687735613,638939
1687735613,639960
1687735613,648478
1687735613,669440
1687735613,673089
1687735613,679080
1687735613,679294
1687735613,684285
1687735613,685145
1687735613,695825
1687735614,355624
1687735614,355896
1687735614,363023
1687735614,368802
1687735614,371187
1687735614,371798
1687735614,374812
1687735614,379271
1687735614,386834
1687735614,389016
1687735614,391728
1687735614,396911
1687735614,418505
1687735614,423746
1687735614,427843
1687735614,435148
1687735614,446480
1687735614,452692
1687735614,455361
1687735614,475615
1687735614,479271
1687735614,488428
1687735614,490150
1687735614,492836
1687735614,494549
1687735614,508600
1687735614,512072
1687735614,539666
1687735614,553898
1687735614,560080
1687735614,581906
1687735614,582846
1687735614,584427
1687735614,590394
1687735614,592654
1687735614,592727
1687735614,618071
1687735614,631156
1687735614,637339
1687735614,643390
1687735614,655461
1687735614,655722
1687735614,656135
1687735614,661539
1687735614,666026
1687735614,673322
1687735614,677884
1687735614,678101
1687735614,682605
1687735614,685265
1687735614,687679
1687735614,691039
1687735614,691837
1687735615,365831
1687735615,366629
1687735615,366705
1687735615,370906
1687735615,370995
1687735615,373256
1687735615,374498
1687735615,382363
1687735615,383794
1687735615,387116
1687735615,390410
1687735615,393438
1687735615,410746
1687735615,419452
1687735615,427163
1687735615,437999
1687735615,445098
1687735615,467518
1687735615,468779
1687735615,476229
1687735615,479564
1687735615,495045
1687735615,518546
1687735615,518915
1687735615,524510
1687735615,527643
1687735615,533325
1687735615,543778
1687735615,550743
1687735615,576314
1687735615,581098
1687735615,610500
1687735615,615430
1687735615,619346
1687735615,620602
1687735615,624029
1687735615,635101
1687735615,648309
1687735615,648617
1687735615,654819
1687735615,662689
1687735615,669137
1687735615,673470
1687735615,682687
1687735615,686374
1687735615,691397
1687735615,691497
1687735615,693316
1687735615,693520
1687735616,350781
1687735616,364627
1687735616,371685
1687735616,372798
1687735616,374303
1687735616,375724
1687735616,386912
1687735616,402190
1687735616,408427
1687735616,415108
1687735616,417696
1687735616,438758
1687735616,454177
1687735616,468130
1687735616,476009
1687735616,494957
1687735616,501140
1687735616,504836
1687735616,511054
1687735616,514118
1687735616,514183
1687735616,535168
1687735616,538151
1687735616,548668
1687735616,554176
1687735616,554591
1687735616,567235
1687735616,580555
1687735616,598885
1687735616,599378
1687735616,603316
1687735616,614458
1687735616,615239
1687735616,619364
1687735616,640618
1687735616,642906
1687735616,645013
1687735616,657955
1687735616,671482
1687735616,671973
1687735616,678986
1687735616,682425
1687735616,682926
1687735616,689759
1687735616,690437
1687735617,360152
1687735617,363799
1687735617,374041
1687735617,377095
1687735617,379026
1687735617,385596
1687735617,386577
1687735617,395005
1687735617,398365
1687735617,404295
1687735617,406523
1687735617,409423
1687735617,433647
1687735617,444742
1687735617,445806
1687735617,455058
1687735617,458158
1687735617,462246
1687735617,471134
1687735617,472886
1687735617,497338
1687735617,505898
1687735617,506859
1687735617,533732
1687735617,542507
1687735617,555955
1687735617,557540
1687735617,568471
1687735617,573385
1687735617,576615
1687735617,598129
1687735617,601619
1687735617,633911
1687735617,638060
1687735617,645719
1687735617,649742
1687735617,655221
1687735617,659789
1687735617,662805
1687735617,664309
1687735617,675664
1687735617,680247
1687735617,682726
1687735617,690689
1687735617,699154
1687735618,359759
1687735618,360398
1687735618,366067
1687735618,367384
1687735618,368661
1687735618,369966
1687735618,374246
1687735618,376618
1687735618,377358
1687735618,379117
1687735618,384915
1687735618,392083
1687735618,392276
1687735618,393324
1687735618,402588
1687735618,420572
1687735618,425491
1687735618,428741
1687735618,429133
1687735618,429363
1687735618,444137
1687735618,458920
1687735618,469869
1687735618,491253
1687735618,499932
1687735618,527531
1687735618,528107
1687735618,528893
1687735618,530917
1687735618,532648
1687735618,533030
1687735618,573203
1687735618,575015
1687735618,581347
1687735618,592658
1687735618,603669
1687735618,609197
1687735618,621334
1687735618,627674
1687735618,629756
1687735618,631738
1687735618,636926
1687735618,660090
1687735618,664069
1687735618,672260
1687735618,672347
1687735618,674326
1687735618,676517
1687735618,676588
1687735618,683234
1687735618,686646
1687735618,697729
1687735619,352206
1687735619,357361
1687735619,367008
1687735619,368884
1687735619,372001
1687735619,372548
1687735619,380410
1687735619,382415
1687735619,384156
1687735619,387139
1687735619,387361
1687735619,388593
1687735619,395920
1687735619,405577
1687735619,409054
1687735619,417809
1687735619,420220
1687735619,426440
1687735619,445086
1687735619,451338
1687735619,460336
1687735619,472405
1687735619,473188
1687735619,483307
1687735619,489535
1687735619,490115
1687735619,501119
1687735619,518635
1687735619,519827
1687735619,531281
1687735619,549036
1687735619,554821
1687735619,555982
1687735619,574483
1687735619,575494
1687735619,583357
1687735619,595066
1687735619,611982
1687735619,612466
1687735619,623298
1687735619,654905
1687735619,658055
1687735619,658072
1687735619,661128
1687735619,667194
1687735619,673038
1687735619,679341
1687735619,684668
1687735619,689891
1687735619,697879
1687735620,356821
1687735620,361490
1687735620,361566
1687735620,374331
1687735620,374475
1687735620,379803
1687735620,381808
1687735620,383831
1687735620,392419
1687735620,400019
1687735620,406210
1687735620,417552
1687735620,421472
1687735620,448319
1687735620,449380
1687735620,451738
1687735620,462447
1687735620,481702
1687735620,483868
1687735620,497406
1687735620,502691
1687735620,508558
1687735620,509606
1687735620,521722
1687735620,524185
1687735620,546128
1687735620,555144
1687735620,556693
1687735620,569224
1687735620,583704
1687735620,590164
1687735620,602199
1687735620,606055
1687735620,611835
1687735620,616723
1687735620,623212
1687735620,625717
1687735620,626985
1687735620,640186
1687735620,643493
1687735620,648872
1687735620,651762
1687735620,653191
1687735620,657998
1687735620,662569
1687735620,669059
1687735620,671536
1687735620,674605
1687735620,676396
1687735620,681155
1687735620,684273
1687735620,688614
1687735620,693621
1687735620,703073
1687735621,358921
1687735621,360994
1687735621,367224
1687735621,368358
1687735621,368644
1687735621,371212
1687735621,371821
1687735621,372397
1687735621,372645
1687735621,393544
1687735621,394480
1687735621,396744
1687735621,399824
1687735621,400700
1687735621,403229
1687735621,403254
1687735621,407362
1687735621,420324
1687735621,424750
1687735621,442352
1687735621,447583
1687735621,457635
1687735621,475167
1687735621,486351
1687735621,495099
1687735621,503927
1687735621,507543
1687735621,514793
1687735621,522717
1687735621,525604
1687735621,546045
1687735621,548072
1687735621,560035
1687735621,583638
1687735621,585735
1687735621,606253
1687735621,606328
1687735621,618780
1687735621,625039
1687735621,638471
1687735621,642245
1687735621,644197
1687735621,645853
1687735621,649269
1687735621,671924
1687735621,675941
1687735621,676999
1687735621,681319
1687735621,683452
1687735621,689313
1687735621,696164
1687735622,355648
1687735622,363451
1687735622,368761
1687735622,369980
1687735622,370612
1687735622,374203
1687735622,378971
1687735622,383971
1687735622,384871
1687735622,389198
1687735622,410674
1687735622,426233
1687735622,439055
1687735622,442896
1687735622,457391
1687735622,473109
1687735622,474374
1687735622,479328
1687735622,480186
1687735622,485631
1687735622,495514
1687735622,497373
1687735622,498870
1687735622,504970
1687735622,523661
1687735622,543782
1687735622,544677
1687735622,566032
1687735622,579114
1687735622,583322
1687735622,584574
1687735622,587946
1687735622,594162
1687735622,599263
1687735622,604566
1687735622,609368
1687735622,621771
1687735622,633707
1687735622,642966
1687735622,647381
1687735622,648612
1687735622,660483
1687735622,665803
1687735622,666745
1687735622,667566
1687735622,680479
1687735622,686045
1687735622,688209
1687735622,688862
1687735622,691110
1687735622,694784
1687735622,696147
1687735623,359843
1687735623,361314
1687735623,361647
1687735623,363117
1687735623,367598
1687735623,369718
1687735623,377451
1687735623,379902
1687735623,382740
1687735623,383645
1687735623,408397
1687735623,422348
1687735623,431738
1687735623,436326
1687735623,449229
1687735623,459440
1687735623,467760
1687735623,468975
1687735623,484426
1687735623,499009
1687735623,501527
1687735623,524635
1687735623,528424
1687735623,537455
1687735623,539367
1687735623,547453
1687735623,569831
1687735623,571876
1687735623,584487
1687735623,624151
1687735623,624612
1687735623,628145
1687735623,631175
1687735623,631311
1687735623,661901
1687735623,663334
1687735623,669561
1687735623,675678
1687735623,675951
1687735623,679160
1687735623,682237
1687735623,683734
1687735623,685219
1687735623,685823
1687735623,689521
1687735624,347439
1687735624,360142
1687735624,361770
1687735624,362178
1687735624,370176
1687735624,372354
1687735624,377854
1687735624,378917
1687735624,383829
1687735624,391754
1687735624,400014
1687735624,403140
1687735624,407362
1687735624,409819
1687735624,413131
1687735624,430014
1687735624,432356
1687735624,433896
1687735624,439834
1687735624,457264
1687735624,459907
1687735624,463481
1687735624,493547
1687735624,504360
1687735624,518495
1687735624,531430
1687735624,541706
1687735624,544393
1687735624,562246
1687735624,567719
1687735624,572661
1687735624,602036
1687735624,602520
1687735624,607173
1687735624,626429
1687735624,631759
1687735624,642620
1687735624,644274
1687735624,652272
1687735624,655544
1687735624,658014
1687735624,660933
1687735624,666958
1687735624,674370
1687735624,674463
1687735624,675743
1687735624,676023
1687735624,679110
1687735624,679535
1687735624,681561
1687735624,687976
1687735624,688911
1687735624,691208
1687735625,357316
1687735625,360704
1687735625,370469
1687735625,371269
1687735625,372031
1687735625,376140
1687735625,377825
1687735625,397000
1687735625,400500
1687735625,412888
1687735625,436175
1687735625,449138
1687735625,455872
1687735625,467613
1687735625,471302
1687735625,474057
1687735625,495536
1687735625,511259
1687735625,522711
1687735625,540608
1687735625,549981
1687735625,561978
1687735625,565922
1687735625,578979
1687735625,581051
1687735625,588518
1687735625,594775
1687735625,596061
1687735625,601701
1687735625,630418
1687735625,633191
1687735625,634458
1687735625,639134
1687735625,645474
1687735625,660012
1687735625,670756
1687735625,677689
1687735625,678366
1687735625,683798
1687735625,686742
1687735625,690905
1687735625,691005
1687735625,697639
1687735626,345061
1687735626,365632
1687735626,367421
1687735626,367922
1687735626,369386
1687735626,373520
1687735626,376415
1687735626,385201
1687735626,387696
1687735626,388829
1687735626,400036
1687735626,402240
1687735626,402324
1687735626,417926
1687735626,418362
1687735626,420840
1687735626,423742
1687735626,435177
1687735626,448625
1687735626,451243
1687735626,457205
1687735626,475976
1687735626,482128
1687735626,487398
1687735626,490454
1687735626,494683
1687735626,516381
1687735626,516747
1687735626,519639
1687735626,519931
1687735626,526116
1687735626,537821
1687735626,547686
1687735626,560666
1687735626,579384
1687735626,589890
1687735626,592514
1687735626,595036
1687735626,595372
1687735626,614866
1687735626,625742
1687735626,632764
1687735626,638980
1687735626,661858
1687735626,665470
1687735626,672122
1687735626,672626
1687735626,676762
1687735626,679075
1687735626,683493
1687735626,684135
1687735626,684682
1687735626,687118
1687735626,688586
1687735627,359808
1687735627,363420
1687735627,364760
1687735627,372673
1687735627,378469
1687735627,380296
1687735627,380868
1687735627,387010
1687735627,389704
1687735627,393452
1687735627,414770
1687735627,416514
1687735627,422437
1687735627,443271
1687735627,450810
1687735627,476567
1687735627,477286
1687735627,478887
1687735627,488537
1687735627,491421
1687735627,514312
1687735627,524840
1687735627,535230
1687735627,550874
1687735627,578394
1687735627,579395
1687735627,598588
1687735627,616308
1687735627,617032
1687735627,620770
1687735627,621199
1687735627,630032
1687735627,644610
1687735627,651501
1687735627,659907
1687735627,661909
1687735627,664521
1687735627,671398
1687735627,680935
1687735627,681679
1687735627,683456
1687735627,683902
1687735627,690842
1687735627,691604
1687735628,354099
1687735628,359013
1687735628,369637
1687735628,370096
1687735628,370598
1687735628,371113
1687735628,374917
1687735628,376358
1687735628,388800
1687735628,396452
1687735628,399907
1687735628,409063
1687735628,414267
1687735628,418568
1687735628,418619
1687735628,441348
1687735628,446368
1687735628,450482
1687735628,463263
1687735628,467706
1687735628,482400
1687735628,512836
1687735628,516122
1687735628,519619
1687735628,544167
1687735628,552402
1687735628,554050
1687735628,573197
1687735628,591972
1687735628,610790
1687735628,619615
1687735628,619725
1687735628,624796
1687735628,645314
1687735628,646272
1687735628,648270
1687735628,653850
1687735628,669960
1687735628,671811
1687735628,672142
1687735628,678764
1687735628,678862
1687735628,686596
1687735628,686800
1687735628,691333
1687735628,693076
1687735628,693763
1687735629,350474
1687735629,362872
1687735629,363150
1687735629,364813
1687735629,368783
1687735629,372695
1687735629,378849
1687735629,380149
1687735629,383016
1687735629,398005
1687735629,401008
1687735629,404338
1687735629,426011
1687735629,434323
1687735629,440686
1687735629,441022
1687735629,442867
1687735629,453640
1687735629,466069
1687735629,468860
1687735629,491244
1687735629,492243
1687735629,501872
1687735629,502566
1687735629,506462
1687735629,528208
1687735629,540687
1687735629,543652
1687735629,553106
1687735629,566258
1687735629,573397
1687735629,593990
1687735629,595069
1687735629,602446
1687735629,604754
1687735629,612129
1687735629,623007
1687735629,633050
1687735629,643272
1687735629,643893
1687735629,644534
1687735629,646358
1687735629,664087
1687735629,674479
1687735629,678910
1687735629,680602
1687735629,684337
1687735629,689899
1687735629,690269
1687735629,690614
1687735629,698607
1687735630,363323
1687735630,364268
1687735630,366931
1687735630,368397
1687735630,368879
1687735630,368932
1687735630,377769
1687735630,382908
1687735630,386290
1687735630,388851
1687735630,392479
1687735630,398193
1687735630,402760
1687735630,404664
1687735630,410751
1687735630,426401
1687735630,431433
1687735630,437481
1687735630,461216
1687735630,469829
1687735630,490159
1687735630,499820
1687735630,507055
1687735630,527083
1687735630,530508
1687735630,530734
1687735630,542233
1687735630,546714
1687735630,551906
1687735630,556066
1687735630,568896
1687735630,573484
1687735630,577898
1687735630,591037
1687735630,598295
1687735630,614602
1687735630,628442
1687735630,637031
1687735630,637694
1687735630,653843
1687735630,662469
1687735630,663079
1687735630,665576
1687735630,667344
1687735630,673018
1687735630,679346
1687735630,683549
1687735630,691663
1687735630,696386
1687735631,347779
1687735631,363899
1687735631,369349
1687735631,371631
1687735631,372427
1687735631,375623
1687735631,378550
1687735631,383441
1687735631,403448
1687735631,419477
1687735631,422393
1687735631,425192
1687735631,427714
1687735631,438643
1687735631,440170
1687735631,462706
1687735631,467744
1687735631,478078
1687735631,492384
1687735631,523057
1687735631,529969
1687735631,540758
1687735631,567995
1687735631,570649
1687735631,580203
1687735631,600547
1687735631,606761
1687735631,607560
1687735631,627416
1687735631,627883
1687735631,632029
1687735631,637595
1687735631,656053
1687735631,663178
1687735631,665277
1687735631,674799
1687735631,675667
1687735631,678466
1687735631,678738
1687735631,681209
1687735631,683886
1687735631,688454
1687735631,689713
1687735631,697727
1687735632,351623
1687735632,358853
1687735632,359318
1687735632,362542
1687735632,362673
1687735632,368279
1687735632,373423
1687735632,375684
1687735632,382804
1687735632,383094
1687735632,388121
1687735632,396723
1687735632,399812
1687735632,405823
1687735632,406294
1687735632,407360
1687735632,413608
1687735632,431502
1687735632,447030
1687735632,453399
1687735632,462101
1687735632,462868
1687735632,465759
1687735632,487467
1687735632,497399
1687735632,500392
1687735632,519422
1687735632,523068
1687735632,532092
1687735632,547160
1687735632,554067
1687735632,554120
1687735632,556585
1687735632,563737
1687735632,563974
1687735632,567175
1687735632,570315
1687735632,591453
1687735632,592363
1687735632,600055
1687735632,606442
1687735632,607442
1687735632,609507
1687735632,617498
1687735632,618868
1687735632,634714
1687735632,651192
1687735632,653667
1687735632,654297
1687735632,656033
1687735632,663512
1687735632,668144
1687735632,677016
1687735632,678502
1687735632,679302
1687735632,684300
1687735632,688805
1687735632,689505
1687735632,689759
1687735632,693609
1687735633,356783
1687735633,364424
1687735633,365690
1687735633,369006
1687735633,370045
1687735633,370154
1687735633,373445
1687735633,375320
1687735633,381118
1687735633,395150
1687735633,399666
1687735633,402262
1687735633,405474
1687735633,411798
1687735633,414283
1687735633,416887
1687735633,422631
1687735633,424368
1687735633,442132
1687735633,443076
1687735633,447295
1687735633,453303
1687735633,478011
1687735633,505110
1687735633,506495
1687735633,507556
1687735633,518008
1687735633,521576
1687735633,544286
1687735633,546133
1687735633,549036
1687735633,553862
1687735633,583290
1687735633,589267
1687735633,606480
1687735633,615134
1687735633,616653
1687735633,622837
1687735633,640018
1687735633,641746
1687735633,646772
1687735633,654108
1687735633,659821
1687735633,669987
1687735633,677371
1687735633,677746
1687735633,678648
1687735633,682650
1687735633,684557
1687735633,685604
1687735633,696079
1687735634,354984
1687735634,356448
1687735634,359023
1687735634,361744
1687735634,362739
1687735634,366144
1687735634,367002
1687735634,369070
1687735634,369875
1687735634,371176
1687735634,372651
1687735634,374866
1687735634,377268
1687735634,385489
1687735634,390116
1687735634,390621
1687735634,395670
1687735634,397357
1687735634,417023
1687735634,419354
1687735634,422625
1687735634,425582
1687735634,429792
1687735634,453085
1687735634,454838
1687735634,473638
1687735634,481118
1687735634,486471
1687735634,488018
1687735634,494946
1687735634,496491
1687735634,497102
1687735634,510018
1687735634,522658
1687735634,523865
1687735634,541714
1687735634,551880
1687735634,562024
1687735634,580848
1687735634,582310
1687735634,584072
1687735634,590485
1687735634,592113
1687735634,594548
1687735634,619604
1687735634,627110
1687735634,632635
1687735634,638763
1687735634,644549
1687735634,653781
1687735634,657212
1687735634,667336
1687735634,672275
1687735634,676604
1687735634,682069
1687735634,686141
1687735634,686877
1687735634,688176
1687735634,690806
1687735634,692313
1687735635,365928
1687735635,370599
1687735635,370838
1687735635,372447
1687735635,375655
1687735635,381206
1687735635,385155
1687735635,388036
1687735635,412694
1687735635,417601
1687735635,429260
1687735635,436251
1687735635,447263
1687735635,454208
1687735635,457333
1687735635,466203
1687735635,469623
1687735635,474326
1687735635,481560
1687735635,520495
1687735635,520886
1687735635,523354
1687735635,529640
1687735635,531435
1687735635,541661
1687735635,548837
1687735635,559402
1687735635,574310
1687735635,583100
1687735635,608384
1687735635,609992
1687735635,613435
1687735635,618610
1687735635,621094
1687735635,625608
1687735635,633057
1687735635,642156
1687735635,646846
1687735635,649366
1687735635,662653
1687735635,663722
1687735635,667626
1687735635,674210
1687735635,682320
1687735635,686969
1687735635,687830
1687735635,691390
1687735635,692304
1687735635,692658
1687735635,693451
1687735636,350790
1687735636,364842
1687735636,366210
1687735636,367738
1687735636,370052
1687735636,370218
1687735636,371865
1687735636,371950
1687735636,374123
1687735636,377190
1687735636,385643
1687735636,387311
1687735636,403484
1687735636,407204
1687735636,413489
1687735636,429533
1687735636,437199
1687735636,440802
1687735636,456077
1687735636,470146
1687735636,495085
1687735636,496882
1687735636,499111
1687735636,502450
1687735636,508887
1687735636,511739
1687735636,516134
1687735636,536101
1687735636,537340
1687735636,546756
1687735636,548862
1687735636,556361
1687735636,556632
1687735636,569238
1687735636,578245
1687735636,600791
1687735636,601104
1687735636,604939
1687735636,613197
1687735636,615924
1687735636,621158
1687735636,627823
1687735636,638594
1687735636,641323
1687735636,646017
1687735636,649749
1687735636,656162
1687735636,670542
1687735636,670663
1687735636,673338
1687735636,676688
1687735636,679391
1687735636,681956
1687735636,682256
1687735636,689550
1687735636,689779
1687735637,359846
1687735637,363702
1687735637,373158
1687735637,377252
1687735637,379644
1687735637,384746
1687735637,387053
1687735637,393679
1687735637,399833
1687735637,402495
1687735637,408013
1687735637,408291
1687735637,432002
1687735637,443944
1687735637,446580
1687735637,456279
1687735637,460301
1687735637,468023
1687735637,470689
1687735637,473047
1687735637,497608
1687735637,507974
1687735637,508994
1687735637,531791
1687735637,532917
1687735637,533070
1687735637,544466
1687735637,555387
1687735637,558122
1687735637,566455
1687735637,573411
1687735637,575209
1687735637,578774
1687735637,599452
1687735637,599895
1687735637,601710
1687735637,631869
1687735637,635981
1687735637,639825
1687735637,641877
1687735637,647225
1687735637,650816
1687735637,656518
1687735637,658244
1687735637,661821
1687735637,664951
1687735637,676786
1687735637,679763
1687735637,680526
1687735637,682951
1687735637,691067
1687735637,698534
1687735638,360480
1687735638,360772
1687735638,366956
1687735638,367544
1687735638,367900
1687735638,374490
1687735638,376116
1687735638,377030
1687735638,378438
1687735638,383763
1687735638,385183
1687735638,393475
1687735638,394144
1687735638,401309
1687735638,422581
1687735638,423833
1687735638,427180
1687735638,431087
1687735638,431485
1687735638,446295
1687735638,457068
1687735638,471854
1687735638,493312
1687735638,525548
1687735638,526293
1687735638,531109
1687735638,531150
1687735638,551149
1687735638,572993
1687735638,575528
1687735638,579397
1687735638,594521
1687735638,610529
1687735638,622771
1687735638,625961
1687735638,631118
1687735638,633406
1687735638,635005
1687735638,636010
1687735638,658806
1687735638,664854
1687735638,673177
1687735638,673419
1687735638,677152
1687735638,684213
1687735638,686564
1687735638,696889
1687735639,351753
1687735639,357774
1687735639,366942
1687735639,369442
1687735639,372084
1687735639,372894
1687735639,381615
1687735639,385867
1687735639,388779
1687735639,394629
1687735639,402736
1687735639,404220
1687735639,410623
1687735639,415993
1687735639,421997
1687735639,424722
1687735639,447316
1687735639,449319
1687735639,458453
1687735639,470999
1687735639,474340
1687735639,485448
1687735639,487918
1687735639,517794
1687735639,520693
1687735639,533216
1687735639,549965
1687735639,552731
1687735639,553901
1687735639,585290
1687735639,593188
1687735639,613976
1687735639,621400
1687735639,627359
1687735639,655725
1687735639,656139
1687735639,656195
1687735639,662595
1687735639,669177
1687735639,679915
1687735639,685260
1687735639,686707
1687735639,689348
1687735639,697604
1687735639,703118
1687735640,356581
1687735640,360825
1687735640,361239
1687735640,372330
1687735640,373738
1687735640,375699
1687735640,377611
1687735640,378577
1687735640,383018
1687735640,383147
1687735640,383214
1687735640,391260
1687735640,401645
1687735640,408012
1687735640,419436
1687735640,419553
1687735640,447365
1687735640,449272
1687735640,449813
1687735640,450200
1687735640,464787
1687735640,478135
1687735640,479569
1687735640,486153
1687735640,495228
1687735640,501822
1687735640,504815
1687735640,509709
1687735640,510524
1687735640,519842
1687735640,523705
1687735640,526319
1687735640,548434
1687735640,553094
1687735640,554619
1687735640,571335
1687735640,576666
1687735640,581534
1687735640,600208
1687735640,607461
1687735640,613696
1687735640,618234
1687735640,621200
1687735640,624897
1687735640,641405
1687735640,645054
1687735640,647591
1687735640,651759
1687735640,653069
1687735640,656153
1687735640,659108
1687735640,663824
1687735640,670015
1687735640,672347
1687735640,673640
1687735640,673822
1687735640,677374
1687735640,680825
1687735640,684261
1687735640,688286
1687735640,692993
1687735641,358954
1687735641,361329
1687735641,367219
1687735641,369306
1687735641,369822
1687735641,370433
1687735641,373086
1687735641,373089
1687735641,389248
1687735641,392175
1687735641,393245
1687735641,397829
1687735641,401251
1687735641,401328
1687735641,401657
1687735641,406039
1687735641,422146
1687735641,423006
1687735641,440662
1687735641,459658
1687735641,473016
1687735641,484538
1687735641,497082
1687735641,501691
1687735641,512762
1687735641,524842
1687735641,544050
1687735641,550068
1687735641,562114
1687735641,581463
1687735641,583836
1687735641,592119
1687735641,604473
1687735641,607884
1687735641,616814
1687735641,626786
1687735641,642309
1687735641,643718
1687735641,647131
1687735641,647416
1687735641,672567
1687735641,674568
1687735641,676141
1687735641,676628
1687735641,681797
1687735641,682891
1687735641,689633
1687735641,691349
1687735641,696464
1687735642,356704
1687735642,363829
1687735642,368298
1687735642,370169
1687735642,370191
1687735642,373300
1687735642,382904
1687735642,383545
1687735642,386511
1687735642,388142
1687735642,394960
1687735642,409218
1687735642,428069
1687735642,434533
1687735642,436364
1687735642,441049
1687735642,441065
1687735642,459586
1687735642,471316
1687735642,474156
1687735642,476976
1687735642,477116
1687735642,487625
1687735642,499533
1687735642,503053
1687735642,503097
1687735642,521383
1687735642,525245
1687735642,542776
1687735642,545924
1687735642,567986
1687735642,576776
1687735642,580886
1687735642,581171
1687735642,586742
1687735642,590122
1687735642,595874
1687735642,600805
1687735642,606465
1687735642,619807
1687735642,635111
1687735642,641123
1687735642,645506
1687735642,649956
1687735642,658987
1687735642,661563
1687735642,664683
1687735642,665270
1687735642,668578
1687735642,686977
1687735642,687619
1687735642,690115
1687735642,691652
1687735642,695164
1687735642,695827
1687735643,360297
1687735643,361328
1687735643,361718
1687735643,362548
1687735643,376588
1687735643,377228
1687735643,377988
1687735643,381143
1687735643,382564
1687735643,382602
1687735643,409093
1687735643,420532
1687735643,430105
1687735643,447111
1687735643,461698
1687735643,465576
1687735643,470897
1687735643,473501
1687735643,486479
1687735643,496958
1687735643,503568
1687735643,526565
1687735643,526669
1687735643,537153
1687735643,539453
1687735643,545542
1687735643,567944
1687735643,573918
1687735643,586391
1687735643,607170
1687735643,625943
1687735643,629026
1687735643,629180
1687735643,662024
1687735643,663117
1687735643,668052
1687735643,679568
1687735643,682964
1687735643,684298
1687735643,684857
1687735643,686603
1687735643,689419
1687735643,691159
1687735644,347745
1687735644,361699
1687735644,361796
1687735644,369620
1687735644,373094
1687735644,377592
1687735644,398692
1687735644,401904
1687735644,404022
1687735644,408849
1687735644,411793
1687735644,414981
1687735644,428158
1687735644,430792
1687735644,435696
1687735644,437282
1687735644,449103
1687735644,461672
1687735644,461995
1687735644,491545
1687735644,502380
1687735644,520501
1687735644,529301
1687735644,542234
1687735644,543835
1687735644,564367
1687735644,565622
1687735644,570656
1687735644,600223
1687735644,603938
1687735644,605516
1687735644,619074
1687735644,633312
1687735644,642603
1687735644,643694
1687735644,653697
1687735644,659631
1687735644,665257
1687735644,673363
1687735644,675095
1687735644,675416
1687735644,675714
1687735644,676568
1687735644,678322
1687735644,679311
1687735644,689642
1687735644,691141
1687735645,356923
1687735645,359644
1687735645,363172
1687735645,367001
1687735645,369392
1687735645,371909
1687735645,372741
1687735645,375562
1687735645,376276
1687735645,379563
1687735645,395761
1687735645,398222
1687735645,401445
1687735645,414750
1687735645,421733
1687735645,438097
1687735645,451497
1687735645,453507
1687735645,465396
1687735645,476125
1687735645,493383
1687735645,498079
1687735645,513325
1687735645,520600
1687735645,552129
1687735645,552258
1687735645,563773
1687735645,564024
1687735645,583188
1687735645,592662
1687735645,594042
1687735645,611129
1687735645,628796
1687735645,631324
1687735645,646828
1687735645,653552
1687735645,661167
1687735645,671657
1687735645,671903
1687735645,673577
1687735645,677207
1687735645,679122
1687735645,683187
1687735645,686914
1687735645,689118
1687735645,690936
1687735646,344567
1687735646,366274
1687735646,367363
1687735646,369034
1687735646,375427
1687735646,380506
1687735646,386523
1687735646,389169
1687735646,390083
1687735646,394800
1687735646,400867
1687735646,416699
1687735646,419141
1687735646,437400
1687735646,449233
1687735646,450813
1687735646,454917
1687735646,476849
1687735646,477945
1687735646,479427
1687735646,485468
1687735646,488133
1687735646,490615
1687735646,496852
1687735646,498802
1687735646,517693
1687735646,517723
1687735646,518839
1687735646,524002
1687735646,539820
1687735646,558716
1687735646,581510
1687735646,590383
1687735646,591837
1687735646,593206
1687735646,596991
1687735646,608790
1687735646,616201
1687735646,619121
1687735646,623802
1687735646,634215
1687735646,640009
1687735646,660814
1687735646,666297
1687735646,671113
1687735646,683438
1687735646,683454
1687735646,685363
1687735646,686612
1687735646,689074
1687735647,360753
1687735647,363600
1687735647,364143
1687735647,373149
1687735647,379135
1687735647,379595
1687735647,381718
1687735647,388336
1687735647,388656
1687735647,396189
1687735647,399866
1687735647,414704
1687735647,416401
1687735647,424659
1687735647,441478
1687735647,469831
1687735647,516238
1687735647,526725
1687735647,537326
1687735647,548703
1687735647,554088
1687735647,577525
1687735647,580413
1687735647,596243
1687735647,600338
1687735647,604705
1687735647,617942
1687735647,618648
1687735647,631505
1687735647,644827
1687735647,646200
1687735647,649833
1687735647,660866
1687735647,663059
1687735647,665645
1687735647,670348
1687735647,680931
1687735647,682053
1687735647,683076
1687735647,686768
1687735647,691773
1687735648,353222
1687735648,359091
1687735648,369216
1687735648,369250
1687735648,370857
1687735648,372451
1687735648,373482
1687735648,374093
1687735648,387601
1687735648,394808
1687735648,410897
1687735648,416954
1687735648,417153
1687735648,424710
1687735648,428098
1687735648,439306
1687735648,444415
1687735648,452492
1687735648,474412
1687735648,480102
1687735648,514173
1687735648,514763
1687735648,517577
1687735648,542029
1687735648,550198
1687735648,553960
1687735648,555197
1687735648,556339
1687735648,589878
1687735648,617669
1687735648,617747
1687735648,626326
1687735648,643576
1687735648,646049
1687735648,649759
1687735648,655093
1687735648,671268
1687735648,671484
1687735648,679721
1687735648,682869
1687735648,686605
1687735648,691179
1687735648,692747
1687735649,350518
1687735649,357056
1687735649,363012
1687735649,363186
1687735649,364325
1687735649,369444
1687735649,379484
1687735649,381760
1687735649,399244
1687735649,402874
1687735649,402955
1687735649,404120
1687735649,427583
1687735649,438806
1687735649,439028
1687735649,445127
1687735649,455673
1687735649,466520
1687735649,468218
1687735649,493360
1687735649,500578
1687735649,503893
1687735649,504263
1687735649,530485
1687735649,538404
1687735649,541481
1687735649,568255
1687735649,571262
1687735649,595891
1687735649,602841
1687735649,604117
1687735649,613893
1687735649,624619
1687735649,630998
1687735649,641172
1687735649,642060
1687735649,647565
1687735649,662865
1687735649,678201
1687735649,679104
1687735649,680608
1687735649,683956
1687735649,684477
1687735649,690595
1687735649,690901
1687735649,698247
1687735650,360059
1687735650,363920
1687735650,367175
1687735650,367272
1687735650,367964
1687735650,368774
1687735650,369267
1687735650,377354
1687735650,381804
1687735650,387402
1687735650,387983
1687735650,393714
1687735650,403006
1687735650,404321
1687735650,409075
1687735650,429868
1687735650,439657
1687735650,458976
1687735650,467564
1687735650,470094
1687735650,500732
1687735650,504769
1687735650,528368
1687735650,528853
1687735650,529142
1687735650,540386
1687735650,548899
1687735650,566697
1687735650,575676
1687735650,575943
1687735650,593076
1687735650,612591
1687735650,626361
1687735650,629739
1687735650,630408
1687735650,635992
1687735650,638517
1687735650,640070
1687735650,655042
1687735650,661650
1687735650,663138
1687735650,663771
1687735650,666090
1687735650,673952
1687735650,679981
1687735650,691227
1687735650,696242
1687735651,347271
1687735651,360056
1687735651,364386
1687735651,365700
1687735651,369162
1687735651,371222
1687735651,372696
1687735651,374334
1687735651,382217
1687735651,382405
1687735651,384459
1687735651,390961
1687735651,401841
1687735651,420599
1687735651,421360
1687735651,423422
1687735651,429911
1687735651,436799
1687735651,442272
1687735651,460656
1687735651,469816
1687735651,480007
1687735651,490161
1687735651,501967
1687735651,521017
1687735651,532068
1687735651,566008
1687735651,572782
1687735651,582230
1687735651,598545
1687735651,608203
1687735651,609145
1687735651,626091
1687735651,629068
1687735651,633297
1687735651,639021
1687735651,654287
1687735651,664762
1687735651,673819
1687735651,675040
1687735651,677692
1687735651,678842
1687735651,681767
1687735651,682910
1687735651,689154
1687735651,689320
1687735651,698073
1687735652,352275
1687735652,357620
1687735652,359619
1687735652,362719
1687735652,362752
1687735652,368196
1687735652,370611
1687735652,373969
1687735652,376318
1687735652,376725
1687735652,382312
1687735652,388835
1687735652,398355
1687735652,404496
1687735652,408058
1687735652,409158
1687735652,415667
1687735652,429820
1687735652,448828
1687735652,451488
1687735652,460690
1687735652,463695
1687735652,464291
1687735652,485421
1687735652,495292
1687735652,498055
1687735652,517230
1687735652,525156
1687735652,530078
1687735652,551994
1687735652,554385
1687735652,561417
1687735652,562001
1687735652,569126
1687735652,572480
1687735652,589573
1687735652,590298
1687735652,598000
1687735652,605399
1687735652,620355
1687735652,632733
1687735652,645084
1687735652,652495
1687735652,654428
1687735652,654904
1687735652,655698
1687735652,662010
1687735652,669088
1687735652,676050
1687735652,679240
1687735652,680071
1687735652,684084
1687735652,688880
1687735652,689053
1687735652,689308
1687735652,693743
1687735653,364126
1687735653,366082
1687735653,369245
1687735653,370679
1687735653,371241
1687735653,372047
1687735653,372641
1687735653,375459
1687735653,401027
1687735653,401103
1687735653,409935
1687735653,412626
1687735653,418926
1687735653,422286
1687735653,441223
1687735653,444178
1687735653,445409
1687735653,455484
1687735653,479946
1687735653,505528
1687735653,507028
1687735653,520052
1687735653,523771
1687735653,546405
1687735653,547066
1687735653,548286
1687735653,555979
1687735653,585272
1687735653,586977
1687735653,608241
1687735653,612915
1687735653,618117
1687735653,620709
1687735653,643530
1687735653,661249
1687735653,670516
1687735653,674551
1687735653,676361
1687735653,677958
1687735653,681538
1687735653,682032
1687735653,684802
1687735653,686061
1687735653,696330
1687735654,354113
1687735654,357306
1687735654,361034
1687735654,362521
1687735654,367361
1687735654,368633
1687735654,374949
1687735654,377871
1687735654,384173
1687735654,388090
1687735654,389555
1687735654,391250
1687735654,394474
1687735654,415595
1687735654,421031
1687735654,421084
1687735654,427415
1687735654,431753
1687735654,450839
1687735654,456974
1687735654,471707
1687735654,482963
1687735654,484497
1687735654,485879
1687735654,493479
1687735654,497044
1687735654,498379
1687735654,507967
1687735654,521938
1687735654,543744
1687735654,549862
1687735654,563985
1687735654,578831
1687735654,580199
1687735654,582773
1687735654,586217
1687735654,588284
1687735654,593856
1687735654,596326
1687735654,621151
1687735654,625099
1687735654,634099
1687735654,640190
1687735654,645672
1687735654,658309
1687735654,667622
1687735654,668584
1687735654,671187
1687735654,675324
1687735654,676627
1687735654,686992
1687735654,688629
1687735654,690552
1687735654,692730
1687735655,366046
1687735655,370331
1687735655,370710
1687735655,371670
1687735655,376822
1687735655,380094
1687735655,386575
1687735655,388994
1687735655,396535
1687735655,404837
1687735655,414617
1687735655,415833
1687735655,431316
1687735655,432766
1687735655,434533
1687735655,438785
1687735655,449411
1687735655,456303
1687735655,459570
1687735655,463638
1687735655,465266
1687735655,468534
1687735655,471727
1687735655,472391
1687735655,483557
1687735655,499189
1687735655,520793
1687735655,522460
1687735655,522861
1687735655,529500
1687735655,531635
1687735655,539493
1687735655,546991
1687735655,561619
1687735655,572277
1687735655,585108
1687735655,602832
1687735655,603683
1687735655,606269
1687735655,611480
1687735655,616645
1687735655,622885
1687735655,627152
1687735655,643438
1687735655,645070
1687735655,647599
1687735655,663770
1687735655,664773
1687735655,666053
1687735655,674933
1687735655,681927
1687735655,687539
1687735655,687787
1687735655,691181
1687735655,691691
1687735655,693219
1687735655,693522
1687735656,365078
1687735656,365654
1687735656,366855
1687735656,370705
1687735656,370806
1687735656,371115
1687735656,372086
1687735656,374002
1687735656,378670
1687735656,384421
1687735656,401320
1687735656,406014
1687735656,411852
1687735656,431575
1687735656,435592
1687735656,454424
1687735656,457972
1687735656,472174
1687735656,472292
1687735656,497080
1687735656,498773
1687735656,500024
1687735656,506681
1687735656,509393
1687735656,518128
1687735656,534056
1687735656,539482
1687735656,544879
1687735656,558588
1687735656,558651
1687735656,571255
1687735656,575913
1687735656,602686
1687735656,611116
1687735656,617381
1687735656,622993
1687735656,629226
1687735656,630150
1687735656,636531
1687735656,639702
1687735656,646984
1687735656,648738
1687735656,651180
1687735656,654296
1687735656,668939
1687735656,669557
1687735656,672901
1687735656,674672
1687735656,677693
1687735656,679805
1687735656,680952
1687735656,682025
1687735656,687338
1687735656,688559
1687735656,689785
1687735656,691777
1687735657,359633
1687735657,363649
1687735657,367863
1687735657,372311
1687735657,377388
1687735657,380264
1687735657,383873
1687735657,387558
1687735657,392382
1687735657,400045
1687735657,400690
1687735657,406632
1687735657,410104
1687735657,430390
1687735657,442117
1687735657,448455
1687735657,458391
1687735657,474945
1687735657,492207
1687735657,505147
1687735657,510077
1687735657,511141
1687735657,524498
1687735657,529858
1687735657,535322
1687735657,546420
1687735657,553242
1687735657,560306
1687735657,564403
1687735657,570052
1687735657,577030
1687735657,580890
1687735657,597255
1687735657,599717
1687735657,601638
1687735657,606550
1687735657,629815
1687735657,633869
1687735657,651885
1687735657,656655
1687735657,657858
1687735657,660792
1687735657,665113
1687735657,665642
1687735657,677885
1687735657,679251
1687735657,679254
1687735657,679442
1687735657,683141
1687735657,689000
1687735657,691403
1687735657,697888
1687735658,351373
1687735658,360465
1687735658,360602
1687735658,361825
1687735658,367165
1687735658,367721
1687735658,374743
1687735658,375621
1687735658,376744
1687735658,377812
1687735658,382633
1687735658,383153
1687735658,386113
1687735658,394864
1687735658,394972
1687735658,408334
1687735658,422223
1687735658,424608
1687735658,433073
1687735658,433606
1687735658,448451
1687735658,455227
1687735658,464133
1687735658,473839
1687735658,476057
1687735658,495351
1687735658,496235
1687735658,496449
1687735658,511355
1687735658,523594
1687735658,529264
1687735658,533318
1687735658,534917
1687735658,549374
1687735658,553250
1687735658,570901
1687735658,577831
1687735658,587222
1687735658,596328
1687735658,611858
1687735658,624197
1687735658,624283
1687735658,632472
1687735658,633038
1687735658,635042
1687735658,637538
1687735658,657453
1687735658,657502
1687735658,665654
1687735658,672484
1687735658,674043
1687735658,675036
1687735658,677749
1687735658,679336
1687735658,685162
1687735658,685900
1687735658,686452
1687735658,691420
1687735658,696002
1687735659,358274
1687735659,363093
1687735659,366903
1687735659,370008
1687735659,372159
1687735659,382830
1687735659,384577
1687735659,384711
1687735659,390235
1687735659,393356
1687735659,404816
1687735659,412214
1687735659,414175
1687735659,423019
1687735659,423804
1687735659,439424
1687735659,447336
1687735659,449521
1687735659,456610
1687735659,468817
1687735659,476291
1687735659,485699
1687735659,503873
1687735659,515764
1687735659,522747
1687735659,535148
1687735659,550674
1687735659,551867
1687735659,552298
1687735659,575188
1687735659,591294
1687735659,594156
1687735659,612799
1687735659,615435
1687735659,619497
1687735659,622798
1687735659,629028
1687735659,654192
1687735659,654308
1687735659,656575
1687735659,664027
1687735659,666549
1687735659,670722
1687735659,671020
1687735659,674015
1687735659,678556
1687735659,680481
1687735659,685843
1687735659,688724
1687735659,697291
1687735659,703019
1687735660,356431
1687735660,360141
1687735660,361004
1687735660,373142
1687735660,373240
1687735660,374805
1687735660,377008
1687735660,377367
1687735660,379004
1687735660,382266
1687735660,383893
1687735660,390064
1687735660,390168
1687735660,396365
1687735660,403316
1687735660,409886
1687735660,417711
1687735660,421348
1687735660,445355
1687735660,446822
1687735660,452081
1687735660,467161
1687735660,477431
1687735660,484893
1687735660,488438
1687735660,493059
1687735660,493402
1687735660,506999
1687735660,511872
1687735660,512501
1687735660,517947
1687735660,528452
1687735660,550802
1687735660,551023
1687735660,552553
1687735660,573362
1687735660,579383
1687735660,594021
1687735660,598184
1687735660,608879
1687735660,615519
1687735660,619252
1687735660,619734
1687735660,646299
1687735660,646604
1687735660,650258
1687735660,654333
1687735660,659972
1687735660,660179
1687735660,665044
1687735660,672654
1687735660,673114
1687735660,678350
1687735660,680457
1687735660,684202
1687735660,687901
1687735660,692336
1687735661,359004
1687735661,361702
1687735661,367299
1687735661,369383
1687735661,369653
1687735661,370273
1687735661,371034
1687735661,372442
1687735661,373865
1687735661,374351
1687735661,379920
1687735661,390835
1687735661,392046
1687735661,396732
1687735661,398886
1687735661,399475
1687735661,400103
1687735661,402677
1687735661,404786
1687735661,421322
1687735661,424036
1687735661,438963
1687735661,452006
1687735661,461701
1687735661,470884
1687735661,482742
1687735661,499042
1687735661,499431
1687735661,510684
1687735661,517664
1687735661,521820
1687735661,526986
1687735661,542068
1687735661,552097
1687735661,564203
1687735661,579271
1687735661,581956
1687735661,590101
1687735661,602614
1687735661,609487
1687735661,614857
1687735661,617805
1687735661,628477
1687735661,640379
1687735661,645151
1687735661,645531
1687735661,648368
1687735661,652698
1687735661,663467
1687735661,673119
1687735661,673201
1687735661,675212
1687735661,677199
1687735661,682265
1687735661,682328
1687735661,682382
1687735661,689872
1687735661,696718
1687735662,357817
1687735662,364256
1687735662,367847
1687735662,369780
1687735662,370401
1687735662,372372
1687735662,376618
1687735662,378204
1687735662,381863
1687735662,387083
1687735662,388184
1687735662,402865
1687735662,407755
1687735662,416258
1687735662,426790
1687735662,429925
1687735662,438392
1687735662,439192
1687735662,443057
1687735662,447369
1687735662,461769
1687735662,469491
1687735662,474851
1687735662,475748
1687735662,479602
1687735662,489603
1687735662,501198
1687735662,501711
1687735662,527165
1687735662,540933
1687735662,542789
1687735662,548068
1687735662,569946
1687735662,574474
1687735662,579008
1687735662,588863
1687735662,592259
1687735662,597539
1687735662,602326
1687735662,602657
1687735662,617855
1687735662,636486
1687735662,639246
1687735662,643622
1687735662,651311
1687735662,662611
1687735662,663484
1687735662,663767
1687735662,669607
1687735662,679467
1687735662,679943
1687735662,687030
1687735662,691312
1687735662,692106
1687735662,695436
1687735662,695484
1687735663,360802
1687735663,361087
1687735663,361208
1687735663,362032
1687735663,362181
1687735663,366837
1687735663,381538
1687735663,381801
1687735663,382404
1687735663,384396
1687735663,402790
1687735663,409778
1687735663,418708
1687735663,428530
1687735663,437559
1687735663,444980
1687735663,463392
1687735663,463935
1687735663,472835
1687735663,488523
1687735663,494861
1687735663,502580
1687735663,524680
1687735663,528657
1687735663,534957
1687735663,541461
1687735663,543633
1687735663,546936
1687735663,566059
1687735663,575964
1687735663,588281
1687735663,604954
1687735663,606732
1687735663,626859
1687735663,627012
1687735663,627703
1687735663,631287
1687735663,660664
1687735663,664287
1687735663,666455
1687735663,677011
1687735663,683671
1687735663,684809
1687735663,689267
1687735664,348109
1687735664,357409
1687735664,360058
1687735664,361425
1687735664,361668
1687735664,369125
1687735664,373895
1687735664,376298
1687735664,381388
1687735664,397389
1687735664,400700
1687735664,402348
1687735664,405778
1687735664,410350
1687735664,413780
1687735664,416877
1687735664,426331
1687735664,459879
1687735664,464015
1687735664,489545
1687735664,492805
1687735664,500399
1687735664,519050
1687735664,527127
1687735664,540092
1687735664,545947
1687735664,563533
1687735664,566473
1687735664,568633
1687735664,597955
1687735664,603861
1687735664,605837
1687735664,620653
1687735664,634884
1687735664,640881
1687735664,644804
1687735664,651513
1687735664,651774
1687735664,655090
1687735664,658268
1687735664,663560
1687735664,672264
1687735664,674249
1687735664,677360
1687735664,677513
1687735664,679041
1687735664,684477
1687735664,690345
1687735664,691041
1687735665,356609
1687735665,358642
1687735665,366618
1687735665,368334
1687735665,372558
1687735665,373459
1687735665,374456
1687735665,376358
1687735665,394545
1687735665,399682
1687735665,401524
1687735665,416622
1687735665,425667
1687735665,429268
1687735665,440059
1687735665,451159
1687735665,453821
1687735665,463122
1687735665,478153
1687735665,491176
1687735665,515406
1687735665,518497
1687735665,550104
1687735665,551869
1687735665,554521
1687735665,566054
1687735665,585288
1687735665,590550
1687735665,591998
1687735665,594192
1687735665,612713
1687735665,621877
1687735665,627141
1687735665,629430
1687735665,641187
1687735665,648157
1687735665,662303
1687735665,672548
1687735665,674514
1687735665,676663
1687735665,679863
1687735665,682519
1687735665,687028
1687735665,687366
1687735665,690852
1687735666,344173
1687735666,361710
1687735666,366862
1687735666,366944
1687735666,368696
1687735666,387844
1687735666,390704
1687735666,391354
1687735666,399495
1687735666,415074
1687735666,417453
1687735666,419737
1687735666,439607
1687735666,447231
1687735666,452672
1687735666,453054
1687735666,479911
1687735666,483520
1687735666,485822
1687735666,487603
1687735666,498987
1687735666,515514
1687735666,515729
1687735666,520934
1687735666,521884
1687735666,541837
1687735666,556804
1687735666,583592
1687735666,588222
1687735666,591039
1687735666,593734
1687735666,598939
1687735666,617548
1687735666,635614
1687735666,641090
1687735666,642606
1687735666,659712
1687735666,667102
1687735666,670130
1687735666,682166
1687735666,683313
1687735666,686540
1687735666,689533
1687735667,363534
1687735667,363841
1687735667,373624
1687735667,378012
1687735667,380749
1687735667,382574
1687735667,386995
1687735667,390318
1687735667,395055
1687735667,396237
1687735667,412915
1687735667,418111
1687735667,426870
1687735667,439683
1687735667,471973
1687735667,474862
1687735667,481574
1687735667,492683
1687735667,495561
1687735667,499717
1687735667,518160
1687735667,528652
1687735667,539451
1687735667,546507
1687735667,556285
1687735667,575631
1687735667,582363
1687735667,602028
1687735667,616505
1687735667,617027
1687735667,619604
1687735667,628085
1687735667,632940
1687735667,641077
1687735667,647756
1687735667,648132
1687735667,661827
1687735667,664212
1687735667,666777
1687735667,669215
1687735667,680924
1687735667,682173
1687735667,682377
1687735667,686725
1687735667,691935
1687735668,352370
1687735668,359209
1687735668,368946
1687735668,371138
1687735668,373285
1687735668,373774
1687735668,386409
1687735668,393145
1687735668,412786
1687735668,415352
1687735668,415652
1687735668,437282
1687735668,442462
1687735668,454459
1687735668,467241
1687735668,470332
1687735668,472256
1687735668,477818
1687735668,512206
1687735668,515529
1687735668,516725
1687735668,539917
1687735668,548031
1687735668,557344
1687735668,558658
1687735668,577189
1687735668,577456
1687735668,587719
1687735668,615692
1687735668,615772
1687735668,627872
1687735668,641796
1687735668,651205
1687735668,670778
1687735668,672568
1687735668,678764
1687735668,680683
1687735668,682264
1687735668,686595
1687735668,688305
1687735668,690985
1687735668,691670
1687735669,350588
1687735669,363251
1687735669,363278
1687735669,363923
1687735669,370154
1687735669,380208
1687735669,380525
1687735669,386072
1687735669,389698
1687735669,400509
1687735669,401361
1687735669,401631
1687735669,404788
1687735669,429222
1687735669,436948
1687735669,437066
1687735669,447429
1687735669,464175
1687735669,495466
1687735669,498548
1687735669,502121
1687735669,505923
1687735669,532794
1687735669,536125
1687735669,539352
1687735669,569154
1687735669,570242
1687735669,600920
1687735669,605828
1687735669,615660
1687735669,626196
1687735669,630983
1687735669,639024
1687735669,640185
1687735669,647585
1687735669,648795
1687735669,661665
1687735669,673981
1687735669,677476
1687735669,678819
1687735669,680616
1687735669,684637
1687735669,690836
1687735669,691173
1687735670,346880
1687735670,360108
1687735670,361139
1687735670,363614
1687735670,367052
1687735670,367645
1687735670,369220
1687735670,369661
1687735670,377007
1687735670,380714
1687735670,387072
1687735670,394996
1687735670,405925
1687735670,407423
1687735670,429808
1687735670,441818
1687735670,456794
1687735670,465331
1687735670,494240
1687735670,502494
1687735670,526217
1687735670,531193
1687735670,538549
1687735670,544838
1687735670,551128
1687735670,564496
1687735670,571368
1687735670,574020
1687735670,577826
1687735670,595069
1687735670,597762
1687735670,608329
1687735670,610555
1687735670,632337
1687735670,634246
1687735670,638258
1687735670,640013
1687735670,656234
1687735670,660151
1687735670,663771
1687735670,664794
1687735670,674832
1687735670,684350
1687735670,690743
1687735670,696061
1687735671,350829
1687735671,359930
1687735671,364908
1687735671,365302
1687735671,370858
1687735671,373008
1687735671,373050
1687735671,383804
1687735671,385496
1687735671,400225
1687735671,418830
1687735671,421713
1687735671,423302
1687735671,432126
1687735671,434996
1687735671,444401
1687735671,458617
1687735671,481931
1687735671,487949
1687735671,504182
1687735671,505578
1687735671,507276
1687735671,518971
1687735671,534187
1687735671,551570
1687735671,559095
1687735671,564023
1687735671,578807
1687735671,584269
1687735671,596564
1687735671,609951
1687735671,610669
1687735671,624252
1687735671,630695
1687735671,640436
1687735671,662202
1687735671,672891
1687735671,674331
1687735671,678904
1687735671,680152
1687735671,681845
1687735671,682308
1687735671,688840
1687735671,689821
1687735672,353017
1687735672,356412
1687735672,362777
1687735672,363069
1687735672,368120
1687735672,375105
1687735672,377804
1687735672,381515
1687735672,389598
1687735672,396925
1687735672,403213
1687735672,409838
1687735672,410979
1687735672,417777
1687735672,428150
1687735672,458532
1687735672,461630
1687735672,466482
1687735672,483385
1687735672,495708
1687735672,522526
1687735672,527236
1687735672,528084
1687735672,552209
1687735672,560039
1687735672,571100
1687735672,574587
1687735672,587705
1687735672,588185
1687735672,595994
1687735672,603379
1687735672,605687
1687735672,618563
1687735672,621837
1687735672,630722
1687735672,643400
1687735672,652813
1687735672,653758
1687735672,656118
1687735672,657128
1687735672,660485
1687735672,670038
1687735672,675045
1687735672,679951
1687735672,680827
1687735672,683876
1687735672,686094
1687735672,688149
1687735672,688854
1687735672,689276
1687735672,693814
1687735673,363907
1687735673,366524
1687735673,369481
1687735673,370140
1687735673,371405
1687735673,371764
1687735673,371871
1687735673,372256
1687735673,372307
1687735673,375642
1687735673,399934
1687735673,402386
1687735673,408110
1687735673,410965
1687735673,420202
1687735673,421006
1687735673,439405
1687735673,443563
1687735673,446214
1687735673,457674
1687735673,481872
1687735673,493214
1687735673,503548
1687735673,508957
1687735673,515034
1687735673,522066
1687735673,525965
1687735673,545128
1687735673,550430
1687735673,558097
1687735673,584668
1687735673,587222
1687735673,610000
1687735673,610717
1687735673,619570
1687735673,642137
1687735673,662640
1687735673,671028
1687735673,675267
1687735673,677223
1687735673,679583
1687735673,680979
1687735673,681462
1687735673,685020
1687735673,686494
1687735674,353305
1687735674,358212
1687735674,360308
1687735674,362365
1687735674,367436
1687735674,367724
1687735674,378510
1687735674,382924
1687735674,386961
1687735674,392400
1687735674,393302
1687735674,398365
1687735674,414221
1687735674,419559
1687735674,422763
1687735674,433729
1687735674,448605
1687735674,459099
1687735674,482546
1687735674,483729
1687735674,484846
1687735674,499140
1687735674,500218
1687735674,501301
1687735674,505899
1687735674,518887
1687735674,520048
1687735674,545816
1687735674,547838
1687735674,561621
1687735674,576799
1687735674,584609
1687735674,586084
1687735674,588320
1687735674,595588
1687735674,598036
1687735674,614721
1687735674,622695
1687735674,623068
1687735674,635531
1687735674,641601
1687735674,646805
1687735674,651246
1687735674,659442
1687735674,664480
1687735674,664854
1687735674,669796
1687735674,670044
1687735674,674009
1687735674,675867
1687735674,687795
1687735674,689040
1687735674,690274
1687735674,693107
1687735674,693549
1687735675,366059
1687735675,366206
1687735675,368358
1687735675,368988
1687735675,370057
1687735675,370599
1687735675,370926
1687735675,374308
1687735675,377980
1687735675,378993
1687735675,387999
1687735675,390027
1687735675,398190
1687735675,414167
1687735675,416552
1687735675,431001
1687735675,433375
1687735675,445626
1687735675,451570
1687735675,458425
1687735675,461084
1687735675,461767
1687735675,470448
1687735675,473810
1687735675,485504
1687735675,504437
1687735675,505942
1687735675,524875
1687735675,533653
1687735675,537317
1687735675,545133
1687735675,563815
1687735675,570253
1687735675,587132
1687735675,604108
1687735675,604549
1687735675,604642
1687735675,609499
1687735675,624718
1687735675,628677
1687735675,643238
1687735675,644734
1687735675,645835
1687735675,647922
1687735675,656277
1687735675,658819
1687735675,665819
1687735675,667530
1687735675,675679
1687735675,681484
1687735675,687671
1687735675,688092
1687735675,690669
1687735675,690878
1687735675,694085
1687735676,350906
1687735676,365093
1687735676,365324
1687735676,370313
1687735676,371337
1687735676,371446
1687735676,372318
1687735676,373877
1687735676,380925
1687735676,381324
1687735676,383212
1687735676,404828
1687735676,406257
1687735676,410224
1687735676,433630
1687735676,433943
1687735676,436811
1687735676,456514
1687735676,457712
1687735676,459880
1687735676,470428
1687735676,474233
1687735676,495018
1687735676,497602
1687735676,500631
1687735676,507061
1687735676,520120
1687735676,531992
1687735676,541615
1687735676,543003
1687735676,560659
1687735676,560871
1687735676,573240
1687735676,573558
1687735676,604542
1687735676,609022
1687735676,618895
1687735676,624849
1687735676,630595
1687735676,631486
1687735676,634461
1687735676,638042
1687735676,652589
1687735676,666072
1687735676,668504
1687735676,676037
1687735676,678730
1687735676,679921
1687735676,680223
1687735676,681771
1687735676,687514
1687735676,689777
1687735677,359501
1687735677,371489
1687735677,375030
1687735677,377466
1687735677,388113
1687735677,391132
1687735677,398910
1687735677,402833
1687735677,405236
1687735677,428800
1687735677,440328
1687735677,450317
1687735677,452597
1687735677,466415
1687735677,476810
1687735677,490512
1687735677,512178
1687735677,513309
1687735677,522705
1687735677,527912
1687735677,537583
1687735677,548345
1687735677,549767
1687735677,551140
1687735677,562361
1687735677,562502
1687735677,567907
1687735677,578788
1687735677,582960
1687735677,595035
1687735677,597723
1687735677,603359
1687735677,608151
1687735677,627780
1687735677,631758
1687735677,634535
1687735677,650249
1687735677,652953
1687735677,655043
1687735677,659216
1687735677,659689
1687735677,663899
1687735677,666349
1687735677,678315
1687735677,678696
1687735677,678990
1687735677,683311
1687735677,689476
1687735677,691665
1687735677,692203
1687735677,697215
1687735678,351056
1687735678,360750
1687735678,360953
1687735678,362903
1687735678,366437
1687735678,368756
1687735678,369733
1687735678,375107
1687735678,376468
1687735678,377227
1687735678,381517
1687735678,382079
1687735678,386946
1687735678,391720
1687735678,395803
1687735678,396275
1687735678,398823
1687735678,410003
1687735678,420619
1687735678,424190
1687735678,426662
1687735678,435064
1687735678,435729
1687735678,450588
1687735678,461847
1687735678,471895
1687735678,475855
1687735678,494098
1687735678,494378
1687735678,497355
1687735678,513417
1687735678,521641
1687735678,527367
1687735678,535520
1687735678,536938
1687735678,555331
1687735678,568803
1687735678,580137
1687735678,592149
1687735678,598101
1687735678,613208
1687735678,622611
1687735678,625617
1687735678,631022
1687735678,633802
1687735678,636608
1687735678,639016
1687735678,656067
1687735678,666454
1687735678,671514
1687735678,674886
1687735678,678309
1687735678,686062
1687735678,686311
1687735678,695075
1687735679,363059
1687735679,366891
1687735679,370597
1687735679,372232
1687735679,374085
1687735679,378464
1687735679,383316
1687735679,384098
1687735679,392069
1687735679,412353
1687735679,413844
1687735679,421318
1687735679,425654
1687735679,445352
1687735679,451681
1687735679,454774
1687735679,466626
1687735679,473970
1687735679,478003
1687735679,478243
1687735679,483410
1687735679,489725
1687735679,513723
1687735679,524835
1687735679,537077
1687735679,548627
1687735679,549910
1687735679,554660
1687735679,580913
1687735679,589163
1687735679,589357
1687735679,592107
1687735679,614466
1687735679,616876
1687735679,617567
1687735679,630662
1687735679,643801
1687735679,649709
1687735679,652230
1687735679,652422
1687735679,657417
1687735679,665434
1687735679,669484
1687735679,672541
1687735679,679777
1687735679,681074
1687735679,686441
1687735679,688050
1687735679,696913
1687735679,702787
1687735680,356365
1687735680,360108
1687735680,360799
1687735680,372552
1687735680,373600
1687735680,376152
1687735680,378363
1687735680,378481
1687735680,381556
1687735680,384627
1687735680,386318
1687735680,389134
1687735680,391289
1687735680,395145
1687735680,401522
1687735680,405041
1687735680,411810
1687735680,415948
1687735680,423277
1687735680,443342
1687735680,444405
1687735680,453964
1687735680,469528
1687735680,475319
1687735680,490676
1687735680,490904
1687735680,491209
1687735680,509217
1687735680,514463
1687735680,516016
1687735680,530587
1687735680,545081
1687735680,548941
1687735680,550473
1687735680,553181
1687735680,575395
1687735680,577058
1687735680,577246
1687735680,595881
1687735680,596146
1687735680,610267
1687735680,617278
1687735680,617327
1687735680,620718
1687735680,621255
1687735680,644987
1687735680,648138
1687735680,648736
1687735680,655555
1687735680,661266
1687735680,666222
1687735680,671663
1687735680,672051
1687735680,673839
1687735680,679353
1687735680,680085
1687735680,684094
1687735680,687482
1687735680,691641
1687735681,359067
1687735681,360782
1687735681,362105
1687735681,367454
1687735681,368911
1687735681,371249
1687735681,372281
1687735681,374740
1687735681,375628
1687735681,389510
1687735681,390883
1687735681,397716
1687735681,398567
1687735681,399943
1687735681,403578
1687735681,404115
1687735681,419679
1687735681,425966
1687735681,437251
1687735681,441582
1687735681,454178
1687735681,463791
1687735681,468778
1687735681,480922
1687735681,486876
1687735681,497168
1687735681,508557
1687735681,515807
1687735681,519938
1687735681,529137
1687735681,540125
1687735681,554162
1687735681,566308
1687735681,580056
1687735681,591956
1687735681,600733
1687735681,611106
1687735681,612898
1687735681,615885
1687735681,630161
1687735681,638416
1687735681,642525
1687735681,643624
1687735681,646549
1687735681,649550
1687735681,664558
1687735681,671608
1687735681,673865
1687735681,674251
1687735681,677770
1687735681,681760
1687735681,681938
1687735681,682682
1687735681,690044
1687735681,696952
1687735682,358977
1687735682,364746
1687735682,367418
1687735682,369361
1687735682,370665
1687735682,380863
1687735682,383161
1687735682,386055
1687735682,389895
1687735682,406270
1687735682,414503
1687735682,428865
1687735682,431794
1687735682,437334
1687735682,440403
1687735682,445072
1687735682,463445
1687735682,463948
1687735682,467604
1687735682,472532
1687735682,482238
1687735682,491558
1687735682,499224
1687735682,503909
1687735682,516653
1687735682,529142
1687735682,539103
1687735682,543451
1687735682,550203
1687735682,565984
1687735682,571947
1687735682,572224
1687735682,576832
1687735682,590920
1687735682,594363
1687735682,599137
1687735682,603843
1687735682,615897
1687735682,629785
1687735682,637879
1687735682,641729
1687735682,643329
1687735682,652660
1687735682,660955
1687735682,662243
1687735682,662257
1687735682,663669
1687735682,670682
1687735682,678903
1687735682,686469
1687735682,688102
1687735682,692397
1687735682,692459
1687735682,694950
1687735682,695720
1687735683,360920
1687735683,361321
1687735683,361572
1687735683,362708
1687735683,366568
1687735683,376803
1687735683,380501
1687735683,383701
1687735683,385300
1687735683,403168
1687735683,410505
1687735683,416855
1687735683,427024
1687735683,442834
1687735683,461234
1687735683,466163
1687735683,474777
1687735683,490585
1687735683,492715
1687735683,501842
1687735683,504424
1687735683,522766
1687735683,530656
1687735683,532788
1687735683,541710
1687735683,542089
1687735683,548079
1687735683,564212
1687735683,567845
1687735683,577997
1687735683,590164
1687735683,602756
1687735683,610135
1687735683,624716
1687735683,624860
1687735683,629426
1687735683,632817
1687735683,640260
1687735683,647866
1687735683,659248
1687735683,664847
1687735683,665408
1687735683,673387
1687735683,678272
1687735683,680293
1687735683,683653
1687735683,684330
1687735683,685257
1687735683,689040
1687735684,348561
1687735684,360134
1687735684,361100
1687735684,361653
1687735684,363631
1687735684,368282
1687735684,368667
1687735684,373686
1687735684,374730
1687735684,375002
1687735684,376386
1687735684,380194
1687735684,396118
1687735684,399517
1687735684,401488
1687735684,403201
1687735684,407588
1687735684,411905
1687735684,415793
1687735684,418834
1687735684,424546
1687735684,435773
1687735684,436430
1687735684,439464
1687735684,458085
1687735684,460823
1687735684,465979
1687735684,487538
1687735684,498403
1687735684,507580
1687735684,524560
1687735684,524953
1687735684,537883
1687735684,543441
1687735684,561479
1687735684,566614
1687735684,568548
1687735684,575485
1687735684,595700
1687735684,602211
1687735684,607672
1687735684,607747
1687735684,622213
1687735684,636421
1687735684,637359
1687735684,639104
1687735684,645971
1687735684,649424
1687735684,656416
1687735684,656828
1687735684,661861
1687735684,671188
1687735684,676697
1687735684,678174
1687735684,678745
1687735684,690876
1687735684,691017
1687735685,356339
1687735685,357684
1687735685,359434
1687735685,366315
1687735685,367332
1687735685,373234
1687735685,374174
1687735685,393368
1687735685,401109
1687735685,418497
1687735685,427789
1687735685,432800
1687735685,442054
1687735685,448826
1687735685,453380
1687735685,456109
1687735685,460793
1687735685,488954
1687735685,508021
1687735685,516379
1687735685,517528
1687735685,527566
1687735685,548104
1687735685,556804
1687735685,563549
1687735685,568087
1687735685,587417
1687735685,588391
1687735685,589918
1687735685,614265
1687735685,625438
1687735685,627526
1687735685,632605
1687735685,649487
1687735685,659511
1687735685,663404
1687735685,673411
1687735685,675449
1687735685,676042
1687735685,680541
1687735685,681828
1687735685,681899
1687735685,685556
1687735685,687109
1687735685,687418
1687735685,690701
1687735686,343862
1687735686,362640
1687735686,366396
1687735686,367648
1687735686,368367
1687735686,370272
1687735686,373483
1687735686,378351
1687735686,380163
1687735686,388493
1687735686,389164
1687735686,392317
1687735686,392680
1687735686,398136
1687735686,412524
1687735686,413523
1687735686,415768
1687735686,417772
1687735686,429095
1687735686,441774
1687735686,445260
1687735686,450464
1687735686,455279
1687735686,481578
1687735686,481854
1687735686,494719
1687735686,501081
1687735686,513319
1687735686,513749
1687735686,518018
1687735686,519750
1687735686,523032
1687735686,543866
1687735686,554992
1687735686,585668
1687735686,586018
1687735686,588860
1687735686,595605
1687735686,600826
1687735686,614843
1687735686,618900
1687735686,642186
1687735686,652384
1687735686,658567
1687735686,667920
1687735686,669184
1687735686,674197
1687735686,679758
1687735686,680818
1687735686,683116
1687735686,687719
1687735686,689974
1687735687,362955
1687735687,364158
1687735687,374099
1687735687,376913
1687735687,381959
1687735687,382979
1687735687,383464
1687735687,385687
1687735687,392014
1687735687,393947
1687735687,397743
1687735687,411140
1687735687,411942
1687735687,419902
1687735687,437910
1687735687,472864
1687735687,474129
1687735687,483723
1687735687,486120
1687735687,497667
1687735687,514031
1687735687,520068
1687735687,530638
1687735687,541634
1687735687,544301
1687735687,558525
1687735687,569350
1687735687,573694
1687735687,584309
1687735687,585447
1687735687,603689
1687735687,614330
1687735687,614932
1687735687,621295
1687735687,628891
1687735687,634363
1687735687,646388
1687735687,649311
1687735687,662753
1687735687,665321
1687735687,667867
1687735687,668026
1687735687,672360
1687735687,678330
1687735687,679855
1687735687,680886
1687735687,681227
1687735687,682674
1687735687,686644
1687735687,690566
1687735687,692125
1687735688,351537
1687735688,359395
1687735688,367548
1687735688,367942
1687735688,368682
1687735688,371469
1687735688,372493
1687735688,375115
1687735688,375187
1687735688,384860
1687735688,385201
1687735688,391498
1687735688,413800
1687735688,414151
1687735688,414740
1687735688,435278
1687735688,440513
1687735688,456407
1687735688,469215
1687735688,470083
1687735688,475512
1687735688,510207
1687735688,513449
1687735688,518703
1687735688,537810
1687735688,545877
1687735688,560988
1687735688,579141
1687735688,585532
1687735688,600635
1687735688,613673
1687735688,613798
1687735688,629346
1687735688,639993
1687735688,652634
1687735688,657457
1687735688,670047
1687735688,681661
1687735688,681683
1687735688,686556
1687735688,690724
1687735688,691607
1687735689,350702
1687735689,358847
1687735689,363438
1687735689,363579
1687735689,363581
1687735689,370937
1687735689,379362
1687735689,380999
1687735689,399735
1687735689,400397
1687735689,401812
1687735689,406738
1687735689,430928
1687735689,435096
1687735689,435151
1687735689,449725
1687735689,459719
1687735689,461862
1687735689,472451
1687735689,496451
1687735689,497580
1687735689,499986
1687735689,507973
1687735689,533833
1687735689,535093
1687735689,537250
1687735689,559548
1687735689,567068
1687735689,572182
1687735689,598955
1687735689,607535
1687735689,617402
1687735689,627782
1687735689,636835
1687735689,649105
1687735689,650010
1687735689,660454
1687735689,675036
1687735689,676736
1687735689,680622
1687735689,684813
1687735689,687938
1687735689,691028
1687735689,691426
1687735690,346622
1687735690,362264
1687735690,366189
1687735690,368028
1687735690,369759
1687735690,370038
1687735690,379639
1687735690,382778
1687735690,386128
1687735690,396320
1687735690,405825
1687735690,407587
1687735690,431573
1687735690,443981
1687735690,454651
1687735690,463106
1687735690,496210
1687735690,500218
1687735690,524059
1687735690,533285
1687735690,536675
1687735690,546926
1687735690,553408
1687735690,559470
1687735690,562302
1687735690,572118
1687735690,579951
1687735690,597015
1687735690,599619
1687735690,608514
1687735690,632485
1687735690,634253
1687735690,635760
1687735690,636384
1687735690,641491
1687735690,657389
1687735690,658592
1687735690,663415
1687735690,664386
1687735690,668474
1687735690,675619
1687735690,684680
1687735690,690231
1687735690,695828
1687735691,364960
1687735691,365461
1687735691,368051
1687735691,370510
1687735691,371829
1687735691,373366
1687735691,385312
1687735691,386603
1687735691,398615
1687735691,406972
1687735691,417070
1687735691,420005
1687735691,425283
1687735691,433245
1687735691,434376
1687735691,446556
1687735691,456598
1687735691,473979
1687735691,483860
1687735691,485733
1687735691,493366
1687735691,500963
1687735691,506422
1687735691,516911
1687735691,536273
1687735691,553761
1687735691,556824
1687735691,562098
1687735691,586324
1687735691,594599
1687735691,611692
1687735691,612150
1687735691,622365
1687735691,632293
1687735691,641830
1687735691,657288
1687735691,672052
1687735691,673561
1687735691,678481
1687735691,680720
1687735691,680948
1687735691,682810
1687735691,684722
1687735691,688325
1687735691,690430
1687735692,353832
1687735692,355249
1687735692,360258
1687735692,362885
1687735692,363466
1687735692,368817
1687735692,371437
1687735692,373982
1687735692,378899
1687735692,380707
1687735692,390400
1687735692,395520
1687735692,401935
1687735692,411639
1687735692,412806
1687735692,419915
1687735692,426451
1687735692,448268
1687735692,456398
1687735692,459570
1687735692,468637
1687735692,480161
1687735692,481350
1687735692,526082
1687735692,529344
1687735692,550034
1687735692,558066
1687735692,573132
1687735692,576645
1687735692,585849
1687735692,586001
1687735692,594008
1687735692,601367
1687735692,616422
1687735692,623313
1687735692,628679
1687735692,641714
1687735692,651188
1687735692,654977
1687735692,658561
1687735692,658915
1687735692,660570
1687735692,667156
1687735692,670964
1687735692,673995
1687735692,680613
1687735692,681597
1687735692,683630
1687735692,687362
1687735692,688365
1687735692,689456
1687735692,693849
1687735693,357831
1687735693,363739
1687735693,367017
1687735693,369721
1687735693,369739
1687735693,371156
1687735693,371488
1687735693,372077
1687735693,372241
1687735693,373403
1687735693,375887
1687735693,398798
1687735693,403768
1687735693,406318
1687735693,418124
1687735693,423062
1687735693,437632
1687735693,441767
1687735693,459801
1687735693,483809
1687735693,491145
1687735693,501610
1687735693,509384
1687735693,510859
1687735693,512812
1687735693,524051
1687735693,528163
1687735693,543230
1687735693,552561
1687735693,560212
1687735693,582351
1687735693,589138
1687735693,608570
1687735693,611748
1687735693,620994
1687735693,637013
1687735693,643192
1687735693,664005
1687735693,671549
1687735693,676025
1687735693,676429
1687735693,680389
1687735693,680917
1687735693,685204
1687735693,686887
1687735694,352564
1687735694,359173
1687735694,359590
1687735694,362276
1687735694,366294
1687735694,379188
1687735694,381738
1687735694,385853
1687735694,392144
1687735694,393597
1687735694,400038
1687735694,418017
1687735694,435708
1687735694,446445
1687735694,461229
1687735694,480627
1687735694,481581
1687735694,486704
1687735694,501199
1687735694,502061
1687735694,503817
1687735694,516965
1687735694,518153
1687735694,545812
1687735694,547932
1687735694,568002
1687735694,574795
1687735694,583869
1687735694,586413
1687735694,590365
1687735694,597274
1687735694,599677
1687735694,612831
1687735694,621024
1687735694,624253
1687735694,636978
1687735694,643009
1687735694,648000
1687735694,649730
1687735694,660107
1687735694,660602
1687735694,668800
1687735694,670953
1687735694,672677
1687735694,675103
1687735694,678945
1687735694,689982
1687735694,693438
1687735695,366389
1687735695,368105
1687735695,369803
1687735695,370141
1687735695,370209
1687735695,370502
1687735695,377436
1687735695,377952
1687735695,379143
1687735695,389459
1687735695,391085
1687735695,399908
1687735695,412575
1687735695,418490
1687735695,424541
1687735695,435406
1687735695,443849
1687735695,453748
1687735695,458561
1687735695,460581
1687735695,463940
1687735695,468509
1687735695,475890
1687735695,483524
1687735695,487413
1687735695,502174
1687735695,503435
1687735695,526925
1687735695,535081
1687735695,535673
1687735695,543277
1687735695,543720
1687735695,565992
1687735695,568214
1687735695,589147
1687735695,606251
1687735695,607496
1687735695,626667
1687735695,626737
1687735695,630167
1687735695,641387
1687735695,644044
1687735695,646040
1687735695,647596
1687735695,662888
1687735695,665948
1687735695,666830
1687735695,673816
1687735695,676421
1687735695,681028
1687735695,687506
1687735695,688620
1687735695,690470
1687735695,693518
1687735696,351042
1687735696,364007
1687735696,364489
1687735696,365337
1687735696,365578
1687735696,369600
1687735696,371913
1687735696,372159
1687735696,382007
1687735696,408596
1687735696,413778
1687735696,434866
1687735696,435724
1687735696,461824
1687735696,476299
1687735696,492970
1687735696,504720
1687735696,522136
1687735696,529914
1687735696,541133
1687735696,562692
1687735696,563191
1687735696,571216
1687735696,575236
1687735696,602499
1687735696,606892
1687735696,620470
1687735696,632354
1687735696,632799
1687735696,636331
1687735696,648806
1687735696,654006
1687735696,664535
1687735696,667393
1687735696,677368
1687735696,678913
1687735696,679739
1687735696,680648
1687735696,681515
1687735696,686417
1687735696,689757
1687735697,359441
1687735697,363314
1687735697,363651
1687735697,370711
1687735697,373425
1687735697,373753
1687735697,377524
1687735697,378760
1687735697,382080
1687735697,388710
1687735697,389934
1687735697,397174
1687735697,403822
1687735697,404383
1687735697,427187
1687735697,438585
1687735697,452187
1687735697,454643
1687735697,464329
1687735697,478663
1687735697,480254
1687735697,488228
1687735697,503947
1687735697,514275
1687735697,515472
1687735697,525948
1687735697,539869
1687735697,543243
1687735697,547639
1687735697,549101
1687735697,550296
1687735697,560318
1687735697,564717
1687735697,565771
1687735697,585000
1687735697,592839
1687735697,595708
1687735697,605066
1687735697,609758
1687735697,629649
1687735697,651707
1687735697,653365
1687735697,654006
1687735697,658498
1687735697,660566
1687735697,662664
1687735697,667074
1687735697,677146
1687735697,678138
1687735697,683479
1687735697,689911
1687735697,691853
1687735698,360931
1687735698,361481
1687735698,365706
1687735698,373941
1687735698,374582
1687735698,376682
1687735698,380452
1687735698,381011
1687735698,381622
1687735698,387674
1687735698,393246
1687735698,397611
1687735698,397695
1687735698,411711
1687735698,422701
1687735698,428734
1687735698,437078
1687735698,437889
1687735698,451508
1687735698,452705
1687735698,459603
1687735698,491715
1687735698,492508
1687735698,499337
1687735698,511702
1687735698,515469
1687735698,519683
1687735698,525445
1687735698,537749
1687735698,539013
1687735698,557391
1687735698,566651
1687735698,591065
1687735698,599858
1687735698,614577
1687735698,620964
1687735698,627017
1687735698,628956
1687735698,635139
1687735698,638102
1687735698,640440
1687735698,641802
1687735698,654656
1687735698,667237
1687735698,670520
1687735698,675755
1687735698,678808
1687735698,680731
1687735698,684042
1687735698,686125
1687735698,686940
1687735698,687275
1687735698,694131
1687735699,366895
1687735699,371226
1687735699,372296
1687735699,382079
1687735699,384551
1687735699,385411
1687735699,387975
1687735699,390797
1687735699,392547
1687735699,400210
1687735699,410500
1687735699,415543
1687735699,419639
1687735699,427543
1687735699,452961
1687735699,453802
1687735699,464464
1687735699,471900
1687735699,480149
1687735699,481102
1687735699,491824
1687735699,526938
1687735699,539021
1687735699,547988
1687735699,557027
1687735699,583016
1687735699,587371
1687735699,590054
1687735699,615639
1687735699,616059
1687735699,618313
1687735699,618628
1687735699,632297
1687735699,643800
1687735699,645003
1687735699,647199
1687735699,650272
1687735699,656749
1687735699,668176
1687735699,671042
1687735699,673346
1687735699,680970
1687735699,681638
1687735699,683955
1687735699,687020
1687735699,688553
1687735699,690929
1687735699,702428
1687735700,356390
1687735700,358794
1687735700,360133
1687735700,360662
1687735700,371999
1687735700,374945
1687735700,379762
1687735700,380849
1687735700,385356
1687735700,388130
1687735700,393944
1687735700,406806
1687735700,413743
1687735700,414244
1687735700,425213
1687735700,431072
1687735700,441348
1687735700,442054
1687735700,455918
1687735700,471886
1687735700,473238
1687735700,488774
1687735700,489032
1687735700,511467
1687735700,514050
1687735700,516137
1687735700,516453
1687735700,532715
1687735700,546849
1687735700,548360
1687735700,555570
1687735700,573497
1687735700,575134
1687735700,577358
1687735700,594106
1687735700,597661
1687735700,611662
1687735700,615398
1687735700,619011
1687735700,619963
1687735700,622791
1687735700,643662
1687735700,649642
1687735700,662339
1687735700,667376
1687735700,670646
1687735700,673119
1687735700,674522
1687735700,678314
1687735700,679685
1687735700,680363
1687735700,686485
1687735700,687060
1687735701,359150
1687735701,360391
1687735701,362528
1687735701,367717
1687735701,368184
1687735701,372234
1687735701,373540
1687735701,375703
1687735701,376899
1687735701,381643
1687735701,388198
1687735701,389762
1687735701,391618
1687735701,396049
1687735701,397055
1687735701,400989
1687735701,402430
1687735701,404814
1687735701,405576
1687735701,409345
1687735701,412904
1687735701,418084
1687735701,427913
1687735701,429274
1687735701,435526
1687735701,443749
1687735701,456323
1687735701,465891
1687735701,466723
1687735701,479068
1687735701,494930
1687735701,506400
1687735701,513929
1687735701,518042
1687735701,531253
1687735701,538154
1687735701,556255
1687735701,568409
1687735701,574848
1687735701,578161
1687735701,593746
1687735701,598628
1687735701,598812
1687735701,610941
1687735701,612706
1687735701,613951
1687735701,631813
1687735701,636457
1687735701,641710
1687735701,647947
1687735701,650665
1687735701,665668
1687735701,670052
1687735701,673225
1687735701,674527
1687735701,681180
1687735701,681481
1687735701,683046
1687735701,689424
1687735701,690155
1687735701,697132
1687735702,360112
1687735702,365321
1687735702,366963
1687735702,368946
1687735702,370979
1687735702,378230
1687735702,379896
1687735702,385038
1687735702,404761
1687735702,412761
1687735702,433689
1687735702,435481
1687735702,442403
1687735702,447089
1687735702,465703
1687735702,470184
1687735702,484860
1687735702,493500
1687735702,497243
1687735702,506126
1687735702,514204
1687735702,525586
1687735702,531173
1687735702,537271
1687735702,552319
1687735702,567368
1687735702,570057
1687735702,573934
1687735702,574629
1687735702,592906
1687735702,596439
1687735702,600699
1687735702,605301
1687735702,613932
1687735702,631468
1687735702,639274
1687735702,639806
1687735702,650435
1687735702,654053
1687735702,660734
1687735702,661019
1687735702,661918
1687735702,664728
1687735702,671773
1687735702,680606
1687735702,685945
1687735702,688803
1687735702,692709
1687735702,693402
1687735702,694396
1687735702,695909
1687735703,361131
1687735703,361866
1687735703,363261
1687735703,366396
1687735703,368188
1687735703,368218
1687735703,376608
1687735703,379495
1687735703,385035
1687735703,386234
1687735703,387307
1687735703,411306
1687735703,415015
1687735703,425566
1687735703,440704
1687735703,441394
1687735703,459110
1687735703,468350
1687735703,492668
1687735703,506281
1687735703,520861
1687735703,530624
1687735703,532644
1687735703,539807
1687735703,540125
1687735703,545471
1687735703,550204
1687735703,562366
1687735703,569912
1687735703,579995
1687735703,580508
1687735703,592031
1687735703,600572
1687735703,611926
1687735703,622644
1687735703,622740
1687735703,631088
1687735703,631946
1687735703,634352
1687735703,638248
1687735703,638341
1687735703,649423
1687735703,657782
1687735703,663242
1687735703,666503
1687735703,672521
1687735703,679477
1687735703,683580
1687735703,685014
1687735703,685658
1687735703,688743
1687735703,691728
1687735704,349109
1687735704,359495
1687735704,360272
1687735704,360836
1687735704,361688
1687735704,367536
1687735704,369627
1687735704,373700
1687735704,374032
1687735704,375604
1687735704,379037
1687735704,383677
1687735704,394869
1687735704,398354
1687735704,404034
1687735704,409406
1687735704,413474
1687735704,417854
1687735704,420872
1687735704,422781
1687735704,432269
1687735704,434487
1687735704,437900
1687735704,456273
1687735704,458532
1687735704,467904
1687735704,485555
1687735704,496392
1687735704,509516
1687735704,522757
1687735704,526571
1687735704,535647
1687735704,545646
1687735704,557318
1687735704,559461
1687735704,564595
1687735704,570650
1687735704,593478
1687735704,600536
1687735704,609637
1687735704,623752
1687735704,635434
1687735704,637264
1687735704,637939
1687735704,647158
1687735704,647292
1687735704,655296
1687735704,657671
1687735704,660133
1687735704,670101
1687735704,675948
1687735704,678426
1687735704,678977
1687735704,690640
1687735704,691664
1687735705,350810
1687735705,356162
1687735705,356798
1687735705,366027
1687735705,366365
1687735705,368400
1687735705,373941
1687735705,374885
1687735705,375332
1687735705,376359
1687735705,392204
1687735705,402547
1687735705,415819
1687735705,420422
1687735705,444097
1687735705,446573
1687735705,450782
1687735705,458339
1687735705,458774
1687735705,468543
1687735705,482144
1687735705,486734
1687735705,510046
1687735705,514223
1687735705,519641
1687735705,546103
1687735705,559113
1687735705,561437
1687735705,570115
1687735705,586178
1687735705,587759
1687735705,589542
1687735705,609618
1687735705,615777
1687735705,623691
1687735705,625645
1687735705,633747
1687735705,650771
1687735705,658086
1687735705,664507
1687735705,674228
1687735705,675331
1687735705,676392
1687735705,681130
1687735705,681213
1687735705,681959
1687735705,685021
1687735705,687163
1687735705,690517
1687735706,343658
1687735706,363537
1687735706,365972
1687735706,368056
1687735706,370805
1687735706,377540
1687735706,390459
1687735706,393985
1687735706,394041
1687735706,396794
1687735706,412027
1687735706,414110
1687735706,414373
1687735706,443930
1687735706,448310
1687735706,457517
1687735706,470877
1687735706,479631
1687735706,483795
1687735706,492853
1687735706,496729
1687735706,503148
1687735706,511148
1687735706,517612
1687735706,520260
1687735706,525127
1687735706,545935
1687735706,553195
1687735706,583789
1687735706,586656
1687735706,587764
1687735706,597449
1687735706,602684
1687735706,616393
1687735706,618038
1687735706,620274
1687735706,623002
1687735706,638402
1687735706,643300
1687735706,657371
1687735706,658256
1687735706,668240
1687735706,668711
1687735706,679450
1687735706,680251
1687735706,682857
1687735706,682926
1687735706,688863
1687735706,690364
1687735707,362401
1687735707,363089
1687735707,364531
1687735707,370489
1687735707,374520
1687735707,375806
1687735707,383224
1687735707,384328
1687735707,384416
1687735707,392458
1687735707,392854
1687735707,393724
1687735707,399308
1687735707,409371
1687735707,421713
1687735707,431334
1687735707,436135
1687735707,476263
1687735707,483800
1687735707,485855
1687735707,488836
1687735707,494336
1687735707,499822
1687735707,502867
1687735707,522006
1687735707,532692
1687735707,542108
1687735707,543841
1687735707,571748
1687735707,583294
1687735707,586255
1687735707,605309
1687735707,612103
1687735707,635762
1687735707,644600
1687735707,650885
1687735707,663650
1687735707,666387
1687735707,666785
1687735707,668946
1687735707,671371
1687735707,679070
1687735707,680817
1687735707,686518
1687735707,688522
1687735707,692326
1687735708,350713
1687735708,359637
1687735708,365282
1687735708,366797
1687735708,368435
1687735708,371847
1687735708,376152
1687735708,376499
1687735708,384012
1687735708,389853
1687735708,394284
1687735708,409151
1687735708,412271
1687735708,412657
1687735708,416742
1687735708,433273
1687735708,438558
1687735708,458335
1687735708,466143
1687735708,467887
1687735708,471208
1687735708,473218
1687735708,508162
1687735708,511313
1687735708,520714
1687735708,535728
1687735708,543766
1687735708,563343
1687735708,581069
1687735708,583360
1687735708,598829
1687735708,611631
1687735708,611831
1687735708,630805
1687735708,636243
1687735708,638176
1687735708,640262
1687735708,654055
1687735708,658622
1687735708,665324
1687735708,669262
1687735708,669662
1687735708,675039
1687735708,681069
1687735708,682663
1687735708,686471
1687735708,689470
1687735708,690440
1687735708,692622
1687735709,350852
1687735709,358305
1687735709,363314
1687735709,363638
1687735709,363983
1687735709,371790
1687735709,378270
1687735709,381848
1687735709,399205
1687735709,403144
1687735709,408705
1687735709,432651
1687735709,433257
1687735709,433277
1687735709,433415
1687735709,452564
1687735709,459534
1687735709,461744
1687735709,474580
1687735709,494305
1687735709,497828
1687735709,499670
1687735709,506314
1687735709,510044
1687735709,531543
1687735709,537392
1687735709,561788
1687735709,565034
1687735709,574114
1687735709,596965
1687735709,606949
1687735709,609233
1687735709,619146
1687735709,629390
1687735709,634629
1687735709,650593
1687735709,651220
1687735709,659228
1687735709,661989
1687735709,675973
1687735709,676059
1687735709,680628
1687735709,681967
1687735709,684992
1687735709,691168
1687735709,691674
1687735710,346455
1687735710,360812
1687735710,363060
1687735710,363440
1687735710,363772
1687735710,365397
1687735710,368395
1687735710,370376
1687735710,370415
1687735710,378601
1687735710,380721
1687735710,385110
1687735710,397679
1687735710,404264
1687735710,405770
1687735710,409282
1687735710,430961
1687735710,446147
1687735710,460907
1687735710,465486
1687735710,471568
1687735710,476734
1687735710,497969
1687735710,498135
1687735710,521899
1687735710,534807
1687735710,549022
1687735710,555727
1687735710,570250
1687735710,576369
1687735710,582012
1687735710,598869
1687735710,601477
1687735710,606454
1687735710,630686
1687735710,634495
1687735710,636152
1687735710,642959
1687735710,652033
1687735710,656976
1687735710,658574
1687735710,664999
1687735710,676303
1687735710,683504
1687735710,684960
1687735710,689677
1687735710,695540
1687735711,360614
1687735711,364663
1687735711,366023
1687735711,370197
1687735711,370682
1687735711,373754
1687735711,386912
1687735711,387760
1687735711,397010
1687735711,415350
1687735711,418321
1687735711,427287
1687735711,427428
1687735711,431495
1687735711,436659
1687735711,448767
1687735711,454564
1687735711,476058
1687735711,481247
1687735711,483521
1687735711,485803
1687735711,490583
1687735711,508694
1687735711,514834
1687735711,528612
1687735711,535432
1687735711,538319
1687735711,552174
1687735711,554618
1687735711,555957
1687735711,560175
1687735711,588394
1687735711,592624
1687735711,613621
1687735711,620484
1687735711,629242
1687735711,633852
1687735711,643208
1687735711,658893
1687735711,671283
1687735711,672723
1687735711,678948
1687735711,679526
1687735711,681728
1687735711,683275
1687735711,683356
1687735711,687783
1687735711,688360
1687735711,690996
1687735712,354090
1687735712,354689
1687735712,363019
1687735712,363933
1687735712,367990
1687735712,369355
1687735712,370533
1687735712,372966
1687735712,379913
1687735712,379991
1687735712,391268
1687735712,394135
1687735712,400656
1687735712,413479
1687735712,414642
1687735712,422082
1687735712,424753
1687735712,443283
1687735712,444489
1687735712,450330
1687735712,454283
1687735712,457557
1687735712,470781
1687735712,479314
1687735712,490974
1687735712,524085
1687735712,526009
1687735712,531464
1687735712,547862
1687735712,556106
1687735712,575177
1687735712,578703
1687735712,583794
1687735712,584008
1687735712,592032
1687735712,599355
1687735712,613390
1687735712,614284
1687735712,624728
1687735712,626616
1687735712,639292
1687735712,640013
1687735712,649524
1687735712,656163
1687735712,657302
1687735712,658451
1687735712,659968
1687735712,663019
1687735712,671830
1687735712,672893
1687735712,681234
1687735712,682327
1687735712,686521
1687735712,687859
1687735712,689539
1687735712,693863
1687735713,363605
1687735713,367535
1687735713,369342
1687735713,370018
1687735713,370459
1687735713,371201
1687735713,371941
1687735713,372521
1687735713,373162
1687735713,374497
1687735713,376184
1687735713,397645
1687735713,404575
1687735713,405184
1687735713,407762
1687735713,416051
1687735713,425160
1687735713,435888
1687735713,440009
1687735713,461915
1687735713,485764
1687735713,489068
1687735713,499663
1687735713,501758
1687735713,512780
1687735713,530394
1687735713,541371
1687735713,554699
1687735713,562339
1687735713,580072
1687735713,590107
1687735713,591026
1687735713,606426
1687735713,613513
1687735713,622417
1687735713,625824
1687735713,644231
1687735713,650753
1687735713,665335
1687735713,672079
1687735713,675576
1687735713,676814
1687735713,679797
1687735713,680373
1687735713,685352
1687735713,687244
1687735713,689295
1687735714,351922
1687735714,358890
1687735714,360194
1687735714,362240
1687735714,365154
1687735714,370594
1687735714,379899
1687735714,380628
1687735714,384768
1687735714,390973
1687735714,390988
1687735714,394825
1687735714,401696
1687735714,411572
1687735714,416483
1687735714,426357
1687735714,437681
1687735714,444357
1687735714,463358
1687735714,478726
1687735714,479412
1687735714,482483
1687735714,488580
1687735714,503245
1687735714,503892
1687735714,515009
1687735714,516258
1687735714,532793
1687735714,543813
1687735714,550079
1687735714,569997
1687735714,572776
1687735714,581657
1687735714,588197
1687735714,592353
1687735714,601275
1687735714,610967
1687735714,618974
1687735714,644407
1687735714,648173
1687735714,649232
1687735714,661331
1687735714,661786
1687735714,667522
1687735714,672111
1687735714,674343
1687735714,683555
1687735714,689641
1687735714,689810
1687735714,693734
1687735715,366607
1687735715,368544
1687735715,369505
1687735715,369611
1687735715,370430
1687735715,373598
1687735715,376964
1687735715,380300
1687735715,383161
1687735715,392185
1687735715,401675
1687735715,406939
1687735715,411015
1687735715,420441
1687735715,426397
1687735715,437414
1687735715,455908
1687735715,456090
1687735715,462758
1687735715,466084
1687735715,466554
1687735715,477985
1687735715,489359
1687735715,499908
1687735715,505575
1687735715,529011
1687735715,537680
1687735715,541435
1687735715,560788
1687735715,566154
1687735715,568106
1687735715,591113
1687735715,605517
1687735715,607910
1687735715,624563
1687735715,631613
1687735715,639504
1687735715,642248
1687735715,647381
1687735715,649658
1687735715,661259
1687735715,667015
1687735715,667813
1687735715,677145
1687735715,680591
1687735715,687294
1687735715,689949
1687735715,693424
1687735716,351236
1687735716,359449
1687735716,363860
1687735716,365851
1687735716,368984
1687735716,372428
1687735716,372828
1687735716,372931
1687735716,380809
1687735716,415629
1687735716,430582
1687735716,432942
1687735716,437779
1687735716,462260
1687735716,463801
1687735716,478370
1687735716,490923
1687735716,502313
1687735716,511737
1687735716,524165
1687735716,527826
1687735716,539245
1687735716,564746
1687735716,565536
1687735716,568936
1687735716,577222
1687735716,582233
1687735716,587045
1687735716,600323
1687735716,604712
1687735716,612850
1687735716,622084
1687735716,628485
1687735716,630202
1687735716,633313
1687735716,634043
1687735716,634528
1687735716,655064
1687735716,655428
1687735716,666226
1687735716,677927
1687735716,678342
1687735716,678688
1687735716,680741
1687735716,681079
1687735716,681259
1687735716,685279
1687735716,689716
1687735716,693009
1687735717,363693
1687735717,369960
1687735717,370468
1687735717,375653
1687735717,377520
1687735717,381184
1687735717,385998
1687735717,388778
1687735717,389374
1687735717,395481
1687735717,400232
1687735717,402436
1687735717,405967
1687735717,425550
1687735717,436848
1687735717,445908
1687735717,448984
1687735717,452788
1687735717,454087
1687735717,480564
1687735717,485929
1687735717,506070
1687735717,516359
1687735717,517640
1687735717,523969
1687735717,542150
1687735717,545509
1687735717,547082
1687735717,552261
1687735717,558229
1687735717,560159
1687735717,563610
1687735717,566942
1687735717,590631
1687735717,606787
1687735717,627536
1687735717,645099
1687735717,651669
1687735717,653179
1687735717,657248
1687735717,661357
1687735717,661928
1687735717,675985
1687735717,677506
1687735717,680105
1687735717,683618
1687735717,690256
1687735717,692024
1687735718,350612
1687735718,361134
1687735718,362052
1687735718,364996
1687735718,365136
1687735718,368480
1687735718,374027
1687735718,379391
1687735718,379912
1687735718,396394
1687735718,398143
1687735718,399135
1687735718,413499
1687735718,421235
1687735718,430831
1687735718,439126
1687735718,449665
1687735718,452000
1687735718,454839
1687735718,457400
1687735718,490601
1687735718,501267
1687735718,517494
1687735718,517697
1687735718,523495
1687735718,535125
1687735718,540001
1687735718,559429
1687735718,564504
1687735718,593693
1687735718,601589
1687735718,611369
1687735718,615980
1687735718,619341
1687735718,626835
1687735718,628397
1687735718,636466
1687735718,639576
1687735718,641824
1687735718,648407
1687735718,653181
1687735718,668017
1687735718,669480
1687735718,676576
1687735718,679306
1687735718,681695
1687735718,685877
1687735718,686443
1687735718,687773
1687735718,691788
1687735718,693127
1687735719,360201
1687735719,366916
1687735719,371713
1687735719,371876
1687735719,372337
1687735719,374280
1687735719,376184
1687735719,380873
1687735719,386770
1687735719,389527
1687735719,389680
1687735719,393844
1687735719,398890
1687735719,408650
1687735719,417309
1687735719,417985
1687735719,427602
1687735719,429489
1687735719,451144
1687735719,455903
1687735719,462321
1687735719,469832
1687735719,478757
1687735719,482082
1687735719,493901
1687735719,494985
1687735719,509725
1687735719,529025
1687735719,540993
1687735719,546116
1687735719,559363
1687735719,585103
1687735719,585369
1687735719,588009
1687735719,613683
1687735719,616563
1687735719,617640
1687735719,619728
1687735719,633944
1687735719,646204
1687735719,648316
1687735719,659104
1687735719,666837
1687735719,669397
1687735719,669485
1687735719,672455
1687735719,674197
1687735719,682124
1687735719,682148
1687735719,683760
1687735719,687604
1687735719,701944
1687735720,356480
1687735720,360199
1687735720,360578
1687735720,363152
1687735720,371474
1687735720,373771
1687735720,380148
1687735720,381190
1687735720,384292
1687735720,386155
1687735720,387154
1687735720,392770
1687735720,408604
1687735720,412633
1687735720,415669
1687735720,427177
1687735720,439346
1687735720,439758
1687735720,471176
1687735720,474200
1687735720,486632
1687735720,486852
1687735720,490817
1687735720,512045
1687735720,513728
1687735720,518417
1687735720,523643
1687735720,534820
1687735720,544710
1687735720,546256
1687735720,571507
1687735720,573072
1687735720,579274
1687735720,591999
1687735720,613053
1687735720,613476
1687735720,620699
1687735720,624349
1687735720,642300
1687735720,645675
1687735720,657909
1687735720,663378
1687735720,668529
1687735720,669586
1687735720,675155
1687735720,678867
1687735720,679293
1687735720,681372
1687735720,685522
1687735720,686674
1687735721,359244
1687735721,360016
1687735721,362950
1687735721,367462
1687735721,368038
1687735721,369591
1687735721,373208
1687735721,376719
1687735721,378186
1687735721,388729
1687735721,394472
1687735721,395595
1687735721,401289
1687735721,402034
1687735721,407076
1687735721,416500
1687735721,429889
1687735721,433810
1687735721,458441
1687735721,466632
1687735721,468001
1687735721,468358
1687735721,477185
1687735721,487507
1687735721,492723
1687735721,495401
1687735721,504185
1687735721,504777
1687735721,510598
1687735721,512026
1687735721,516104
1687735721,533402
1687735721,536212
1687735721,558414
1687735721,570513
1687735721,576245
1687735721,595530
1687735721,596622
1687735721,596853
1687735721,608979
1687735721,611998
1687735721,614315
1687735721,633426
1687735721,634450
1687735721,639798
1687735721,649306
1687735721,651707
1687735721,666774
1687735721,668468
1687735721,675166
1687735721,680572
1687735721,680991
1687735721,683406
1687735721,689093
1687735721,690187
1687735722,360769
1687735722,361301
1687735722,365948
1687735722,366536
1687735722,368506
1687735722,378928
1687735722,379077
1687735722,384035
1687735722,403269
1687735722,406469
1687735722,411061
1687735722,429311
1687735722,433614
1687735722,444398
1687735722,449143
1687735722,463754
1687735722,467541
1687735722,467795
1687735722,495213
1687735722,508323
1687735722,511723
1687735722,535460
1687735722,541423
1687735722,554464
1687735722,565430
1687735722,572441
1687735722,575923
1687735722,594861
1687735722,598483
1687735722,602164
1687735722,606760
1687735722,611924
1687735722,637840
1687735722,640702
1687735722,655443
1687735722,659256
1687735722,659802
1687735722,665731
1687735722,672859
1687735722,677761
1687735722,678084
1687735722,680880
1687735722,685452
1687735722,692877
1687735722,693782
1687735722,694315
1687735722,696019
1687735723,358820
1687735723,360739
1687735723,362454
1687735723,363828
1687735723,364669
1687735723,366293
1687735723,376435
1687735723,378516
1687735723,386405
1687735723,387215
1687735723,412189
1687735723,413206
1687735723,424126
1687735723,433029
1687735723,438579
1687735723,442045
1687735723,443337
1687735723,457021
1687735723,470502
1687735723,494730
1687735723,508136
1687735723,518989
1687735723,528483
1687735723,534604
1687735723,537921
1687735723,538157
1687735723,547471
1687735723,552321
1687735723,560510
1687735723,572776
1687735723,582030
1687735723,593835
1687735723,598959
1687735723,613673
1687735723,620657
1687735723,620659
1687735723,632685
1687735723,635871
1687735723,636374
1687735723,650991
1687735723,656287
1687735723,661591
1687735723,667548
1687735723,680586
1687735723,683479
1687735723,685683
1687735723,688423
1687735723,689622
1687735724,349743
1687735724,361755
1687735724,366768
1687735724,367815
1687735724,372451
1687735724,374394
1687735724,376528
1687735724,377920
1687735724,382517
1687735724,393669
1687735724,397250
1687735724,404844
1687735724,411237
1687735724,411371
1687735724,419929
1687735724,421035
1687735724,422949
1687735724,432585
1687735724,440076
1687735724,454470
1687735724,456229
1687735724,469853
1687735724,478717
1687735724,483565
1687735724,494353
1687735724,511478
1687735724,520567
1687735724,528576
1687735724,533422
1687735724,547832
1687735724,557457
1687735724,562574
1687735724,591230
1687735724,598815
1687735724,625276
1687735724,635373
1687735724,639429
1687735724,648350
1687735724,653683
1687735724,658393
1687735724,658903
1687735724,669010
1687735724,675231
1687735724,678067
1687735724,679735
1687735724,689100
1687735724,690327
1687735724,692259
1687735725,355954
1687735725,356057
1687735725,360604
1687735725,365460
1687735725,365782
1687735725,368658
1687735725,374677
1687735725,375602
1687735725,376277
1687735725,391047
1687735725,394814
1687735725,395434
1687735725,404009
1687735725,413873
1687735725,422360
1687735725,441318
1687735725,444328
1687735725,446183
1687735725,456797
1687735725,460489
1687735725,484094
1687735725,484507
1687735725,512042
1687735725,512084
1687735725,521757
1687735725,544121
1687735725,555180
1687735725,559313
1687735725,561409
1687735725,572106
1687735725,583959
1687735725,585567
1687735725,591636
1687735725,611552
1687735725,617239
1687735725,621681
1687735725,621935
1687735725,634884
1687735725,636990
1687735725,645106
1687735725,652025
1687735725,656630
1687735725,663472
1687735725,665597
1687735725,674543
1687735725,674995
1687735725,677351
1687735725,680425
1687735725,682001
1687735725,684490
1687735725,687193
1687735726,343531
1687735726,365609
1687735726,367786
1687735726,369201
1687735726,371334
1687735726,371557
1687735726,376769
1687735726,388328
1687735726,391714
1687735726,395444
1687735726,395688
1687735726,412497
1687735726,416225
1687735726,433565
1687735726,446074
1687735726,446230
1687735726,459756
1687735726,468901
1687735726,477708
1687735726,478994
1687735726,485728
1687735726,489306
1687735726,498670
1687735726,505204
1687735726,508983
1687735726,509757
1687735726,515485
1687735726,522491
1687735726,527269
1687735726,546100
1687735726,548085
1687735726,551434
1687735726,563067
1687735726,581553
1687735726,584437
1687735726,589845
1687735726,592948
1687735726,599248
1687735726,604520
1687735726,616127
1687735726,617896
1687735726,639824
1687735726,644439
1687735726,656124
1687735726,667275
1687735726,669498
1687735726,670038
1687735726,671299
1687735726,678077
1687735726,679256
1687735726,682538
1687735726,689987
1687735726,690717
1687735727,361898
1687735727,364407
1687735727,364963
1687735727,374691
1687735727,374839
1687735727,374886
1687735727,383167
1687735727,384540
1687735727,385199
1687735727,391136
1687735727,391739
1687735727,395434
1687735727,400929
1687735727,407617
1687735727,423561
1687735727,434350
1687735727,478413
1687735727,481448
1687735727,487982
1687735727,502004
1687735727,523951
1687735727,534806
1687735727,539933
1687735727,569802
1687735727,571969
1687735727,581187
1687735727,588199
1687735727,599407
1687735727,606859
1687735727,609877
1687735727,632211
1687735727,637155
1687735727,642772
1687735727,652432
1687735727,664532
1687735727,665495
1687735727,667428
1687735727,670327
1687735727,679793
1687735727,680699
1687735727,682249
1687735727,686350
1687735727,688381
1687735727,690205
1687735727,692515
1687735728,349912
1687735728,359907
1687735728,364465
1687735728,365714
1687735728,366089
1687735728,368201
1687735728,370974
1687735728,377167
1687735728,377927
1687735728,382806
1687735728,388221
1687735728,395795
1687735728,410803
1687735728,411145
1687735728,418825
1687735728,431296
1687735728,436613
1687735728,460237
1687735728,465678
1687735728,470960
1687735728,473216
1687735728,496406
1687735728,506072
1687735728,509154
1687735728,522748
1687735728,532988
1687735728,533662
1687735728,541688
1687735728,565720
1687735728,581191
1687735728,583010
1687735728,600492
1687735728,609585
1687735728,609855
1687735728,624730
1687735728,634193
1687735728,636326
1687735728,638380
1687735728,638714
1687735728,655451
1687735728,659768
1687735728,661496
1687735728,668405
1687735728,671039
1687735728,676221
1687735728,680421
1687735728,681280
1687735728,683631
1687735728,686356
1687735728,690092
1687735729,351036
1687735729,363082
1687735729,363470
1687735729,363909
1687735729,372718
1687735729,377238
1687735729,382343
1687735729,382754
1687735729,393369
1687735729,398104
1687735729,404533
1687735729,410675
1687735729,431444
1687735729,434432
1687735729,450547
1687735729,457226
1687735729,463787
1687735729,476720
1687735729,492146
1687735729,495687
1687735729,501787
1687735729,504180
1687735729,512149
1687735729,529257
1687735729,537625
1687735729,539674
1687735729,563029
1687735729,563995
1687735729,576040
1687735729,588038
1687735729,594931
1687735729,604843
1687735729,610913
1687735729,620879
1687735729,631044
1687735729,632443
1687735729,652046
1687735729,652375
1687735729,658001
1687735729,660513
1687735729,675187
1687735729,677083
1687735729,680636
1687735729,685163
1687735729,686000
1687735729,691898
1687735730,346377
1687735730,358195
1687735730,362832
1687735730,364633
1687735730,364640
1687735730,368809
1687735730,370797
1687735730,371061
1687735730,377574
1687735730,381588
1687735730,384020
1687735730,399080
1687735730,402752
1687735730,404178
1687735730,411025
1687735730,424959
1687735730,435302
1687735730,448295
1687735730,458758
1687735730,473794
1687735730,500052
1687735730,519707
1687735730,532934
1687735730,545817
1687735730,551171
1687735730,558015
1687735730,558028
1687735730,567946
1687735730,568365
1687735730,578321
1687735730,584007
1687735730,600673
1687735730,603332
1687735730,604391
1687735730,618605
1687735730,628851
1687735730,632549
1687735730,638075
1687735730,644420
1687735730,655313
1687735730,659761
1687735730,662878
1687735730,665614
1687735730,671624
1687735730,676950
1687735730,685183
1687735730,689148
1687735730,695190
1687735731,361006
1687735731,364400
1687735731,366598
1687735731,369601
1687735731,369893
1687735731,374145
1687735731,388581
1687735731,388965
1687735731,395413
1687735731,410560
1687735731,413673
1687735731,416646
1687735731,425571
1687735731,429331
1687735731,429773
1687735731,438940
1687735731,440050
1687735731,451017
1687735731,452517
1687735731,478140
1687735731,481301
1687735731,487780
1687735731,510983
1687735731,512769
1687735731,526346
1687735731,540365
1687735731,545741
1687735731,552440
1687735731,554168
1687735731,558160
1687735731,558246
1687735731,590461
1687735731,590577
1687735731,615059
1687735731,627000
1687735731,635400
1687735731,644578
1687735731,653428
1687735731,657149
1687735731,661356
1687735731,670556
1687735731,671829
1687735731,678279
1687735731,678929
1687735731,682475
1687735731,683059
1687735731,683711
1687735731,687196
1687735731,687831
1687735731,691449
1687735732,352938
1687735732,355588
1687735732,363163
1687735732,364464
1687735732,367947
1687735732,368876
1687735732,370317
1687735732,371391
1687735732,372033
1687735732,379096
1687735732,381082
1687735732,392190
1687735732,392775
1687735732,399373
1687735732,415333
1687735732,416479
1687735732,423038
1687735732,424284
1687735732,446690
1687735732,452218
1687735732,472929
1687735732,477321
1687735732,487739
1687735732,488610
1687735732,522086
1687735732,527954
1687735732,533588
1687735732,541094
1687735732,577226
1687735732,580737
1687735732,581544
1687735732,582167
1687735732,590022
1687735732,597380
1687735732,610773
1687735732,612135
1687735732,615062
1687735732,624563
1687735732,626089
1687735732,638300
1687735732,640617
1687735732,645433
1687735732,647828
1687735732,655670
1687735732,657292
1687735732,659607
1687735732,667870
1687735732,671740
1687735732,672647
1687735732,680318
1687735732,681796
1687735732,683020
1687735732,685613
1687735732,687329
1687735732,689699
1687735732,689778
1687735732,693843
1687735733,363503
1687735733,368100
1687735733,369022
1687735733,369784
1687735733,370916
1687735733,371834
1687735733,374158
1687735733,374572
1687735733,375610
1687735733,376524
1687735733,396501
1687735733,402895
1687735733,406205
1687735733,406641
1687735733,414002
1687735733,427250
1687735733,434168
1687735733,438248
1687735733,447342
1687735733,452422
1687735733,464018
1687735733,486943
1687735733,497740
1687735733,499695
1687735733,514689
1687735733,532619
1687735733,539546
1687735733,547610
1687735733,556831
1687735733,564446
1687735733,577817
1687735733,589957
1687735733,592855
1687735733,604293
1687735733,615267
1687735733,623848
1687735733,645243
1687735733,649069
1687735733,666681
1687735733,669852
1687735733,672604
1687735733,674629
1687735733,677542
1687735733,679207
1687735733,679824
1687735733,685490
1687735733,687539
1687735733,690039
1687735734,351385
1687735734,358206
1687735734,361246
1687735734,362249
1687735734,362737
1687735734,364023
1687735734,371049
1687735734,372289
1687735734,379565
1687735734,380644
1687735734,383732
1687735734,387495
1687735734,389843
1687735734,396080
1687735734,396573
1687735734,403364
1687735734,409480
1687735734,410245
1687735734,414942
1687735734,423566
1687735734,428302
1687735734,439675
1687735734,442287
1687735734,454285
1687735734,464595
1687735734,465483
1687735734,476862
1687735734,484684
1687735734,490473
1687735734,505292
1687735734,505709
1687735734,513006
1687735734,514368
1687735734,529975
1687735734,541793
1687735734,552287
1687735734,570769
1687735734,571980
1687735734,579452
1687735734,594305
1687735734,602832
1687735734,609105
1687735734,616916
1687735734,622534
1687735734,627420
1687735734,639792
1687735734,645788
1687735734,646562
1687735734,650504
1687735734,662495
1687735734,662947
1687735734,665755
1687735734,666167
1687735734,673245
1687735734,673608
1687735734,683141
1687735734,684124
1687735734,689239
1687735734,689527
1687735734,690168
1687735734,693956
1687735735,366181
1687735735,366864
1687735735,368835
1687735735,369046
1687735735,369461
1687735735,370376
1687735735,373425
1687735735,376025
1687735735,381443
1687735735,384710
1687735735,384855
1687735735,385872
1687735735,393335
1687735735,403511
1687735735,422434
1687735735,425951
1687735735,431413
1687735735,439423
1687735735,453688
1687735735,464938
1687735735,468208
1687735735,469032
1687735735,480101
1687735735,480434
1687735735,491308
1687735735,497630
1687735735,507712
1687735735,518214
1687735735,521706
1687735735,530446
1687735735,531148
1687735735,539574
1687735735,539663
1687735735,539715
1687735735,564128
1687735735,570170
1687735735,570851
1687735735,593014
1687735735,603500
1687735735,609556
1687735735,622408
1687735735,633014
1687735735,633468
1687735735,634681
1687735735,637574
1687735735,640439
1687735735,648720
1687735735,668773
1687735735,670229
1687735735,677849
1687735735,680164
1687735735,687038
1687735735,689356
1687735735,693234
1687735735,693356
1687735736,351487
1687735736,364064
1687735736,366147
1687735736,368433
1687735736,372913
1687735736,373728
1687735736,379621
1687735736,390129
1687735736,402085
1687735736,417509
1687735736,428919
1687735736,431045
1687735736,439855
1687735736,460208
1687735736,464748
1687735736,465790
1687735736,488886
1687735736,499884
1687735736,505049
1687735736,525664
1687735736,526191
1687735736,537349
1687735736,566675
1687735736,566799
1687735736,567858
1687735736,579203
1687735736,583949
1687735736,598127
1687735736,602540
1687735736,604459
1687735736,623701
1687735736,628031
1687735736,630283
1687735736,632712
1687735736,635214
1687735736,646414
1687735736,650528
1687735736,656855
1687735736,665002
1687735736,676909
1687735736,676924
1687735736,680009
1687735736,681014
1687735736,681528
1687735736,681734
1687735736,684126
1687735736,689675
1687735736,689694
1687735737,363766
1687735737,369244
1687735737,371282
1687735737,376008
1687735737,377463
1687735737,380306
1687735737,387686
1687735737,393815
1687735737,401075
1687735737,401299
1687735737,407601
1687735737,423946
1687735737,435145
1687735737,442227
1687735737,447182
1687735737,450936
1687735737,455971
1687735737,482490
1687735737,483656
1687735737,492312
1687735737,508157
1687735737,518423
1687735737,519820
1687735737,521969
1687735737,543400
1687735737,544414
1687735737,545105
1687735737,554225
1687735737,556090
1687735737,561480
1687735737,569197
1687735737,588419
1687735737,589107
1687735737,593500
1687735737,608506
1687735737,612999
1687735737,646338
1687735737,649942
1687735737,654596
1687735737,655949
1687735737,656148
1687735737,659971
1687735737,663289
1687735737,668686
1687735737,672163
1687735737,674836
1687735737,676823
1687735737,683753
1687735737,690544
1687735737,692178
1687735738,350443
1687735738,361352
1687735738,362677
1687735738,364292
1687735738,366325
1687735738,367235
1687735738,373450
1687735738,378358
1687735738,378826
1687735738,395203
1687735738,396385
1687735738,400602
1687735738,415325
1687735738,416376
1687735738,419774
1687735738,432941
1687735738,441157
1687735738,447853
1687735738,455219
1687735738,455567
1687735738,456982
1687735738,467768
1687735738,479977
1687735738,488655
1687735738,503163
1687735738,508398
1687735738,515667
1687735738,519513
1687735738,521535
1687735738,542251
1687735738,543182
1687735738,561461
1687735738,562422
1687735738,586811
1687735738,591647
1687735738,603304
1687735738,617417
1687735738,617765
1687735738,624704
1687735738,629762
1687735738,637799
1687735738,643131
1687735738,651658
1687735738,668416
1687735738,668816
1687735738,677362
1687735738,679848
1687735738,682622
1687735738,685588
1687735738,685590
1687735738,688562
1687735738,691274
1687735738,692056
1687735739,366954
1687735739,372354
1687735739,372567
1687735739,374580
1687735739,379131
1687735739,379704
1687735739,388171
1687735739,388221
1687735739,388924
1687735739,391384
1687735739,395166
1687735739,397625
1687735739,406809
1687735739,419135
1687735739,431464
1687735739,449310
1687735739,457957
1687735739,460220
1687735739,476359
1687735739,483991
1687735739,495950
1687735739,497053
1687735739,507705
1687735739,531121
1687735739,543033
1687735739,544325
1687735739,554296
1687735739,561676
1687735739,563533
1687735739,583348
1687735739,585908
1687735739,587176
1687735739,594765
1687735739,600632
1687735739,611717
1687735739,614496
1687735739,619193
1687735739,621130
1687735739,635571
1687735739,646357
1687735739,647422
1687735739,659939
1687735739,665473
1687735739,667861
1687735739,671523
1687735739,677643
1687735739,682620
1687735739,683221
1687735739,683509
1687735739,688208
1687735739,701385
1687735740,356643
1687735740,360306
1687735740,360559
1687735740,363257
1687735740,370998
1687735740,372622
1687735740,376147
1687735740,379464
1687735740,382625
1687735740,386213
1687735740,391575
1687735740,410446
1687735740,411113
1687735740,417591
1687735740,429147
1687735740,437357
1687735740,437504
1687735740,440237
1687735740,469137
1687735740,476457
1687735740,484503
1687735740,484677
1687735740,492782
1687735740,510026
1687735740,516006
1687735740,520255
1687735740,520353
1687735740,536918
1687735740,542555
1687735740,544182
1687735740,571007
1687735740,581213
1687735740,589847
1687735740,601110
1687735740,611550
1687735740,614422
1687735740,622345
1687735740,625915
1687735740,640904
1687735740,644130
1687735740,659016
1687735740,664384
1687735740,668478
1687735740,669680
1687735740,675728
1687735740,678887
1687735740,679424
1687735740,682336
1687735740,686319
1687735741,359358
1687735741,359713
1687735741,363411
1687735741,366752
1687735741,368421
1687735741,368730
1687735741,374172
1687735741,377784
1687735741,379475
1687735741,381392
1687735741,385023
1687735741,387746
1687735741,392520
1687735741,393007
1687735741,394187
1687735741,400148
1687735741,403050
1687735741,408649
1687735741,414891
1687735741,431888
1687735741,432096
1687735741,448043
1687735741,460547
1687735741,470134
1687735741,470568
1687735741,475257
1687735741,490570
1687735741,497284
1687735741,501943
1687735741,510066
1687735741,514096
1687735741,534266
1687735741,535545
1687735741,560627
1687735741,572615
1687735741,574244
1687735741,594899
1687735741,597292
1687735741,606999
1687735741,610063
1687735741,632420
1687735741,635029
1687735741,637860
1687735741,650675
1687735741,652704
1687735741,666846
1687735741,667878
1687735741,675791
1687735741,679886
1687735741,680489
1687735741,683719
1687735741,685000
1687735741,690155
1687735742,360812
1687735742,362501
1687735742,366131
1687735742,366657
1687735742,368032
1687735742,368511
1687735742,377992
1687735742,379976
1687735742,383087
1687735742,395139
1687735742,401782
1687735742,405282
1687735742,408143
1687735742,409409
1687735742,413562
1687735742,427530
1687735742,431736
1687735742,446395
1687735742,451248
1687735742,461775
1687735742,465411
1687735742,469576
1687735742,477237
1687735742,490186
1687735742,493143
1687735742,509208
1687735742,510524
1687735742,513512
1687735742,533631
1687735742,556580
1687735742,565841
1687735742,570268
1687735742,574019
1687735742,577905
1687735742,600490
1687735742,603597
1687735742,608209
1687735742,609902
1687735742,635839
1687735742,638220
1687735742,642166
1687735742,656791
1687735742,657834
1687735742,658548
1687735742,666712
1687735742,673951
1687735742,677166
1687735742,681122
1687735742,686314
1687735742,692965
1687735742,693124
1687735742,695131
1687735742,696063
1687735743,359512
1687735743,360370
1687735743,363070
1687735743,363195
1687735743,364405
1687735743,366246
1687735743,376307
1687735743,377541
1687735743,387796
1687735743,388246
1687735743,411443
1687735743,413157
1687735743,422709
1687735743,435104
1687735743,436472
1687735743,445310
1687735743,452713
1687735743,454938
1687735743,458071
1687735743,472638
1687735743,480704
1687735743,496803
1687735743,510016
1687735743,517152
1687735743,526333
1687735743,536036
1687735743,536186
1687735743,536593
1687735743,549454
1687735743,554424
1687735743,595586
1687735743,615399
1687735743,618569
1687735743,618726
1687735743,634281
1687735743,634381
1687735743,637366
1687735743,652557
1687735743,654735
1687735743,661592
1687735743,668556
1687735743,670699
1687735743,680936
1687735743,681689
1687735743,683349
1687735743,686339
1687735744,350453
1687735744,361853
1687735744,366010
1687735744,367457
1687735744,371234
1687735744,374768
1687735744,376154
1687735744,376850
1687735744,377478
1687735744,385573
1687735744,392504
1687735744,396165
1687735744,405646
1687735744,413053
1687735744,419269
1687735744,422034
1687735744,423599
1687735744,425054
1687735744,430680
1687735744,442274
1687735744,453965
1687735744,471829
1687735744,481599
1687735744,492276
1687735744,495742
1687735744,518414
1687735744,530596
1687735744,531200
1687735744,550024
1687735744,555479
1687735744,560589
1687735744,574918
1687735744,588943
1687735744,597025
1687735744,626799
1687735744,633451
1687735744,640899
1687735744,649560
1687735744,652029
1687735744,656659
1687735744,659621
1687735744,660098
1687735744,667893
1687735744,674527
1687735744,677702
1687735744,680463
1687735744,689963
1687735744,692827
1687735745,355169
1687735745,356000
1687735745,360414
1687735745,364613
1687735745,368828
1687735745,375506
1687735745,376311
1687735745,389912
1687735745,405497
1687735745,424283
1687735745,439384
1687735745,442099
1687735745,448306
1687735745,454817
1687735745,462604
1687735745,482308
1687735745,486054
1687735745,513999
1687735745,523864
1687735745,542168
1687735745,557239
1687735745,563718
1687735745,574085
1687735745,581711
1687735745,583404
1687735745,593647
1687735745,613458
1687735745,618652
1687735745,620143
1687735745,636047
1687735745,642899
1687735745,653237
1687735745,655074
1687735745,666656
1687735745,668032
1687735745,673710
1687735745,675728
1687735745,678292
1687735745,679717
1687735745,682035
1687735745,683917
1687735745,687187
1687735746,343490
1687735746,357640
1687735746,361428
1687735746,365267
1687735746,367524
1687735746,370024
1687735746,370627
1687735746,371869
1687735746,376019
1687735746,392934
1687735746,394088
1687735746,397455
1687735746,409118
1687735746,410931
1687735746,418075
1687735746,435804
1687735746,444210
1687735746,448203
1687735746,461961
1687735746,466966
1687735746,475785
1687735746,476792
1687735746,486937
1687735746,500573
1687735746,506834
1687735746,507254
1687735746,507757
1687735746,513348
1687735746,524678
1687735746,529409
1687735746,548381
1687735746,549717
1687735746,550294
1687735746,565331
1687735746,579292
1687735746,582214
1687735746,601004
1687735746,606328
1687735746,608704
1687735746,614174
1687735746,619377
1687735746,623092
1687735746,640996
1687735746,641293
1687735746,645540
1687735746,654813
1687735746,666302
1687735746,670280
1687735746,676646
1687735746,678286
1687735746,682190
1687735746,691037
1687735746,691093
1687735747,365239
1687735747,365481
1687735747,372270
1687735747,373562
1687735747,375214
1687735747,381931
1687735747,383078
1687735747,385914
1687735747,389834
1687735747,390599
1687735747,402602
1687735747,405867
1687735747,425445
1687735747,479054
1687735747,480595
1687735747,490077
1687735747,504176
1687735747,525915
1687735747,536957
1687735747,563297
1687735747,567826
1687735747,579115
1687735747,586001
1687735747,590134
1687735747,607613
1687735747,608347
1687735747,625416
1687735747,633536
1687735747,638537
1687735747,643244
1687735747,653961
1687735747,663815
1687735747,664159
1687735747,665396
1687735747,667499
1687735747,668421
1687735747,669228
1687735747,680476
1687735747,680486
1687735747,680533
1687735747,683334
1687735747,686136
1687735747,687267
1687735748,349164
1687735748,360252
1687735748,365435
1687735748,366179
1687735748,370268
1687735748,372792
1687735748,378221
1687735748,379393
1687735748,381592
1687735748,386601
1687735748,397347
1687735748,409389
1687735748,409618
1687735748,420968
1687735748,429365
1687735748,434675
1687735748,463439
1687735748,468721
1687735748,475255
1687735748,498498
1687735748,502053
1687735748,503935
1687735748,506964
1687735748,524813
1687735748,530830
1687735748,531573
1687735748,539631
1687735748,547914
1687735748,579050
1687735748,584917
1687735748,602121
1687735748,607504
1687735748,607861
1687735748,626465
1687735748,632124
1687735748,634449
1687735748,637196
1687735748,660876
1687735748,672355
1687735748,677377
1687735748,679776
1687735748,684565
1687735748,686209
1687735748,689723
1687735748,691784
1687735749,351285
1687735749,360957
1687735749,362900
1687735749,363245
1687735749,364213
1687735749,365023
1687735749,379457
1687735749,383732
1687735749,395011
1687735749,397086
1687735749,402641
1687735749,405966
1687735749,412656
1687735749,429583
1687735749,436262
1687735749,448579
1687735749,456551
1687735749,465838
1687735749,478846
1687735749,489945
1687735749,493521
1687735749,503906
1687735749,514285
1687735749,526995
1687735749,541942
1687735749,566194
1687735749,577947
1687735749,592883
1687735749,596787
1687735749,602752
1687735749,612580
1687735749,622593
1687735749,630252
1687735749,632702
1687735749,653450
1687735749,653504
1687735749,656736
1687735749,658983
1687735749,674369
1687735749,678091
1687735749,680646
1687735749,685339
1687735750,346410
1687735750,362592
1687735750,363909
1687735750,365827
1687735750,369227
1687735750,371120
1687735750,375760
1687735750,376621
1687735750,382519
1687735750,382885
1687735750,387528
1687735750,400499
1687735750,401291
1687735750,412818
1687735750,428055
1687735750,450490
1687735750,456652
1687735750,476011
1687735750,493505
1687735750,501963
1687735750,506714
1687735750,517504
1687735750,531020
1687735750,553320
1687735750,555875
1687735750,560301
1687735750,566462
1687735750,580298
1687735750,585964
1687735750,602313
1687735750,602443
1687735750,605166
1687735750,615941
1687735750,626994
1687735750,630595
1687735750,645826
1687735750,653650
1687735750,660972
1687735750,666248
1687735750,669837
1687735750,671023
1687735750,677542
1687735750,684476
1687735750,685357
1687735750,688072
1687735750,688605
1687735750,694762
1687735751,361435
1687735751,364171
1687735751,367190
1687735751,368582
1687735751,369616
1687735751,374587
1687735751,390230
1687735751,390341
1687735751,393845
1687735751,412008
1687735751,414975
1687735751,423707
1687735751,431406
1687735751,441219
1687735751,450480
1687735751,453287
1687735751,453589
1687735751,479096
1687735751,480236
1687735751,489779
1687735751,510719
1687735751,513267
1687735751,524077
1687735751,542411
1687735751,550345
1687735751,552219
1687735751,556320
1687735751,560350
1687735751,569501
1687735751,588464
1687735751,592487
1687735751,594628
1687735751,616481
1687735751,616726
1687735751,624808
1687735751,636934
1687735751,654863
1687735751,655335
1687735751,662716
1687735751,670921
1687735751,677015
1687735751,678899
1687735751,682746
1687735751,683200
1687735751,684144
1687735751,686550
1687735751,687262
1687735751,689471
1687735752,351832
1687735752,356506
1687735752,359352
1687735752,363339
1687735752,365039
1687735752,367921
1687735752,368392
1687735752,371163
1687735752,372208
1687735752,382212
1687735752,391424
1687735752,393180
1687735752,398084
1687735752,417205
1687735752,418334
1687735752,421309
1687735752,426505
1687735752,448894
1687735752,450192
1687735752,475041
1687735752,475361
1687735752,486263
1687735752,489720
1687735752,515501
1687735752,520076
1687735752,529892
1687735752,534862
1687735752,535680
1687735752,537705
1687735752,556418
1687735752,558711
1687735752,579267
1687735752,579322
1687735752,580325
1687735752,582788
1687735752,587978
1687735752,594638
1687735752,595414
1687735752,610012
1687735752,616686
1687735752,622535
1687735752,627418
1687735752,636559
1687735752,641907
1687735752,646106
1687735752,658421
1687735752,660767
1687735752,670540
1687735752,673424
1687735752,675254
1687735752,682354
1687735752,683709
1687735752,684651
1687735752,686751
1687735752,689791
1687735752,689909
1687735752,693807
1687735753,363446
1687735753,368725
1687735753,368727
1687735753,369113
1687735753,370663
1687735753,371768
1687735753,373863
1687735753,375174
1687735753,376733
1687735753,376892
1687735753,389019
1687735753,395363
1687735753,401249
1687735753,404691
1687735753,408176
1687735753,411967
1687735753,429368
1687735753,432459
1687735753,445549
1687735753,454538
1687735753,466100
1687735753,484753
1687735753,495797
1687735753,506212
1687735753,516603
1687735753,545579
1687735753,558995
1687735753,566555
1687735753,575573
1687735753,602170
1687735753,616966
1687735753,625279
1687735753,631463
1687735753,646228
1687735753,647298
1687735753,659954
1687735753,668040
1687735753,673150
1687735753,673606
1687735753,678261
1687735753,678631
1687735753,679244
1687735753,685589
1687735753,687819
1687735753,690809
1687735754,350944
1687735754,357564
1687735754,362292
1687735754,362333
1687735754,362902
1687735754,363009
1687735754,371568
1687735754,378532
1687735754,381401
1687735754,382754
1687735754,388717
1687735754,394134
1687735754,394520
1687735754,397380
1687735754,405041
1687735754,407988
1687735754,408917
1687735754,413389
1687735754,425425
1687735754,440248
1687735754,441646
1687735754,462648
1687735754,467633
1687735754,474992
1687735754,475095
1687735754,486856
1687735754,492336
1687735754,497650
1687735754,507333
1687735754,507514
1687735754,510983
1687735754,512440
1687735754,532141
1687735754,539752
1687735754,543617
1687735754,554520
1687735754,568774
1687735754,573932
1687735754,577269
1687735754,596211
1687735754,602317
1687735754,604369
1687735754,607206
1687735754,614862
1687735754,624194
1687735754,629029
1687735754,641226
1687735754,644931
1687735754,647172
1687735754,651816
1687735754,663611
1687735754,664077
1687735754,664500
1687735754,664741
1687735754,668344
1687735754,672900
1687735754,674305
1687735754,684706
1687735754,688810
1687735754,689879
1687735754,690506
1687735754,691353
1687735754,694091
1687735755,366228
1687735755,367141
1687735755,368169
1687735755,369380
1687735755,369567
1687735755,370412
1687735755,373266
1687735755,375133
1687735755,382574
1687735755,383688
1687735755,386277
1687735755,403637
1687735755,405404
1687735755,424318
1687735755,424479
1687735755,430221
1687735755,441452
1687735755,467087
1687735755,467119
1687735755,470295
1687735755,482226
1687735755,493289
1687735755,495366
1687735755,509814
1687735755,519764
1687735755,528057
1687735755,533311
1687735755,537678
1687735755,541648
1687735755,568933
1687735755,572193
1687735755,581205
1687735755,594875
1687735755,601501
1687735755,611206
1687735755,620273
1687735755,634372
1687735755,635575
1687735755,636082
1687735755,638597
1687735755,650060
1687735755,669706
1687735755,678500
1687735755,679783
1687735755,686823
1687735755,688709
1687735755,692916
1687735756,351774
1687735756,359628
1687735756,362507
1687735756,363510
1687735756,366474
1687735756,367929
1687735756,373330
1687735756,374607
1687735756,378401
1687735756,378467
1687735756,403879
1687735756,419405
1687735756,427259
1687735756,429170
1687735756,441966
1687735756,451347
1687735756,460211
1687735756,462882
1687735756,467801
1687735756,482510
1687735756,486863
1687735756,497465
1687735756,507187
1687735756,523499
1687735756,528283
1687735756,535451
1687735756,561681
1687735756,564428
1687735756,570151
1687735756,584036
1687735756,585631
1687735756,591122
1687735756,595924
1687735756,600336
1687735756,605901
1687735756,625256
1687735756,625842
1687735756,630908
1687735756,632091
1687735756,636357
1687735756,651403
1687735756,658300
1687735756,663719
1687735756,673265
1687735756,675887
1687735756,676285
1687735756,680548
1687735756,680737
1687735756,681290
1687735756,681985
1687735756,682644
1687735756,682955
1687735756,689620
1687735756,690301
1687735756,693661
1687735757,363877
1687735757,367380
1687735757,368568
1687735757,372111
1687735757,376373
1687735757,377346
1687735757,379393
1687735757,386616
1687735757,386652
1687735757,390977
1687735757,392219
1687735757,399755
1687735757,409278
1687735757,422337
1687735757,433447
1687735757,438406
1687735757,444403
1687735757,445393
1687735757,449104
1687735757,457894
1687735757,481387
1687735757,484454
1687735757,490095
1687735757,510210
1687735757,519970
1687735757,520441
1687735757,522013
1687735757,541359
1687735757,543167
1687735757,546714
1687735757,553050
1687735757,553904
1687735757,556216
1687735757,559373
1687735757,571444
1687735757,586178
1687735757,591374
1687735757,610240
1687735757,614635
1687735757,648187
1687735757,654597
1687735757,655974
1687735757,657282
1687735757,658553
1687735757,664668
1687735757,669518
1687735757,673664
1687735757,676083
1687735757,677143
1687735757,683921
1687735757,690765
1687735757,692322
1687735758,350319
1687735758,361598
1687735758,363356
1687735758,363598
1687735758,367571
1687735758,369209
1687735758,372860
1687735758,377379
1687735758,377744
1687735758,380341
1687735758,394063
1687735758,397984
1687735758,402100
1687735758,417179
1687735758,418301
1687735758,425763
1687735758,435076
1687735758,443193
1687735758,446069
1687735758,453066
1687735758,459137
1687735758,482062
1687735758,486701
1687735758,505060
1687735758,519550
1687735758,521514
1687735758,544483
1687735758,545308
1687735758,560362
1687735758,562123
1687735758,563506
1687735758,583948
1687735758,588677
1687735758,589541
1687735758,605059
1687735758,609751
1687735758,616254
1687735758,618867
1687735758,622572
1687735758,631101
1687735758,639147
1687735758,642369
1687735758,644395
1687735758,650123
1687735758,660243
1687735758,667343
1687735758,669616
1687735758,678083
1687735758,680361
1687735758,681982
1687735758,683565
1687735758,684686
1687735758,685249
1687735758,689330
1687735758,690945
1687735759,364114
1687735759,366996
1687735759,372326
1687735759,373275
1687735759,374801
1687735759,378568
1687735759,386884
1687735759,389444
1687735759,389564
1687735759,393082
1687735759,396391
1687735759,397136
1687735759,404990
1687735759,415053
1687735759,421009
1687735759,429635
1687735759,433460
1687735759,447494
1687735759,458189
1687735759,460012
1687735759,473949
1687735759,484613
1687735759,485886
1687735759,497958
1687735759,499087
1687735759,505624
1687735759,514072
1687735759,533194
1687735759,542554
1687735759,563975
1687735759,581302
1687735759,583751
1687735759,589224
1687735759,596528
1687735759,612405
1687735759,618023
1687735759,620697
1687735759,622534
1687735759,637219
1687735759,644426
1687735759,648654
1687735759,660073
1687735759,660751
1687735759,664067
1687735759,666217
1687735759,667314
1687735759,670548
1687735759,683049
1687735759,683201
1687735759,684249
1687735759,688778
1687735759,700751
1687735760,356927
1687735760,357126
1687735760,360447
1687735760,360616
1687735760,363426
1687735760,368390
1687735760,370534
1687735760,370651
1687735760,371476
1687735760,377451
1687735760,378822
1687735760,380157
1687735760,380763
1687735760,384074
1687735760,385324
1687735760,390373
1687735760,396540
1687735760,409694
1687735760,412333
1687735760,415731
1687735760,419519
1687735760,431171
1687735760,433922
1687735760,435299
1687735760,435378
1687735760,450194
1687735760,456625
1687735760,467102
1687735760,478670
1687735760,482418
1687735760,482486
1687735760,494771
1687735760,508039
1687735760,518297
1687735760,522271
1687735760,522301
1687735760,539014
1687735760,540401
1687735760,542137
1687735760,565587
1687735760,568926
1687735760,583146
1687735760,587653
1687735760,602732
1687735760,609621
1687735760,615815
1687735760,617612
1687735760,623975
1687735760,627459
1687735760,639430
1687735760,639483
1687735760,642516
1687735760,643122
1687735760,647267
1687735760,665347
1687735760,669038
1687735760,670810
1687735760,676285
1687735760,678443
1687735760,679991
1687735760,683261
1687735760,685962
1687735760,687594
1687735761,359440
1687735761,359502
1687735761,363908
1687735761,366043
1687735761,368842
1687735761,369692
1687735761,375169
1687735761,376597
1687735761,378886
1687735761,386829
1687735761,391625
1687735761,392822
1687735761,399006
1687735761,404001
1687735761,410278
1687735761,413277
1687735761,430368
1687735761,433814
1687735761,462647
1687735761,472236
1687735761,472762
1687735761,473311
1687735761,488468
1687735761,499153
1687735761,499664
1687735761,508038
1687735761,512037
1687735761,532319
1687735761,537704
1687735761,562860
1687735761,568844
1687735761,572207
1687735761,574700
1687735761,592921
1687735761,598991
1687735761,605006
1687735761,608107
1687735761,630377
1687735761,635910
1687735761,652015
1687735761,653662
1687735761,659701
1687735761,665209
1687735761,668976
1687735761,679131
1687735761,679609
1687735761,683992
1687735761,690093
1687735761,695816
1687735762,360018
1687735762,363660
1687735762,365767
1687735762,367448
1687735762,367570
1687735762,367885
1687735762,377063
1687735762,380907
1687735762,382177
1687735762,396939
1687735762,400308
1687735762,407823
1687735762,429877
1687735762,430662
1687735762,448413
1687735762,453360
1687735762,459786
1687735762,463055
1687735762,471593
1687735762,491038
1687735762,492790
1687735762,506721
1687735762,512727
1687735762,531799
1687735762,537504
1687735762,538028
1687735762,558707
1687735762,563754
1687735762,568109
1687735762,576022
1687735762,579865
1687735762,598671
1687735762,602465
1687735762,605023
1687735762,607887
1687735762,609670
1687735762,616451
1687735762,623298
1687735762,631043
1687735762,633806
1687735762,643605
1687735762,656500
1687735762,657245
1687735762,657937
1687735762,658138
1687735762,663949
1687735762,667645
1687735762,675045
1687735762,676557
1687735762,684551
1687735762,686606
1687735762,691178
1687735762,692449
1687735762,693018
1687735762,696058
1687735763,363708
1687735763,365014
1687735763,366253
1687735763,366932
1687735763,373708
1687735763,375830
1687735763,376216
1687735763,376587
1687735763,382032
1687735763,389173
1687735763,389313
1687735763,399960
1687735763,409736
1687735763,414188
1687735763,421285
1687735763,434354
1687735763,437203
1687735763,447293
1687735763,452863
1687735763,457565
1687735763,474762
1687735763,482679
1687735763,511937
1687735763,515341
1687735763,524179
1687735763,534145
1687735763,534186
1687735763,538554
1687735763,551474
1687735763,556552
1687735763,560920
1687735763,597276
1687735763,616829
1687735763,617113
1687735763,635849
1687735763,638830
1687735763,653164
1687735763,654079
1687735763,669537
1687735763,669724
1687735763,681327
1687735763,682709
1687735763,683187
1687735763,687014
1687735763,687729
1687735763,691753
1687735764,361990
1687735764,365282
1687735764,367111
1687735764,370106
1687735764,375203
1687735764,378467
1687735764,383799
1687735764,391373
1687735764,395091
1687735764,406433
1687735764,414874
1687735764,417521
1687735764,424149
1687735764,427170
1687735764,428809
1687735764,444531
1687735764,451729
1687735764,458153
1687735764,473821
1687735764,479660
1687735764,490182
1687735764,516277
1687735764,529036
1687735764,532618
1687735764,552175
1687735764,553492
1687735764,558619
1687735764,577069
1687735764,586633
1687735764,595212
1687735764,595537
1687735764,628334
1687735764,631514
1687735764,642359
1687735764,647733
1687735764,650344
1687735764,654904
1687735764,661234
1687735764,666739
1687735764,672814
1687735764,673824
1687735764,677314
1687735764,681118
1687735764,689579
1687735764,693357
1687735765,354412
1687735765,356007
1687735765,361765
1687735765,363816
1687735765,371803
1687735765,376009
1687735765,376372
1687735765,377004
1687735765,379854
1687735765,388784
1687735765,406997
1687735765,414798
1687735765,426219
1687735765,437473
1687735765,439895
1687735765,450487
1687735765,452843
1687735765,464680
1687735765,480104
1687735765,487992
1687735765,513622
1687735765,515931
1687735765,525963
1687735765,540200
1687735765,545072
1687735765,550917
1687735765,555177
1687735765,566046
1687735765,576074
1687735765,579443
1687735765,581270
1687735765,615302
1687735765,618350
1687735765,620070
1687735765,637186
1687735765,640669
1687735765,641038
1687735765,645920
1687735765,653436
1687735765,654360
1687735765,664752
1687735765,667694
1687735765,676442
1687735765,678971
1687735765,679211
1687735765,682041
1687735765,683318
1687735765,687134
1687735766,343535
1687735766,364956
1687735766,367262
1687735766,369766
1687735766,370855
1687735766,372421
1687735766,375261
1687735766,392723
1687735766,394120
1687735766,399276
1687735766,407669
1687735766,409388
1687735766,419929
1687735766,438052
1687735766,442223
1687735766,450323
1687735766,464168
1687735766,473815
1687735766,474641
1687735766,504686
1687735766,505744
1687735766,508656
1687735766,509297
1687735766,511213
1687735766,526890
1687735766,531577
1687735766,547979
1687735766,550004
1687735766,550642
1687735766,552557
1687735766,577041
1687735766,579965
1687735766,592638
1687735766,602709
1687735766,608152
1687735766,612174
1687735766,620847
1687735766,624533
1687735766,642758
1687735766,646653
1687735766,653442
1687735766,653999
1687735766,665287
1687735766,671081
1687735766,675145
1687735766,677311
1687735766,681808
1687735766,683343
1687735766,691295
1687735766,692165
1687735767,366075
1687735767,366645
1687735767,372374
1687735767,375398
1687735767,375469
1687735767,380754
1687735767,387333
1687735767,388559
1687735767,389442
1687735767,404120
1687735767,404334
1687735767,427369
1687735767,436563
1687735767,476659
1687735767,506327
1687735767,527915
1687735767,539121
1687735767,565873
1687735767,567578
1687735767,576933
1687735767,577045
1687735767,592043
1687735767,605321
1687735767,609794
1687735767,628152
1687735767,634849
1687735767,655462
1687735767,662746
1687735767,666248
1687735767,666529
1687735767,668114
1687735767,669364
1687735767,676362
1687735767,680292
1687735767,681143
1687735767,683513
1687735767,685845
1687735767,686134
1687735768,348443
1687735768,359876
1687735768,360656
1687735768,360968
1687735768,364848
1687735768,369591
1687735768,373346
1687735768,379324
1687735768,380424
1687735768,380935
1687735768,385000
1687735768,398957
1687735768,407997
1687735768,408073
1687735768,423150
1687735768,427470
1687735768,432763
1687735768,461207
1687735768,466512
1687735768,477275
1687735768,500613
1687735768,501773
1687735768,504796
1687735768,526904
1687735768,528645
1687735768,529484
1687735768,536633
1687735768,537590
1687735768,556949
1687735768,586817
1687735768,603719
1687735768,605400
1687735768,605853
1687735768,630038
1687735768,632563
1687735768,635703
1687735768,636592
1687735768,644228
1687735768,661898
1687735768,673569
1687735768,678539
1687735768,679087
1687735768,679976
1687735768,685480
1687735768,686008
1687735768,689349
1687735769,351596
1687735769,362780
1687735769,363108
1687735769,364539
1687735769,365658
1687735769,384787
1687735769,393480
1687735769,396105
1687735769,401125
1687735769,407439
1687735769,414649
1687735769,427762
1687735769,438138
1687735769,467898
1687735769,487717
1687735769,491335
1687735769,498862
1687735769,505992
1687735769,516436
1687735769,524750
1687735769,544175
1687735769,567541
1687735769,568370
1687735769,579872
1687735769,587840
1687735769,590821
1687735769,591664
1687735769,600632
1687735769,624287
1687735769,628079
1687735769,634405
1687735769,654625
1687735769,654835
1687735769,655501
1687735769,657437
1687735769,658303
1687735769,673524
1687735769,679061
1687735769,679772
1687735769,680660
1687735769,685539
1687735769,688727
1687735769,691372
1687735770,346512
1687735770,362384
1687735770,363189
1687735770,367028
1687735770,369675
1687735770,371449
1687735770,375755
1687735770,381676
1687735770,383541
1687735770,389265
1687735770,399872
1687735770,401941
1687735770,414641
1687735770,446668
1687735770,452707
1687735770,454610
1687735770,478200
1687735770,491279
1687735770,503901
1687735770,515274
1687735770,529081
1687735770,553745
1687735770,555487
1687735770,562571
1687735770,564554
1687735770,582287
1687735770,600220
1687735770,604143
1687735770,606968
1687735770,625106
1687735770,628667
1687735770,632389
1687735770,647189
1687735770,652005
1687735770,662214
1687735770,666892
1687735770,678068
1687735770,685529
1687735770,688074
1687735770,694293
1687735771,351248
1687735771,363977
1687735771,367593
1687735771,367791
1687735771,369362
1687735771,375048
1687735771,391519
1687735771,392163
1687735771,410360
1687735771,413357
1687735771,421853
1687735771,426331
1687735771,433520
1687735771,443475
1687735771,448446
1687735771,450985
1687735771,451623
1687735771,455560
1687735771,465737
1687735771,482307
1687735771,491760
1687735771,508659
1687735771,515575
1687735771,521829
1687735771,544465
1687735771,548271
1687735771,554341
1687735771,562513
1687735771,614856
1687735771,617894
1687735771,622619
1687735771,629471
1687735771,647263
1687735771,650786
1687735771,653471
1687735771,656350
1687735771,664048
1687735771,669076
1687735771,669966
1687735771,676317
1687735771,682435
1687735771,683886
1687735771,684576
1687735771,686658
1687735772,350771
1687735772,357465
1687735772,361874
1687735772,363496
1687735772,367901
1687735772,367902
1687735772,370373
1687735772,373035
1687735772,383381
1687735772,383901
1687735772,390086
1687735772,394254
1687735772,396786
1687735772,419080
1687735772,419574
1687735772,428731
1687735772,434901
1687735772,448169
1687735772,451101
1687735772,473410
1687735772,477120
1687735772,483913
1687735772,518055
1687735772,531821
1687735772,537735
1687735772,541496
1687735772,550255
1687735772,558544
1687735772,577086
1687735772,578501
1687735772,581281
1687735772,584865
1687735772,585918
1687735772,593453
1687735772,620519
1687735772,628730
1687735772,634760
1687735772,643195
1687735772,644351
1687735772,652302
1687735772,659526
1687735772,661926
1687735772,669298
1687735772,674156
1687735772,682897
1687735772,683599
1687735772,689831
1687735772,690015
1687735772,693750
1687735773,368495
1687735773,369376
1687735773,370426
1687735773,370990
1687735773,371752
1687735773,373213
1687735773,376208
1687735773,377331
1687735773,377691
1687735773,377847
1687735773,394214
1687735773,399629
1687735773,409757
1687735773,409943
1687735773,422282
1687735773,430771
1687735773,431515
1687735773,443716
1687735773,456639
1687735773,468183
1687735773,482520
1687735773,493841
1687735773,518538
1687735773,535869
1687735773,537103
1687735773,543534
1687735773,561193
1687735773,568677
1687735773,573328
1687735773,600041
1687735773,618683
1687735773,626704
1687735773,639909
1687735773,645465
1687735773,647235
1687735773,669379
1687735773,672518
1687735773,673693
1687735773,678078
1687735773,678690
1687735773,678959
1687735773,685665
1687735773,688081
1687735773,691589
1687735774,350596
1687735774,357004
1687735774,360236
1687735774,361796
1687735774,362351
1687735774,363305
1687735774,363468
1687735774,372141
1687735774,377524
1687735774,381824
1687735774,382188
1687735774,387603
1687735774,390629
1687735774,395737
1687735774,395773
1687735774,406539
1687735774,406748
1687735774,407568
1687735774,411863
1687735774,427310
1687735774,438217
1687735774,443637
1687735774,460694
1687735774,469779
1687735774,472962
1687735774,473143
1687735774,489012
1687735774,495621
1687735774,508929
1687735774,509282
1687735774,509400
1687735774,510510
1687735774,534306
1687735774,537688
1687735774,556775
1687735774,566789
1687735774,575105
1687735774,575885
1687735774,604050
1687735774,605280
1687735774,605917
1687735774,612843
1687735774,625833
1687735774,630615
1687735774,642642
1687735774,643256
1687735774,648540
1687735774,653123
1687735774,663224
1687735774,663231
1687735774,664649
1687735774,665204
1687735774,666778
1687735774,672210
1687735774,679438
1687735774,685215
1687735774,690143
1687735774,690796
1687735774,694157
1687735775,366270
1687735775,367475
1687735775,369350
1687735775,370107
1687735775,370540
1687735775,373133
1687735775,382530
1687735775,387902
1687735775,402030
1687735775,407352
1687735775,422693
1687735775,426568
1687735775,427887
1687735775,432223
1687735775,443520
1687735775,449077
1687735775,461050
1687735775,465150
1687735775,469248
1687735775,472342
1687735775,482789
1687735775,484358
1687735775,492108
1687735775,493116
1687735775,495267
1687735775,511931
1687735775,517829
1687735775,535461
1687735775,535737
1687735775,543645
1687735775,560122
1687735775,567009
1687735775,574178
1687735775,596713
1687735775,599484
1687735775,612829
1687735775,618155
1687735775,635690
1687735775,636709
1687735775,651389
1687735775,669996
1687735775,670598
1687735775,679098
1687735775,686588
1687735775,687969
1687735775,692515
1687735776,352106
1687735776,359815
1687735776,361799
1687735776,363003
1687735776,366797
1687735776,367457
1687735776,373736
1687735776,375559
1687735776,377175
1687735776,377358
1687735776,391937
1687735776,398463
1687735776,405677
1687735776,421304
1687735776,425597
1687735776,427348
1687735776,436542
1687735776,444067
1687735776,462386
1687735776,465060
1687735776,469807
1687735776,480970
1687735776,484599
1687735776,484841
1687735776,495054
1687735776,499934
1687735776,502500
1687735776,509334
1687735776,521314
1687735776,530400
1687735776,533559
1687735776,562183
1687735776,572397
1687735776,583188
1687735776,586003
1687735776,587301
1687735776,593730
1687735776,598117
1687735776,606625
1687735776,607343
1687735776,614225
1687735776,621198
1687735776,623673
1687735776,626761
1687735776,629100
1687735776,633897
1687735776,652298
1687735776,658423
1687735776,659717
1687735776,662364
1687735776,674337
1687735776,674843
1687735776,675610
1687735776,676608
1687735776,680430
1687735776,681778
1687735776,682459
1687735776,682583
1687735776,683542
1687735776,689558
1687735776,690882
1687735777,360957
1687735777,364020
1687735777,366036
1687735777,367537
1687735777,367936
1687735777,372949
1687735777,376699
1687735777,376768
1687735777,378481
1687735777,379353
1687735777,385586
1687735777,390709
1687735777,398611
1687735777,410971
1687735777,417899
1687735777,420778
1687735777,431757
1687735777,443622
1687735777,446566
1687735777,447325
1687735777,452322
1687735777,459814
1687735777,479089
1687735777,484138
1687735777,486452
1687735777,487871
1687735777,512263
1687735777,517984
1687735777,522450
1687735777,524242
1687735777,539374
1687735777,541257
1687735777,549009
1687735777,551674
1687735777,557289
1687735777,558202
1687735777,559857
1687735777,573698
1687735777,583860
1687735777,589261
1687735777,593096
1687735777,611986
1687735777,616248
1687735777,646425
1687735777,653173
1687735777,657100
1687735777,657346
1687735777,666066
1687735777,666260
1687735777,670360
1687735777,671802
1687735777,672483
1687735777,675274
1687735777,680590
1687735777,684102
1687735777,690944
1687735777,692454
1687735778,350238
1687735778,361850
1687735778,362917
1687735778,364062
1687735778,368864
1687735778,369627
1687735778,372249
1687735778,376435
1687735778,399584
1687735778,403227
1687735778,403626
1687735778,409844
1687735778,416848
1687735778,419067
1687735778,437254
1687735778,444304
1687735778,445251
1687735778,450932
1687735778,461311
1687735778,484753
1687735778,506937
1687735778,511543
1687735778,517581
1687735778,523496
1687735778,546679
1687735778,547115
1687735778,547420
1687735778,558351
1687735778,565531
1687735778,570887
1687735778,581918
1687735778,587427
1687735778,590507
1687735778,606825
1687735778,607768
1687735778,614761
1687735778,620311
1687735778,620461
1687735778,632417
1687735778,638427
1687735778,640484
1687735778,643748
1687735778,645642
1687735778,648585
1687735778,661473
1687735778,670434
1687735778,678229
1687735778,678759
1687735778,680845
1687735778,681586
1687735778,683770
1687735778,684502
1687735778,684885
1687735778,685837
1687735778,689819
1687735778,690046
1687735778,691682
1687735779,360729
1687735779,362611
1687735779,363912
1687735779,367035
1687735779,368286
1687735779,372277
1687735779,374005
1687735779,374969
1687735779,377453
1687735779,382796
1687735779,385536
1687735779,389899
1687735779,390939
1687735779,394800
1687735779,395186
1687735779,398814
1687735779,413617
1687735779,422899
1687735779,435464
1687735779,445721
1687735779,456181
1687735779,458808
1687735779,462075
1687735779,465083
1687735779,471527
1687735779,482343
1687735779,487786
1687735779,491680
1687735779,499934
1687735779,501085
1687735779,503514
1687735779,512118
1687735779,535244
1687735779,540838
1687735779,566261
1687735779,566809
1687735779,581547
1687735779,594488
1687735779,598270
1687735779,610350
1687735779,615909
1687735779,622201
1687735779,623925
1687735779,638831
1687735779,640639
1687735779,640856
1687735779,642504
1687735779,649905
1687735779,657827
1687735779,661571
1687735779,662636
1687735779,664510
1687735779,669556
1687735779,676817
1687735779,678871
1687735779,680600
1687735779,682835
1687735779,685259
1687735779,689320
1687735779,700026
1687735780,357339
1687735780,360607
1687735780,363617
1687735780,370069
1687735780,370368
1687735780,378209
1687735780,378702
1687735780,380587
1687735780,382084
1687735780,384471
1687735780,385584
1687735780,389173
1687735780,397920
1687735780,408371
1687735780,414261
1687735780,421494
1687735780,433149
1687735780,433241
1687735780,433395
1687735780,458851
1687735780,480282
1687735780,480333
1687735780,480876
1687735780,496784
1687735780,506060
1687735780,520598
1687735780,524167
1687735780,524394
1687735780,538283
1687735780,539915
1687735780,540101
1687735780,541112
1687735780,567849
1687735780,585095
1687735780,585407
1687735780,596389
1687735780,604342
1687735780,607706
1687735780,619337
1687735780,625577
1687735780,638001
1687735780,641040
1687735780,648531
1687735780,661081
1687735780,666141
1687735780,666279
1687735780,671912
1687735780,677990
1687735780,684146
1687735780,685612
1687735780,687108
1687735781,359214
1687735781,359656
1687735781,364464
1687735781,365370
1687735781,368882
1687735781,369262
1687735781,376167
1687735781,377168
1687735781,380045
1687735781,385956
1687735781,390341
1687735781,391498
1687735781,397845
1687735781,404952
1687735781,411959
1687735781,428634
1687735781,431999
1687735781,435981
1687735781,464726
1687735781,471362
1687735781,474331
1687735781,474922
1687735781,486376
1687735781,497365
1687735781,501020
1687735781,505965
1687735781,510640
1687735781,530429
1687735781,534720
1687735781,565129
1687735781,565961
1687735781,570147
1687735781,576752
1687735781,590910
1687735781,600684
1687735781,603012
1687735781,606141
1687735781,628334
1687735781,633938
1687735781,638093
1687735781,653309
1687735781,654562
1687735781,663524
1687735781,665721
1687735781,670052
1687735781,676904
1687735781,679446
1687735781,684221
1687735781,689990
1687735781,696378
1687735782,359703
1687735782,364845
1687735782,365453
1687735782,367041
1687735782,367095
1687735782,368302
1687735782,368447
1687735782,376149
1687735782,380324
1687735782,381295
1687735782,381886
1687735782,398775
1687735782,398869
1687735782,406288
1687735782,428055
1687735782,432835
1687735782,450450
1687735782,455515
1687735782,456106
1687735782,457751
1687735782,460715
1687735782,473606
1687735782,488894
1687735782,495291
1687735782,500875
1687735782,504268
1687735782,514950
1687735782,529925
1687735782,539771
1687735782,555215
1687735782,558892
1687735782,560880
1687735782,561687
1687735782,578010
1687735782,581805
1687735782,600537
1687735782,604425
1687735782,605859
1687735782,606436
1687735782,611157
1687735782,614339
1687735782,631784
1687735782,632510
1687735782,638824
1687735782,645022
1687735782,649093
1687735782,655207
1687735782,655915
1687735782,656232
1687735782,659434
1687735782,662411
1687735782,668529
1687735782,675920
1687735782,676140
1687735782,678274
1687735782,686867
1687735782,691442
1687735782,693027
1687735782,695982
1687735783,360419
1687735783,361211
1687735783,364396
1687735783,365693
1687735783,366306
1687735783,366778
1687735783,367786
1687735783,371405
1687735783,374736
1687735783,374812
1687735783,375662
1687735783,376185
1687735783,381013
1687735783,390452
1687735783,390564
1687735783,408090
1687735783,412117
1687735783,415273
1687735783,415807
1687735783,419852
1687735783,432202
1687735783,439318
1687735783,449305
1687735783,450792
1687735783,455398
1687735783,476884
1687735783,484670
1687735783,513538
1687735783,513882
1687735783,522019
1687735783,532173
1687735783,532196
1687735783,540490
1687735783,552106
1687735783,553470
1687735783,558731
1687735783,598934
1687735783,614907
1687735783,618806
1687735783,630369
1687735783,637437
1687735783,640249
1687735783,651554
1687735783,652056
1687735783,655581
1687735783,668737
1687735783,670477
1687735783,681508
1687735783,682992
1687735783,683676
1687735783,687400
1687735783,687682
1687735784,352108
1687735784,362146
1687735784,364597
1687735784,369063
1687735784,375690
1687735784,379532
1687735784,384523
1687735784,390281
1687735784,394048
1687735784,407231
1687735784,426239
1687735784,426964
1687735784,428116
1687735784,429310
1687735784,446822
1687735784,449284
1687735784,449520
1687735784,475831
1687735784,477709
1687735784,488065
1687735784,514180
1687735784,514420
1687735784,526877
1687735784,534666
1687735784,536370
1687735784,551515
1687735784,554312
1687735784,556649
1687735784,579214
1687735784,584302
1687735784,584997
1687735784,593348
1687735784,615553
1687735784,629858
1687735784,637488
1687735784,643794
1687735784,653150
1687735784,662365
1687735784,665573
1687735784,668718
1687735784,673081
1687735784,677145
1687735784,678366
1687735784,681737
1687735784,682147
1687735784,684476
1687735784,689172
1687735784,693875
1687735785,353673
1687735785,356052
1687735785,359570
1687735785,363066
1687735785,375089
1687735785,375850
1687735785,377283
1687735785,377701
1687735785,387637
1687735785,393242
1687735785,393456
1687735785,408543
1687735785,416744
1687735785,435625
1687735785,437676
1687735785,450871
1687735785,452692
1687735785,466743
1687735785,477898
1687735785,482086
1687735785,489918
1687735785,491109
1687735785,517896
1687735785,528088
1687735785,538230
1687735785,553119
1687735785,568388
1687735785,577144
1687735785,578068
1687735785,579151
1687735785,597380
1687735785,616521
1687735785,617092
1687735785,621522
1687735785,625964
1687735785,629566
1687735785,638336
1687735785,638428
1687735785,651724
1687735785,655471
1687735785,671877
1687735785,676943
1687735785,678203
1687735785,680098
1687735785,682046
1687735785,682660
1687735785,687026
1687735786,343657
1687735786,364654
1687735786,367004
1687735786,368942
1687735786,371701
1687735786,372983
1687735786,374551
1687735786,379620
1687735786,391334
1687735786,395280
1687735786,401121
1687735786,406241
1687735786,407893
1687735786,413253
1687735786,421771
1687735786,440315
1687735786,452439
1687735786,466365
1687735786,471821
1687735786,472525
1687735786,502517
1687735786,503734
1687735786,509081
1687735786,511316
1687735786,529083
1687735786,533726
1687735786,546254
1687735786,552877
1687735786,554853
1687735786,574796
1687735786,577717
1687735786,595273
1687735786,604356
1687735786,609583
1687735786,609944
1687735786,610130
1687735786,622303
1687735786,641287
1687735786,644216
1687735786,647778
1687735786,651973
1687735786,664240
1687735786,669261
1687735786,671897
1687735786,673597
1687735786,676314
1687735786,681399
1687735786,683429
1687735786,687944
1687735786,691344
1687735786,691532
1687735786,693181
1687735787,360274
1687735787,360537
1687735787,361138
1687735787,366874
1687735787,371153
1687735787,375689
1687735787,384547
1687735787,387322
1687735787,388256
1687735787,388770
1687735787,402402
1687735787,406097
1687735787,408781
1687735787,429353
1687735787,440276
1687735787,464622
1687735787,474273
1687735787,485014
1687735787,494099
1687735787,506720
1687735787,508442
1687735787,509956
1687735787,529947
1687735787,541298
1687735787,565589
1687735787,569794
1687735787,572836
1687735787,574979
1687735787,593324
1687735787,603032
1687735787,604571
1687735787,611187
1687735787,617252
1687735787,636087
1687735787,642046
1687735787,652608
1687735787,656960
1687735787,661256
1687735787,667002
1687735787,667081
1687735787,677363
1687735787,679968
1687735787,681745
1687735787,683667
1687735787,684979
1687735787,685522
1687735788,347761
1687735788,364300
1687735788,366340
1687735788,367093
1687735788,368965
1687735788,373972
1687735788,374284
1687735788,379268
1687735788,380452
1687735788,382493
1687735788,383425
1687735788,400641
1687735788,406520
1687735788,406634
1687735788,411645
1687735788,425387
1687735788,425632
1687735788,430845
1687735788,458959
1687735788,463678
1687735788,464356
1687735788,479258
1687735788,499637
1687735788,502645
1687735788,502725
1687735788,526485
1687735788,527394
1687735788,529034
1687735788,535523
1687735788,574805
1687735788,588736
1687735788,591223
1687735788,603262
1687735788,603857
1687735788,605330
1687735788,627961
1687735788,628992
1687735788,629785
1687735788,630667
1687735788,633616
1687735788,634218
1687735788,662862
1687735788,665482
1687735788,670279
1687735788,674722
1687735788,678380
1687735788,679684
1687735788,685761
1687735788,686341
1687735788,688932
1687735788,695238
1687735789,351989
1687735789,356674
1687735789,362696
1687735789,363027
1687735789,364923
1687735789,380434
1687735789,385914
1687735789,391976
1687735789,408962
1687735789,416650
1687735789,420991
1687735789,425968
1687735789,428972
1687735789,440068
1687735789,469937
1687735789,483072
1687735789,485436
1687735789,489187
1687735789,497848
1687735789,508066
1687735789,518588
1687735789,522526
1687735789,531800
1687735789,546386
1687735789,570521
1687735789,581786
1687735789,584267
1687735789,588776
1687735789,598506
1687735789,615887
1687735789,625922
1687735789,625967
1687735789,636102
1687735789,654244
1687735789,655742
1687735789,655806
1687735789,656216
1687735789,672658
1687735789,678975
1687735789,679979
1687735789,680690
1687735789,684102
1687735789,685790
1687735789,691313
1687735789,693915
1687735790,346709
1687735790,360086
1687735790,362197
1687735790,362452
1687735790,368236
1687735790,370173
1687735790,371775
1687735790,374949
1687735790,384612
1687735790,391082
1687735790,398488
1687735790,403404
1687735790,416501
1687735790,426144
1687735790,444808
1687735790,452604
1687735790,454910
1687735790,480366
1687735790,489069
1687735790,505843
1687735790,513019
1687735790,527075
1687735790,551601
1687735790,557708
1687735790,562592
1687735790,564837
1687735790,589685
1687735790,598114
1687735790,605824
1687735790,608770
1687735790,623210
1687735790,626755
1687735790,648524
1687735790,650362
1687735790,656630
1687735790,663418
1687735790,667548
1687735790,672565
1687735790,678520
1687735790,684999
1687735790,685666
1687735790,687558
1687735790,693768
1687735791,363805
1687735791,366628
1687735791,367893
1687735791,368431
1687735791,369099
1687735791,375558
1687735791,376966
1687735791,394020
1687735791,408753
1687735791,411775
1687735791,420024
1687735791,424651
1687735791,435693
1687735791,445679
1687735791,446399
1687735791,449657
1687735791,457823
1687735791,463154
1687735791,484375
1687735791,493736
1687735791,506592
1687735791,517880
1687735791,519565
1687735791,546247
1687735791,546530
1687735791,552348
1687735791,564657
1687735791,587970
1687735791,593909
1687735791,612963
1687735791,619265
1687735791,620453
1687735791,637488
1687735791,639886
1687735791,648595
1687735791,648641
1687735791,651568
1687735791,657841
1687735791,665385
1687735791,668283
1687735791,668965
1687735791,682111
1687735791,684519
1687735791,685067
1687735791,686008
1687735792,349806
1687735792,358477
1687735792,362318
1687735792,363656
1687735792,366666
1687735792,367399
1687735792,367800
1687735792,369633
1687735792,373863
1687735792,384623
1687735792,387785
1687735792,388756
1687735792,395373
1687735792,395484
1687735792,417834
1687735792,420950
1687735792,430962
1687735792,433254
1687735792,446175
1687735792,453362
1687735792,471475
1687735792,479188
1687735792,481577
1687735792,493651
1687735792,504427
1687735792,516025
1687735792,533757
1687735792,539418
1687735792,539766
1687735792,548285
1687735792,560670
1687735792,574841
1687735792,576654
1687735792,583282
1687735792,583855
1687735792,586931
1687735792,591472
1687735792,618520
1687735792,627468
1687735792,630054
1687735792,632978
1687735792,642581
1687735792,644482
1687735792,650528
1687735792,660565
1687735792,663048
1687735792,668022
1687735792,674862
1687735792,676048
1687735792,680648
1687735792,682467
1687735792,683442
1687735792,689802
1687735792,690094
1687735792,693680
1687735793,368314
1687735793,370073
1687735793,370202
1687735793,371331
1687735793,371781
1687735793,372604
1687735793,377264
1687735793,378966
1687735793,392946
1687735793,393065
1687735793,398035
1687735793,407981
1687735793,411377
1687735793,429120
1687735793,433644
1687735793,441845
1687735793,458752
1687735793,470244
1687735793,471293
1687735793,480258
1687735793,491890
1687735793,520465
1687735793,534004
1687735793,539337
1687735793,541460
1687735793,563404
1687735793,570798
1687735793,571077
1687735793,597914
1687735793,598108
1687735793,610834
1687735793,620405
1687735793,628111
1687735793,643562
1687735793,648250
1687735793,670731
1687735793,671339
1687735793,674235
1687735793,677525
1687735793,678162
1687735793,679566
1687735793,685705
1687735793,688293
1687735793,691750
1687735793,692356
1687735794,350362
1687735794,356530
1687735794,360746
1687735794,362444
1687735794,363653
1687735794,364602
1687735794,372765
1687735794,376558
1687735794,380931
1687735794,382994
1687735794,386516
1687735794,392293
1687735794,397422
1687735794,400491
1687735794,406265
1687735794,408505
1687735794,410347
1687735794,411544
1687735794,429272
1687735794,434240
1687735794,436174
1687735794,445644
1687735794,458746
1687735794,470802
1687735794,471928
1687735794,491151
1687735794,493558
1687735794,506864
1687735794,508569
1687735794,511009
1687735794,511515
1687735794,535616
1687735794,536476
1687735794,548778
1687735794,559050
1687735794,563916
1687735794,564800
1687735794,572962
1687735794,577882
1687735794,603355
1687735794,605796
1687735794,607467
1687735794,616015
1687735794,627463
1687735794,632197
1687735794,636626
1687735794,641543
1687735794,644106
1687735794,649896
1687735794,654414
1687735794,654526
1687735794,661634
1687735794,661905
1687735794,665180
1687735794,665647
1687735794,666316
1687735794,671547
1687735794,685668
1687735794,690363
1687735794,690998
1687735794,694175
1687735795,366313
1687735795,367843
1687735795,369349
1687735795,370659
1687735795,370764
1687735795,371071
1687735795,373014
1687735795,373465
1687735795,381396
1687735795,389541
1687735795,396956
1687735795,400488
1687735795,405180
1687735795,409367
1687735795,421077
1687735795,428670
1687735795,445610
1687735795,446889
1687735795,454425
1687735795,463239
1687735795,486488
1687735795,490867
1687735795,497217
1687735795,515871
1687735795,519133
1687735795,533788
1687735795,537632
1687735795,545663
1687735795,558114
1687735795,565049
1687735795,576178
1687735795,590657
1687735795,597452
1687735795,598548
1687735795,614460
1687735795,634760
1687735795,636964
1687735795,641876
1687735795,652730
1687735795,655926
1687735795,671475
1687735795,678843
1687735795,679107
1687735795,679639
1687735795,680104
1687735795,686344
1687735795,687134
1687735795,692044
1687735796,352477
1687735796,360090
1687735796,361067
1687735796,362543
1687735796,367017
1687735796,368187
1687735796,374151
1687735796,376279
1687735796,376581
1687735796,392961
1687735796,395156
1687735796,397185
1687735796,399630
1687735796,407484
1687735796,423213
1687735796,423970
1687735796,425570
1687735796,446168
1687735796,459242
1687735796,464591
1687735796,471841
1687735796,482800
1687735796,486683
1687735796,488469
1687735796,492683
1687735796,511518
1687735796,531651
1687735796,532544
1687735796,559940
1687735796,572905
1687735796,588923
1687735796,591514
1687735796,595923
1687735796,596430
1687735796,608783
1687735796,621564
1687735796,627311
1687735796,628211
1687735796,635677
1687735796,653205
1687735796,659550
1687735796,660963
1687735796,670880
1687735796,673781
1687735796,674920
1687735796,675389
1687735796,680584
1687735796,682971
1687735796,683865
1687735796,684399
1687735796,691460
1687735797,364208
1687735797,367358
1687735797,367674
1687735797,377172
1687735797,378408
1687735797,384614
1687735797,388992
1687735797,389254
1687735797,397242
1687735797,412692
1687735797,419245
1687735797,420059
1687735797,430080
1687735797,441855
1687735797,461038
1687735797,461738
1687735797,476826
1687735797,485627
1687735797,486210
1687735797,514283
1687735797,515965
1687735797,524454
1687735797,526485
1687735797,537407
1687735797,539410
1687735797,551277
1687735797,555248
1687735797,560204
1687735797,575967
1687735797,581527
1687735797,587129
1687735797,592307
1687735797,595017
1687735797,613725
1687735797,617873
1687735797,638664
1687735797,644628
1687735797,655606
1687735797,658650
1687735797,667483
1687735797,671172
1687735797,671298
1687735797,674421
1687735797,684271
1687735797,691084
1687735797,692528
1687735798,362120
1687735798,362217
1687735798,363774
1687735798,364799
1687735798,370189
1687735798,371608
1687735798,375535
1687735798,375698
1687735798,375809
1687735798,377862
1687735798,380846
1687735798,391841
1687735798,392823
1687735798,401161
1687735798,405217
1687735798,411711
1687735798,412211
1687735798,415397
1687735798,420961
1687735798,439444
1687735798,442557
1687735798,447312
1687735798,448828
1687735798,463485
1687735798,482790
1687735798,508796
1687735798,509477
1687735798,515614
1687735798,525520
1687735798,548831
1687735798,549167
1687735798,556377
1687735798,567545
1687735798,579905
1687735798,585263
1687735798,605798
1687735798,608580
1687735798,613257
1687735798,618389
1687735798,621773
1687735798,633707
1687735798,641791
1687735798,646844
1687735798,647043
1687735798,662709
1687735798,671264
1687735798,679406
1687735798,681183
1687735798,681260
1687735798,682809
1687735798,684497
1687735798,685433
1687735798,688703
1687735798,690731
1687735799,360884
1687735799,367061
1687735799,372220
1687735799,374751
1687735799,375062
1687735799,376356
1687735799,381712
1687735799,387141
1687735799,390274
1687735799,392335
1687735799,394034
1687735799,396541
1687735799,401481
1687735799,437484
1687735799,443984
1687735799,454124
1687735799,454230
1687735799,464156
1687735799,480121
1687735799,489633
1687735799,501332
1687735799,501887
1687735799,503065
1687735799,510159
1687735799,534693
1687735799,537292
1687735799,539171
1687735799,568562
1687735799,579291
1687735799,599994
1687735799,608301
1687735799,613768
1687735799,623708
1687735799,625308
1687735799,640405
1687735799,640612
1687735799,650420
1687735799,651135
1687735799,661155
1687735799,662401
1687735799,662765
1687735799,668523
1687735799,682438
1687735799,683798
1687735799,686223
1687735799,689817
1687735799,699208
1687735800,357882
1687735800,360766
1687735800,363843
1687735800,369301
1687735800,369610
1687735800,377639
1687735800,379924
1687735800,381037
1687735800,383394
1687735800,383658
1687735800,387971
1687735800,399293
1687735800,407108
1687735800,416215
1687735800,423510
1687735800,431038
1687735800,431423
1687735800,435340
1687735800,461078
1687735800,463055
1687735800,476390
1687735800,478048
1687735800,478268
1687735800,483075
1687735800,498775
1687735800,504071
1687735800,507838
1687735800,522917
1687735800,526479
1687735800,536176
1687735800,538073
1687735800,542152
1687735800,543245
1687735800,554231
1687735800,564687
1687735800,570107
1687735800,583169
1687735800,587042
1687735800,605751
1687735800,605908
1687735800,621083
1687735800,630523
1687735800,638913
1687735800,639152
1687735800,649790
1687735800,662045
1687735800,667209
1687735800,672993
1687735800,685212
1687735800,686583
1687735800,687100
1687735801,359058
1687735801,359825
1687735801,364721
1687735801,365069
1687735801,368160
1687735801,369701
1687735801,377178
1687735801,377706
1687735801,381269
1687735801,385131
1687735801,385284
1687735801,389137
1687735801,390174
1687735801,405901
1687735801,413649
1687735801,426881
1687735801,430228
1687735801,438042
1687735801,466786
1687735801,469383
1687735801,471357
1687735801,477095
1687735801,484350
1687735801,502885
1687735801,503858
1687735801,528532
1687735801,532848
1687735801,567390
1687735801,568043
1687735801,578777
1687735801,588692
1687735801,588868
1687735801,602342
1687735801,604164
1687735801,607875
1687735801,626338
1687735801,631941
1687735801,638896
1687735801,639547
1687735801,654603
1687735801,655394
1687735801,661800
1687735801,671123
1687735801,677319
1687735801,677454
1687735801,678900
1687735801,680894
1687735801,681190
1687735801,684380
1687735801,689820
1687735801,696810
1687735802,365145
1687735802,366024
1687735802,366422
1687735802,366635
1687735802,369248
1687735802,375295
1687735802,380436
1687735802,382907
1687735802,397432
1687735802,400640
1687735802,404791
1687735802,426282
1687735802,435014
1687735802,452506
1687735802,455688
1687735802,457689
1687735802,458396
1687735802,475593
1687735802,497674
1687735802,501822
1687735802,502909
1687735802,517202
1687735802,527995
1687735802,542039
1687735802,553456
1687735802,556901
1687735802,559624
1687735802,563020
1687735802,563811
1687735802,579976
1687735802,583686
1687735802,585209
1687735802,602325
1687735802,603860
1687735802,606366
1687735802,612248
1687735802,612652
1687735802,629775
1687735802,633962
1687735802,646409
1687735802,653920
1687735802,654558
1687735802,660698
1687735802,660848
1687735802,666648
1687735802,669403
1687735802,675288
1687735802,677230
1687735802,683646
1687735802,687118
1687735802,691668
1687735802,692982
1687735802,695845
1687735803,359403
1687735803,361546
1687735803,365140
1687735803,366412
1687735803,367134
1687735803,368623
1687735803,373819
1687735803,374766
1687735803,374802
1687735803,376245
1687735803,380014
1687735803,391667
1687735803,391940
1687735803,406491
1687735803,413823
1687735803,414119
1687735803,416444
1687735803,418362
1687735803,425109
1687735803,430020
1687735803,441460
1687735803,448736
1687735803,451350
1687735803,453257
1687735803,479013
1687735803,486667
1687735803,514050
1687735803,515860
1687735803,519863
1687735803,530144
1687735803,530178
1687735803,542463
1687735803,555497
1687735803,560914
1687735803,589883
1687735803,600585
1687735803,613002
1687735803,618717
1687735803,620512
1687735803,628322
1687735803,639042
1687735803,641648
1687735803,649908
1687735803,653362
1687735803,657055
1687735803,667746
1687735803,671396
1687735803,676578
1687735803,681669
1687735803,682757
1687735803,684599
1687735803,687057
1687735803,688331
1687735804,353005
1687735804,353041
1687735804,359981
1687735804,362340
1687735804,366456
1687735804,376247
1687735804,380654
1687735804,389245
1687735804,393001
1687735804,408035
1687735804,419718
1687735804,428323
1687735804,430010
1687735804,431460
1687735804,447598
1687735804,449126
1687735804,475765
1687735804,477803
1687735804,480079
1687735804,485893
1687735804,516605
1687735804,524728
1687735804,536756
1687735804,549567
1687735804,554699
1687735804,556409
1687735804,558065
1687735804,581353
1687735804,581988
1687735804,582914
1687735804,591437
1687735804,593187
1687735804,594927
1687735804,617212
1687735804,627596
1687735804,631333
1687735804,639855
1687735804,645187
1687735804,646911
1687735804,651387
1687735804,663456
1687735804,664415
1687735804,669706
1687735804,672339
1687735804,677324
1687735804,678396
1687735804,682343
1687735804,685378
1687735804,688738
1687735804,694398
1687735805,356142
1687735805,356242
1687735805,359893
1687735805,362345
1687735805,375710
1687735805,378244
1687735805,386511
1687735805,392136
1687735805,394591
1687735805,410006
1687735805,410128
1687735805,418659
1687735805,433801
1687735805,435544
1687735805,448884
1687735805,454915
1687735805,468784
1687735805,475688
1687735805,491870
1687735805,493183
1687735805,519882
1687735805,535878
1687735805,536245
1687735805,551058
1687735805,563657
1687735805,570776
1687735805,574840
1687735805,577056
1687735805,580070
1687735805,599159
1687735805,614606
1687735805,618826
1687735805,622984
1687735805,627412
1687735805,636197
1687735805,639484
1687735805,649961
1687735805,656549
1687735805,672015
1687735805,677419
1687735805,677839
1687735805,680976
1687735805,681949
1687735805,682061
1687735805,686880
1687735806,343861
1687735806,350197
1687735806,364372
1687735806,366716
1687735806,367356
1687735806,368152
1687735806,372546
1687735806,373564
1687735806,373875
1687735806,378516
1687735806,389937
1687735806,396449
1687735806,402145
1687735806,403023
1687735806,404804
1687735806,406433
1687735806,423634
1687735806,438443
1687735806,454534
1687735806,461258
1687735806,461613
1687735806,468555
1687735806,469804
1687735806,470443
1687735806,500367
1687735806,501698
1687735806,506968
1687735806,513315
1687735806,531293
1687735806,544546
1687735806,555075
1687735806,557145
1687735806,572515
1687735806,575509
1687735806,596993
1687735806,605956
1687735806,607589
1687735806,608045
1687735806,611742
1687735806,619088
1687735806,623802
1687735806,642637
1687735806,645681
1687735806,648899
1687735806,650450
1687735806,663163
1687735806,670574
1687735806,672694
1687735806,675324
1687735806,680969
1687735806,690641
1687735806,691734
1687735806,694187
1687735807,360014
1687735807,360113
1687735807,367651
1687735807,369917
1687735807,375854
1687735807,385173
1687735807,386095
1687735807,387052
1687735807,390225
1687735807,400718
1687735807,407474
1687735807,407920
1687735807,431362
1687735807,434633
1687735807,442474
1687735807,466725
1687735807,471859
1687735807,487223
1687735807,496034
1687735807,504811
1687735807,506364
1687735807,510515
1687735807,532026
1687735807,543525
1687735807,561913
1687735807,572005
1687735807,572950
1687735807,575002
1687735807,595725
1687735807,600707
1687735807,602515
1687735807,612545
1687735807,636494
1687735807,637304
1687735807,653819
1687735807,658476
1687735807,659674
1687735807,664958
1687735807,665884
1687735807,667890
1687735807,671156
1687735807,677342
1687735807,679578
1687735807,680642
1687735807,682263
1687735807,683796
1687735807,683804
1687735807,685131
1687735807,685436
1687735807,694142
1687735808,347129
1687735808,361719
1687735808,363851
1687735808,367543
1687735808,368401
1687735808,370117
1687735808,374665
1687735808,378155
1687735808,381591
1687735808,381885
1687735808,384049
1687735808,394199
1687735808,402368
1687735808,404955
1687735808,405302
1687735808,423858
1687735808,427632
1687735808,428901
1687735808,462272
1687735808,481224
1687735808,487023
1687735808,497516
1687735808,504847
1687735808,524357
1687735808,525294
1687735808,531152
1687735808,533428
1687735808,572694
1687735808,590620
1687735808,601093
1687735808,601862
1687735808,606946
1687735808,625887
1687735808,627623
1687735808,628778
1687735808,631393
1687735808,631456
1687735808,632745
1687735808,663783
1687735808,664330
1687735808,675790
1687735808,677653
1687735808,680812
1687735808,687179
1687735808,691040
1687735808,694880
1687735809,352450
1687735809,362661
1687735809,363013
1687735809,365321
1687735809,368427
1687735809,376708
1687735809,387112
1687735809,390509
1687735809,398177
1687735809,410516
1687735809,418681
1687735809,424175
1687735809,427084
1687735809,442020
1687735809,442869
1687735809,471908
1687735809,483109
1687735809,485133
1687735809,495768
1687735809,510062
1687735809,520311
1687735809,520746
1687735809,529871
1687735809,548572
1687735809,560598
1687735809,572699
1687735809,583687
1687735809,586678
1687735809,591503
1687735809,596387
1687735809,617568
1687735809,623815
1687735809,637806
1687735809,639729
1687735809,649832
1687735809,652943
1687735809,654095
1687735809,656869
1687735809,657541
1687735809,671765
1687735809,678119
1687735809,680725
1687735809,680848
1687735809,686097
1687735809,691192
1687735810,347012
1687735810,361716
1687735810,362030
1687735810,363669
1687735810,369482
1687735810,370701
1687735810,372102
1687735810,374154
1687735810,376955
1687735810,379187
1687735810,385766
1687735810,397107
1687735810,404916
1687735810,418372
1687735810,424443
1687735810,442959
1687735810,447289
1687735810,450497
1687735810,450631
1687735810,457117
1687735810,463203
1687735810,482485
1687735810,486879
1687735810,507763
1687735810,510769
1687735810,511731
1687735810,512126
1687735810,512634
1687735810,525021
1687735810,546572
1687735810,549139
1687735810,549470
1687735810,559938
1687735810,567084
1687735810,586218
1687735810,595989
1687735810,607477
1687735810,610564
1687735810,621321
1687735810,624832
1687735810,643070
1687735810,648688
1687735810,652630
1687735810,654962
1687735810,664646
1687735810,668264
1687735810,673380
1687735810,675436
1687735810,678874
1687735810,685300
1687735810,687037
1687735810,693202
1687735810,696057
1687735811,364999
1687735811,365707
1687735811,367896
1687735811,368853
1687735811,369102
1687735811,376128
1687735811,376214
1687735811,376510
1687735811,392973
1687735811,394161
1687735811,395934
1687735811,407196
1687735811,410243
1687735811,413231
1687735811,418239
1687735811,419230
1687735811,422992
1687735811,437897
1687735811,444360
1687735811,447700
1687735811,447846
1687735811,460084
1687735811,486448
1687735811,486736
1687735811,495724
1687735811,504503
1687735811,517326
1687735811,520205
1687735811,530218
1687735811,544274
1687735811,548584
1687735811,550355
1687735811,566766
1687735811,576777
1687735811,588990
1687735811,598363
1687735811,611036
1687735811,618345
1687735811,620643
1687735811,622327
1687735811,641281
1687735811,649640
1687735811,649930
1687735811,666709
1687735811,667469
1687735811,667881
1687735811,678817
1687735811,681781
1687735811,684274
1687735811,685091
1687735811,690153
1687735812,348915
1687735812,359527
1687735812,360957
1687735812,362807
1687735812,363833
1687735812,366196
1687735812,366895
1687735812,367182
1687735812,368968
1687735812,374702
1687735812,378406
1687735812,378434
1687735812,385900
1687735812,387430
1687735812,394204
1687735812,396556
1687735812,413045
1687735812,416101
1687735812,422838
1687735812,431655
1687735812,433200
1687735812,444204
1687735812,455613
1687735812,469518
1687735812,479205
1687735812,481244
1687735812,495619
1687735812,513953
1687735812,525455
1687735812,535723
1687735812,537334
1687735812,541822
1687735812,546308
1687735812,562791
1687735812,572619
1687735812,574815
1687735812,581823
1687735812,585255
1687735812,589448
1687735812,616532
1687735812,631152
1687735812,631360
1687735812,640816
1687735812,645759
1687735812,648688
1687735812,661560
1687735812,664108
1687735812,666715
1687735812,670307
1687735812,670898
1687735812,676818
1687735812,681274
1687735812,683975
1687735812,689693
1687735812,690131
1687735812,693582
1687735813,362972
1687735813,368149
1687735813,369991
1687735813,370769
1687735813,371686
1687735813,371852
1687735813,372031
1687735813,378361
1687735813,380088
1687735813,385791
1687735813,391892
1687735813,396452
1687735813,400601
1687735813,406041
1687735813,408849
1687735813,427508
1687735813,435786
1687735813,439985
1687735813,469413
1687735813,472258
1687735813,477450
1687735813,477979
1687735813,489932
1687735813,498860
1687735813,506604
1687735813,522399
1687735813,532125
1687735813,539336
1687735813,541570
1687735813,565659
1687735813,568844
1687735813,572903
1687735813,595794
1687735813,599821
1687735813,608869
1687735813,622141
1687735813,629482
1687735813,641570
1687735813,649314
1687735813,670107
1687735813,672033
1687735813,676956
1687735813,677627
1687735813,680129
1687735813,685699
1687735813,688444
1687735813,693072
1687735814,350224
1687735814,356142
1687735814,359721
1687735814,362577
1687735814,364040
1687735814,365762
1687735814,368093
1687735814,373496
1687735814,375636
1687735814,380073
1687735814,383852
1687735814,385473
1687735814,394028
1687735814,399137
1687735814,404988
1687735814,410294
1687735814,431271
1687735814,434142
1687735814,447692
1687735814,456711
1687735814,456795
1687735814,460855
1687735814,468647
1687735814,473466
1687735814,474067
1687735814,491447
1687735814,493297
1687735814,504785
1687735814,512702
1687735814,513625
1687735814,532970
1687735814,533563
1687735814,538661
1687735814,561309
1687735814,562818
1687735814,570876
1687735814,579874
1687735814,601447
1687735814,603193
1687735814,607572
1687735814,609001
1687735814,629093
1687735814,634438
1687735814,639818
1687735814,645551
1687735814,651212
1687735814,652807
1687735814,655694
1687735814,659982
1687735814,660507
1687735814,663587
1687735814,666607
1687735814,667434
1687735814,670888
1687735814,677727
1687735814,678801
1687735814,686051
1687735814,690525
1687735814,691148
1687735814,694170
1687735815,363943
1687735815,366373
1687735815,367493
1687735815,368227
1687735815,369393
1687735815,370801
1687735815,371075
1687735815,371185
1687735815,372709
1687735815,372902
1687735815,380270
1687735815,391179
1687735815,398222
1687735815,398979
1687735815,403860
1687735815,411418
1687735815,419439
1687735815,430800
1687735815,436283
1687735815,444751
1687735815,447714
1687735815,461336
1687735815,488630
1687735815,488643
1687735815,499159
1687735815,513911
1687735815,516176
1687735815,516960
1687735815,531820
1687735815,539783
1687735815,547716
1687735815,556111
1687735815,563060
1687735815,578166
1687735815,587209
1687735815,589240
1687735815,595424
1687735815,600368
1687735815,613843
1687735815,632768
1687735815,637396
1687735815,638186
1687735815,654094
1687735815,672324
1687735815,680162
1687735815,686110
1687735815,686191
1687735815,691489
1687735816,352913
1687735816,360342
1687735816,360451
1687735816,362122
1687735816,366633
1687735816,367058
1687735816,374583
1687735816,375174
1687735816,376904
1687735816,377684
1687735816,381424
1687735816,395893
1687735816,409314
1687735816,422338
1687735816,423833
1687735816,425100
1687735816,448257
1687735816,457427
1687735816,466821
1687735816,473895
1687735816,480729
1687735816,488783
1687735816,490307
1687735816,490492
1687735816,513721
1687735816,529733
1687735816,534715
1687735816,556347
1687735816,557699
1687735816,590488
1687735816,593747
1687735816,610244
1687735816,615478
1687735816,619463
1687735816,619521
1687735816,625507
1687735816,629633
1687735816,654005
1687735816,654092
1687735816,659523
1687735816,660667
1687735816,672716
1687735816,674222
1687735816,676438
1687735816,679416
1687735816,679748
1687735816,683455
1687735816,685208
1687735816,692001
1687735817,364429
1687735817,366870
1687735817,367793
1687735817,377511
1687735817,377571
1687735817,383690
1687735817,387917
1687735817,390252
1687735817,395886
1687735817,414428
1687735817,417719
1687735817,422227
1687735817,428414
1687735817,463684
1687735817,474546
1687735817,483362
1687735817,513944
1687735817,516308
1687735817,526427
1687735817,528758
1687735817,537577
1687735817,553215
1687735817,553551
1687735817,553973
1687735817,562212
1687735817,578233
1687735817,579191
1687735817,584969
1687735817,596839
1687735817,639876
1687735817,642819
1687735817,651727
1687735817,654070
1687735817,659335
1687735817,659911
1687735817,668908
1687735817,670068
1687735817,671990
1687735817,673500
1687735817,684399
1687735817,685122
1687735817,691166
1687735817,692543
1687735818,361534
1687735818,362413
1687735818,365559
1687735818,370934
1687735818,371545
1687735818,374717
1687735818,374726
1687735818,380643
1687735818,386102
1687735818,390744
1687735818,402739
1687735818,406842
1687735818,410140
1687735818,410832
1687735818,413944
1687735818,422909
1687735818,440821
1687735818,441673
1687735818,446761
1687735818,449383
1687735818,452166
1687735818,465685
1687735818,480796
1687735818,488316
1687735818,507422
1687735818,510655
1687735818,513659
1687735818,527541
1687735818,550943
1687735818,551175
1687735818,554432
1687735818,569518
1687735818,577896
1687735818,583076
1687735818,610315
1687735818,611759
1687735818,616330
1687735818,623215
1687735818,635018
1687735818,643042
1687735818,645508
1687735818,648071
1687735818,663964
1687735818,672114
1687735818,680027
1687735818,680784
1687735818,681588
1687735818,681821
1687735818,684101
1687735818,685420
1687735818,686347
1687735818,687609
1687735818,691408
1687735819,361088
1687735819,363656
1687735819,367071
1687735819,368074
1687735819,372165
1687735819,375098
1687735819,375314
1687735819,375485
1687735819,382892
1687735819,388726
1687735819,390587
1687735819,392882
1687735819,393752
1687735819,398321
1687735819,399767
1687735819,439548
1687735819,442276
1687735819,452325
1687735819,459547
1687735819,461030
1687735819,466242
1687735819,477892
1687735819,491462
1687735819,499157
1687735819,503807
1687735819,505044
1687735819,508204
1687735819,537506
1687735819,539316
1687735819,562605
1687735819,570851
1687735819,577088
1687735819,595089
1687735819,601743
1687735819,606209
1687735819,611613
1687735819,616090
1687735819,625161
1687735819,626695
1687735819,638725
1687735819,640332
1687735819,641967
1687735819,652339
1687735819,659636
1687735819,660994
1687735819,663209
1687735819,667459
1687735819,681996
1687735819,684110
1687735819,687153
1687735819,688506
1687735819,690237
1687735819,698279
1687735820,355830
1687735820,358552
1687735820,360913
1687735820,364119
1687735820,368267
1687735820,369171
1687735820,377132
1687735820,381143
1687735820,381506
1687735820,384724
1687735820,386803
1687735820,400695
1687735820,405914
1687735820,418189
1687735820,425558
1687735820,429008
1687735820,429473
1687735820,437487
1687735820,463303
1687735820,475778
1687735820,476255
1687735820,478421
1687735820,485258
1687735820,500797
1687735820,502071
1687735820,505718
1687735820,525234
1687735820,526628
1687735820,528561
1687735820,534089
1687735820,536045
1687735820,544410
1687735820,545405
1687735820,572373
1687735820,580737
1687735820,580938
1687735820,588954
1687735820,603776
1687735820,607431
1687735820,622834
1687735820,624350
1687735820,632066
1687735820,633759
1687735820,634943
1687735820,636774
1687735820,637448
1687735820,637651
1687735820,651057
1687735820,662982
1687735820,663755
1687735820,668147
1687735820,674043
1687735820,675569
1687735820,677858
1687735820,684806
1687735820,686019
1687735820,689614
1687735821,358946
1687735821,364116
1687735821,365673
1687735821,367487
1687735821,370184
1687735821,378161
1687735821,378207
1687735821,384341
1687735821,387997
1687735821,388864
1687735821,415385
1687735821,425120
1687735821,428513
1687735821,440113
1687735821,467373
1687735821,468812
1687735821,479270
1687735821,482373
1687735821,484556
1687735821,501753
1687735821,530980
1687735821,535452
1687735821,565935
1687735821,569651
1687735821,586728
1687735821,586801
1687735821,596479
1687735821,602159
1687735821,603968
1687735821,620182
1687735821,629916
1687735821,640929
1687735821,653227
1687735821,655853
1687735821,656177
1687735821,660038
1687735821,672234
1687735821,676319
1687735821,678007
1687735821,678342
1687735821,681811
1687735821,684474
1687735821,697098
1687735822,364884
1687735822,366187
1687735822,367198
1687735822,370282
1687735822,374487
1687735822,379592
1687735822,383982
1687735822,396039
1687735822,402524
1687735822,403292
1687735822,408367
1687735822,424546
1687735822,437230
1687735822,451157
1687735822,453585
1687735822,454602
1687735822,456115
1687735822,459869
1687735822,477593
1687735822,499400
1687735822,499937
1687735822,500501
1687735822,504923
1687735822,519459
1687735822,526028
1687735822,544310
1687735822,554957
1687735822,556269
1687735822,557589
1687735822,561646
1687735822,561700
1687735822,565176
1687735822,581923
1687735822,585558
1687735822,601853
1687735822,604080
1687735822,609324
1687735822,614165
1687735822,616960
1687735822,627752
1687735822,635426
1687735822,647787
1687735822,652640
1687735822,659231
1687735822,661926
1687735822,667575
1687735822,670213
1687735822,674646
1687735822,679396
1687735822,687354
1687735822,691853
1687735822,692865
1687735822,695628
1687735823,350195
1687735823,361946
1687735823,363320
1687735823,365953
1687735823,366555
1687735823,367229
1687735823,369438
1687735823,370678
1687735823,373876
1687735823,376379
1687735823,392942
1687735823,404948
1687735823,412485
1687735823,415552
1687735823,417668
1687735823,423274
1687735823,427789
1687735823,443617
1687735823,446694
1687735823,453420
1687735823,456549
1687735823,479760
1687735823,488654
1687735823,509882
1687735823,510068
1687735823,517904
1687735823,528102
1687735823,528127
1687735823,544398
1687735823,557543
1687735823,563093
1687735823,602225
1687735823,610211
1687735823,611115
1687735823,622204
1687735823,626245
1687735823,640599
1687735823,643028
1687735823,648221
1687735823,654697
1687735823,658460
1687735823,666733
1687735823,672271
1687735823,676198
1687735823,681834
1687735823,682496
1687735823,682910
1687735823,685422
1687735823,686689
1687735823,688955
1687735824,352398
1687735824,354040
1687735824,362584
1687735824,366154
1687735824,372865
1687735824,376889
1687735824,388195
1687735824,391948
1687735824,394037
1687735824,408811
1687735824,430419
1687735824,433656
1687735824,445036
1687735824,445884
1687735824,451455
1687735824,470765
1687735824,473798
1687735824,483660
1687735824,518775
1687735824,522617
1687735824,532322
1687735824,538828
1687735824,547656
1687735824,552703
1687735824,558499
1687735824,579668
1687735824,580863
1687735824,589484
1687735824,618807
1687735824,625603
1687735824,632747
1687735824,646530
1687735824,649610
1687735824,663270
1687735824,670689
1687735824,671566
1687735824,676242
1687735824,685785
1687735824,686243
1687735824,690287
1687735824,694330
1687735824,694887
1687735825,356299
1687735825,360294
1687735825,367169
1687735825,374535
1687735825,375584
1687735825,379130
1687735825,385425
1687735825,391050
1687735825,395809
1687735825,411769
1687735825,420625
1687735825,431926
1687735825,431985
1687735825,432678
1687735825,446914
1687735825,473455
1687735825,478041
1687735825,493806
1687735825,495234
1687735825,521891
1687735825,534256
1687735825,538043
1687735825,548964
1687735825,572493
1687735825,573173
1687735825,574959
1687735825,582075
1687735825,594060
1687735825,600926
1687735825,612662
1687735825,620527
1687735825,624442
1687735825,628885
1687735825,633970
1687735825,640612
1687735825,648182
1687735825,657658
1687735825,669844
1687735825,676597
1687735825,678489
1687735825,681213
1687735825,681862
1687735825,682114
1687735825,686737
1687735825,695145
1687735826,344164
1687735826,364121
1687735826,366441
1687735826,367407
1687735826,368058
1687735826,373258
1687735826,373414
1687735826,374114
1687735826,377469
1687735826,388537
1687735826,397600
1687735826,403382
1687735826,403787
1687735826,404911
1687735826,405020
1687735826,425529
1687735826,436612
1687735826,456611
1687735826,467780
1687735826,468395
1687735826,470752
1687735826,498222
1687735826,499680
1687735826,504856
1687735826,514639
1687735826,515300
1687735826,533509
1687735826,542870
1687735826,557250
1687735826,570228
1687735826,573342
1687735826,598660
1687735826,600448
1687735826,603825
1687735826,605625
1687735826,605943
1687735826,607517
1687735826,613545
1687735826,625312
1687735826,643950
1687735826,648826
1687735826,650046
1687735826,653291
1687735826,670422
1687735826,671862
1687735826,673470
1687735826,674325
1687735826,680527
1687735826,689887
1687735827,359741
1687735827,359771
1687735827,362366
1687735827,365364
1687735827,368414
1687735827,368679
1687735827,375956
1687735827,376715
1687735827,382562
1687735827,384874
1687735827,385787
1687735827,385844
1687735827,391697
1687735827,399097
1687735827,406179
1687735827,409788
1687735827,433395
1687735827,444645
1687735827,454492
1687735827,468806
1687735827,469460
1687735827,489384
1687735827,497918
1687735827,502860
1687735827,512584
1687735827,533252
1687735827,534172
1687735827,545791
1687735827,559891
1687735827,570939
1687735827,574216
1687735827,577121
1687735827,597528
1687735827,598366
1687735827,598874
1687735827,613881
1687735827,638505
1687735827,655041
1687735827,658037
1687735827,660016
1687735827,664753
1687735827,668668
1687735827,671714
1687735827,672002
1687735827,674779
1687735827,679097
1687735827,682588
1687735827,682714
1687735827,683905
1687735827,684694
1687735827,685043
1687735827,688057
1687735828,346507
1687735828,361526
1687735828,362647
1687735828,363484
1687735828,367913
1687735828,367961
1687735828,375406
1687735828,380392
1687735828,382765
1687735828,385614
1687735828,393250
1687735828,403397
1687735828,403999
1687735828,404168
1687735828,422155
1687735828,426963
1687735828,429891
1687735828,460213
1687735828,483194
1687735828,495421
1687735828,498348
1687735828,506988
1687735828,522218
1687735828,523182
1687735828,531337
1687735828,570592
1687735828,592485
1687735828,599881
1687735828,608541
1687735828,623800
1687735828,629227
1687735828,629280
1687735828,631224
1687735828,663086
1687735828,664701
1687735828,675384
1687735828,676785
1687735828,676882
1687735828,681936
1687735828,687972
1687735828,694485
1687735829,352968
1687735829,363090
1687735829,365739
1687735829,367717
1687735829,367824
1687735829,377447
1687735829,378061
1687735829,388367
1687735829,389094
1687735829,396753
1687735829,412113
1687735829,414927
1687735829,420743
1687735829,422396
1687735829,422759
1687735829,425201
1687735829,443982
1687735829,445021
1687735829,473880
1687735829,480790
1687735829,484834
1687735829,487187
1687735829,493683
1687735829,512010
1687735829,518107
1687735829,522905
1687735829,527949
1687735829,550719
1687735829,558617
1687735829,574892
1687735829,584514
1687735829,585581
1687735829,593256
1687735829,594270
1687735829,619242
1687735829,621765
1687735829,639515
1687735829,640868
1687735829,651111
1687735829,651624
1687735829,652342
1687735829,657994
1687735829,658828
1687735829,670851
1687735829,677239
1687735829,680770
1687735829,681700
1687735829,686232
1687735829,686410
1687735829,691032
1687735830,347414
1687735830,360987
1687735830,361931
1687735830,367979
1687735830,370764
1687735830,371275
1687735830,372502
1687735830,373348
1687735830,379038
1687735830,387001
1687735830,395749
1687735830,406472
1687735830,418472
1687735830,420257
1687735830,421332
1687735830,441149
1687735830,448451
1687735830,459288
1687735830,465335
1687735830,484583
1687735830,484706
1687735830,508521
1687735830,509676
1687735830,522935
1687735830,547340
1687735830,551351
1687735830,551664
1687735830,552034
1687735830,562219
1687735830,569334
1687735830,574909
1687735830,588136
1687735830,593836
1687735830,609096
1687735830,612353
1687735830,619454
1687735830,622911
1687735830,650912
1687735830,660830
1687735830,665854
1687735830,669007
1687735830,674763
1687735830,679162
1687735830,684572
1687735830,686550
1687735830,692584
1687735830,696332
1687735831,363574
1687735831,364854
1687735831,365644
1687735831,367921
1687735831,368646
1687735831,369769
1687735831,375401
1687735831,375840
1687735831,376740
1687735831,381829
1687735831,394900
1687735831,395536
1687735831,397862
1687735831,405734
1687735831,408752
1687735831,416479
1687735831,421196
1687735831,440124
1687735831,442308
1687735831,445769
1687735831,449976
1687735831,462340
1687735831,488498
1687735831,497711
1687735831,502408
1687735831,515095
1687735831,522517
1687735831,542339
1687735831,548361
1687735831,550610
1687735831,568853
1687735831,600283
1687735831,609065
1687735831,616212
1687735831,622008
1687735831,623984
1687735831,642597
1687735831,647710
1687735831,651277
1687735831,665127
1687735831,666666
1687735831,666700
1687735831,667995
1687735831,678781
1687735831,681434
1687735831,683465
1687735831,685638
1687735831,685813
1687735831,691031
1687735832,348074
1687735832,360614
1687735832,363321
1687735832,364030
1687735832,366392
1687735832,366595
1687735832,368404
1687735832,375582
1687735832,379065
1687735832,386131
1687735832,387179
1687735832,392906
1687735832,397811
1687735832,414363
1687735832,424758
1687735832,430040
1687735832,435450
1687735832,442255
1687735832,457893
1687735832,467527
1687735832,476803
1687735832,483319
1687735832,497593
1687735832,511857
1687735832,527700
1687735832,535232
1687735832,537692
1687735832,543947
1687735832,544332
1687735832,564901
1687735832,566625
1687735832,570362
1687735832,572970
1687735832,574903
1687735832,576868
1687735832,579822
1687735832,587176
1687735832,587420
1687735832,591014
1687735832,614502
1687735832,629295
1687735832,632656
1687735832,639068
1687735832,646781
1687735832,647021
1687735832,662492
1687735832,665388
1687735832,668961
1687735832,675346
1687735832,676274
1687735832,680014
1687735832,684479
1687735832,689483
1687735832,690106
1687735832,693456
1687735833,359905
1687735833,363092
1687735833,368030
1687735833,369786
1687735833,371437
1687735833,371502
1687735833,371942
1687735833,372057
1687735833,379517
1687735833,381246
1687735833,384801
1687735833,390745
1687735833,394917
1687735833,402185
1687735833,404158
1687735833,407386
1687735833,414745
1687735833,425933
1687735833,437914
1687735833,438138
1687735833,467555
1687735833,474247
1687735833,475708
1687735833,488029
1687735833,500996
1687735833,504587
1687735833,524358
1687735833,537174
1687735833,543836
1687735833,567893
1687735833,574978
1687735833,591751
1687735833,593665
1687735833,601526
1687735833,606923
1687735833,623928
1687735833,630793
1687735833,635305
1687735833,639530
1687735833,650407
1687735833,673312
1687735833,676380
1687735833,677097
1687735833,680637
1687735833,685673
1687735833,688529
1687735833,693730
1687735834,350178
1687735834,355817
1687735834,358714
1687735834,362777
1687735834,364477
1687735834,366933
1687735834,374271
1687735834,374755
1687735834,377070
1687735834,379239
1687735834,384444
1687735834,384731
1687735834,395857
1687735834,400909
1687735834,403751
1687735834,412108
1687735834,432119
1687735834,433280
1687735834,440054
1687735834,449790
1687735834,454858
1687735834,462937
1687735834,466477
1687735834,475546
1687735834,476190
1687735834,489289
1687735834,495463
1687735834,502671
1687735834,505241
1687735834,514415
1687735834,515751
1687735834,531527
1687735834,540841
1687735834,560818
1687735834,563550
1687735834,568816
1687735834,581837
1687735834,599572
1687735834,600049
1687735834,604893
1687735834,609377
1687735834,610478
1687735834,626903
1687735834,630676
1687735834,632220
1687735834,638002
1687735834,646965
1687735834,651093
1687735834,656912
1687735834,658289
1687735834,659088
1687735834,667559
1687735834,668528
1687735834,670230
1687735834,678511
1687735834,679032
1687735834,680854
1687735834,686405
1687735834,690659
1687735834,691248
1687735834,694111
1687735835,363088
1687735835,366459
1687735835,367841
1687735835,368635
1687735835,369456
1687735835,371440
1687735835,371689
1687735835,371989
1687735835,372795
1687735835,379160
1687735835,387137
1687735835,392838
1687735835,397485
1687735835,399538
1687735835,401683
1687735835,402567
1687735835,413520
1687735835,417802
1687735835,432960
1687735835,438369
1687735835,442665
1687735835,449819
1687735835,459439
1687735835,469078
1687735835,477286
1687735835,486442
1687735835,490789
1687735835,501121
1687735835,511944
1687735835,514752
1687735835,518323
1687735835,529821
1687735835,531201
1687735835,541919
1687735835,549785
1687735835,554113
1687735835,561027
1687735835,580153
1687735835,584575
1687735835,586896
1687735835,589189
1687735835,593371
1687735835,602192
1687735835,611661
1687735835,617479
1687735835,617704
1687735835,630749
1687735835,639070
1687735835,639381
1687735835,655466
1687735835,672543
1687735835,673141
1687735835,679637
1687735835,680670
1687735835,685138
1687735835,685844
1687735835,686365
1687735835,690904
1687735836,353430
1687735836,359617
1687735836,360896
1687735836,361703
1687735836,366313
1687735836,374092
1687735836,375047
1687735836,378882
1687735836,386665
1687735836,394619
1687735836,411145
1687735836,416833
1687735836,420749
1687735836,422176
1687735836,426978
1687735836,450302
1687735836,455574
1687735836,475952
1687735836,478634
1687735836,487931
1687735836,490873
1687735836,508309
1687735836,515915
1687735836,527813
1687735836,528013
1687735836,536846
1687735836,555457
1687735836,591597
1687735836,592025
1687735836,611713
1687735836,617210
1687735836,623597
1687735836,623717
1687735836,641784
1687735836,654996
1687735836,658053
1687735836,660219
1687735836,661758
1687735836,671634
1687735836,673517
1687735836,677454
1687735836,679386
1687735836,683922
1687735836,686036
1687735836,688022
1687735836,692485
1687735837,363392
1687735837,364683
1687735837,367895
1687735837,376635
1687735837,377944
1687735837,377971
1687735837,378909
1687735837,382806
1687735837,386977
1687735837,391571
1687735837,394503
1687735837,395171
1687735837,416187
1687735837,416214
1687735837,424404
1687735837,426769
1687735837,448717
1687735837,452773
1687735837,465612
1687735837,472252
1687735837,481085
1687735837,511901
1687735837,518355
1687735837,528396
1687735837,531059
1687735837,535741
1687735837,551176
1687735837,555793
1687735837,557856
1687735837,564228
1687735837,576876
1687735837,580493
1687735837,582811
1687735837,598632
1687735837,614785
1687735837,621065
1687735837,640956
1687735837,641078
1687735837,644969
1687735837,652472
1687735837,653031
1687735837,661128
1687735837,668798
1687735837,670361
1687735837,672505
1687735837,672823
1687735837,680594
1687735837,681896
1687735837,684465
1687735837,691222
1687735837,692531
1687735838,360862
1687735838,362701
1687735838,366316
1687735838,370227
1687735838,371316
1687735838,372568
1687735838,372919
1687735838,373816
1687735838,373950
1687735838,389616
1687735838,404334
1687735838,408521
1687735838,408563
1687735838,412493
1687735838,424878
1687735838,427611
1687735838,439113
1687735838,443556
1687735838,443897
1687735838,444728
1687735838,451474
1687735838,467853
1687735838,478808
1687735838,490445
1687735838,505309
1687735838,505727
1687735838,511712
1687735838,512487
1687735838,529564
1687735838,545404
1687735838,552549
1687735838,553034
1687735838,553229
1687735838,571446
1687735838,575888
1687735838,580871
1687735838,610225
1687735838,612013
1687735838,614274
1687735838,624663
1687735838,635471
1687735838,636339
1687735838,643931
1687735838,645169
1687735838,646946
1687735838,649282
1687735838,672998
1687735838,680616
1687735838,680806
1687735838,683678
1687735838,686530
1687735838,687241
1687735838,692060
1687735838,694699
1687735839,361328
1687735839,363590
1687735839,367066
1687735839,370203
1687735839,372136
1687735839,374325
1687735839,375116
1687735839,376218
1687735839,379607
1687735839,390352
1687735839,390880
1687735839,391756
1687735839,395173
1687735839,398081
1687735839,400122
1687735839,409482
1687735839,440599
1687735839,441653
1687735839,450453
1687735839,457465
1687735839,458636
1687735839,459044
1687735839,468327
1687735839,475647
1687735839,493300
1687735839,496997
1687735839,506249
1687735839,507013
1687735839,533481
1687735839,541306
1687735839,559720
1687735839,573104
1687735839,574952
1687735839,598011
1687735839,601849
1687735839,603500
1687735839,604080
1687735839,609426
1687735839,626614
1687735839,628069
1687735839,636831
1687735839,643493
1687735839,653513
1687735839,658116
1687735839,659145
1687735839,664013
1687735839,665219
1687735839,666332
1687735839,669064
1687735839,674201
1687735839,681496
1687735839,682429
1687735839,684365
1687735839,684406
1687735839,688059
1687735839,690610
1687735839,697286
1687735840,359309
1687735840,361075
1687735840,364435
1687735840,367275
1687735840,368752
1687735840,376659
1687735840,382027
1687735840,382153
1687735840,382342
1687735840,385626
1687735840,386087
1687735840,402145
1687735840,404751
1687735840,406745
1687735840,420130
1687735840,423346
1687735840,426843
1687735840,427042
1687735840,427530
1687735840,427635
1687735840,439682
1687735840,465517
1687735840,474236
1687735840,480464
1687735840,487436
1687735840,500053
1687735840,502850
1687735840,503583
1687735840,527562
1687735840,530209
1687735840,530636
1687735840,531996
1687735840,534007
1687735840,547544
1687735840,554487
1687735840,574612
1687735840,578709
1687735840,590822
1687735840,601774
1687735840,608917
1687735840,621664
1687735840,624586
1687735840,633362
1687735840,633622
1687735840,634640
1687735840,635742
1687735840,644274
1687735840,652328
1687735840,662554
1687735840,663893
1687735840,675104
1687735840,678357
1687735840,685475
1687735840,689367
1687735840,694459
1687735841,350233
1687735841,358890
1687735841,363547
1687735841,364557
1687735841,364685
1687735841,366300
1687735841,366844
1687735841,370665
1687735841,378697
1687735841,379151
1687735841,383590
1687735841,386957
1687735841,387578
1687735841,417161
1687735841,442196
1687735841,453839
1687735841,470813
1687735841,480420
1687735841,481448
1687735841,482407
1687735841,499660
1687735841,516674
1687735841,529082
1687735841,563822
1687735841,571922
1687735841,582665
1687735841,584724
1687735841,584755
1687735841,600138
1687735841,605589
1687735841,622389
1687735841,627854
1687735841,642244
1687735841,651903
1687735841,656881
1687735841,657117
1687735841,658218
1687735841,662027
1687735841,663108
1687735841,673355
1687735841,675259
1687735841,677741
1687735841,678542
1687735841,684529
1687735841,697283
1687735842,365722
1687735842,368059
1687735842,368392
1687735842,371404
1687735842,373743
1687735842,378723
1687735842,385124
1687735842,394693
1687735842,401821
1687735842,416650
1687735842,422831
1687735842,430703
1687735842,439452
1687735842,449069
1687735842,451440
1687735842,456715
1687735842,462036
1687735842,479608
1687735842,496998
1687735842,502149
1687735842,506959
1687735842,521736
1687735842,524052
1687735842,546563
1687735842,553018
1687735842,555542
1687735842,559511
1687735842,567315
1687735842,583879
1687735842,599871
1687735842,605835
1687735842,610753
1687735842,615677
1687735842,625720
1687735842,636857
1687735842,649196
1687735842,651362
1687735842,657597
1687735842,668498
1687735842,670983
1687735842,673984
1687735842,680387
1687735842,687539
1687735842,689504
1687735842,691972
1687735842,692690
1687735842,695324
1687735843,362169
1687735843,362387
1687735843,362751
1687735843,366735
1687735843,366837
1687735843,370227
1687735843,370566
1687735843,372995
1687735843,374269
1687735843,376598
1687735843,378062
1687735843,394288
1687735843,403467
1687735843,410844
1687735843,417286
1687735843,418974
1687735843,421462
1687735843,425555
1687735843,444673
1687735843,445769
1687735843,455536
1687735843,475033
1687735843,490663
1687735843,507999
1687735843,508035
1687735843,519959
1687735843,526040
1687735843,526054
1687735843,546335
1687735843,549874
1687735843,559591
1687735843,560607
1687735843,565241
1687735843,603875
1687735843,608208
1687735843,609221
1687735843,623881
1687735843,624156
1687735843,642141
1687735843,644363
1687735843,646472
1687735843,651621
1687735843,652529
1687735843,656033
1687735843,659828
1687735843,665732
1687735843,668788
1687735843,673096
1687735843,675840
1687735843,682023
1687735843,682180
1687735843,683497
1687735843,685886
1687735843,686218
1687735843,686292
1687735843,689532
1687735844,351855
1687735844,355068
1687735844,362886
1687735844,365861
1687735844,366456
1687735844,371922
1687735844,377606
1687735844,383069
1687735844,387141
1687735844,390903
1687735844,409599
1687735844,417233
1687735844,432521
1687735844,435852
1687735844,442791
1687735844,444179
1687735844,453755
1687735844,471805
1687735844,481390
1687735844,481714
1687735844,492523
1687735844,520494
1687735844,520902
1687735844,534449
1687735844,540912
1687735844,545748
1687735844,550670
1687735844,577383
1687735844,578795
1687735844,587476
1687735844,620388
1687735844,623590
1687735844,634141
1687735844,644263
1687735844,647833
1687735844,647854
1687735844,662126
1687735844,670781
1687735844,675104
1687735844,687065
1687735844,695330
1687735845,356525
1687735845,360730
1687735845,366331
1687735845,375453
1687735845,376453
1687735845,379874
1687735845,383918
1687735845,384387
1687735845,389959
1687735845,397108
1687735845,413456
1687735845,422599
1687735845,430192
1687735845,433825
1687735845,444956
1687735845,471193
1687735845,472727
1687735845,475977
1687735845,495758
1687735845,497280
1687735845,523889
1687735845,532292
1687735845,540221
1687735845,546874
1687735845,570102
1687735845,572857
1687735845,575544
1687735845,584082
1687735845,595782
1687735845,602688
1687735845,610676
1687735845,622280
1687735845,625889
1687735845,630353
1687735845,631772
1687735845,641755
1687735845,646384
1687735845,647153
1687735845,652068
1687735845,658790
1687735845,668746
1687735845,673920
1687735845,675761
1687735845,679064
1687735845,680415
1687735845,682181
1687735845,682729
1687735845,685347
1687735845,686588
1687735845,696051
1687735846,344540
1687735846,363895
1687735846,366211
1687735846,366674
1687735846,372691
1687735846,374298
1687735846,374666
1687735846,387154
1687735846,398733
1687735846,401997
1687735846,403646
1687735846,405413
1687735846,406807
1687735846,427443
1687735846,434816
1687735846,458663
1687735846,465784
1687735846,466339
1687735846,472935
1687735846,473483
1687735846,496076
1687735846,497646
1687735846,502765
1687735846,517273
1687735846,535687
1687735846,541243
1687735846,559423
1687735846,560558
1687735846,571240
1687735846,600314
1687735846,603678
1687735846,603828
1687735846,609073
1687735846,615318
1687735846,626798
1687735846,645228
1687735846,651221
1687735846,668814
1687735846,673120
1687735846,673313
1687735846,674176
1687735846,680103
1687735846,689123
1687735847,359417
1687735847,359549
1687735847,363084
1687735847,367478
1687735847,369126
1687735847,376012
1687735847,376018
1687735847,383697
1687735847,384623
1687735847,386429
1687735847,393181
1687735847,397527
1687735847,401857
1687735847,404899
1687735847,411697
1687735847,446791
1687735847,452247
1687735847,467080
1687735847,470885
1687735847,491513
1687735847,499792
1687735847,500902
1687735847,514660
1687735847,548094
1687735847,557882
1687735847,568956
1687735847,576410
1687735847,579174
1687735847,596033
1687735847,598423
1687735847,599319
1687735847,615176
1687735847,631019
1687735847,639676
1687735847,656272
1687735847,656359
1687735847,661518
1687735847,663593
1687735847,663675
1687735847,669396
1687735847,672834
1687735847,678563
1687735847,681367
1687735847,683119
1687735847,683976
1687735847,684270
1687735847,687598
1687735848,345937
1687735848,355426
1687735848,363172
1687735848,367483
1687735848,368382
1687735848,376197
1687735848,378941
1687735848,383970
1687735848,387172
1687735848,402737
1687735848,406019
1687735848,425037
1687735848,432158
1687735848,458190
1687735848,465333
1687735848,485167
1687735848,493301
1687735848,496174
1687735848,509150
1687735848,520083
1687735848,521089
1687735848,524686
1687735848,529241
1687735848,535349
1687735848,546679
1687735848,568488
1687735848,587421
1687735848,593574
1687735848,594288
1687735848,596916
1687735848,597900
1687735848,610095
1687735848,621707
1687735848,627107
1687735848,629667
1687735848,630770
1687735848,661744
1687735848,665643
1687735848,677704
1687735848,678201
1687735848,683035
1687735848,684605
1687735848,694069
1687735849,353524
1687735849,359864
1687735849,362627
1687735849,363229
1687735849,367025
1687735849,368622
1687735849,378173
1687735849,379244
1687735849,387726
1687735849,395385
1687735849,420511
1687735849,420621
1687735849,422819
1687735849,423304
1687735849,445963
1687735849,447205
1687735849,475887
1687735849,478467
1687735849,489257
1687735849,491586
1687735849,515935
1687735849,525073
1687735849,526017
1687735849,535860
1687735849,552866
1687735849,556606
1687735849,558460
1687735849,571545
1687735849,577061
1687735849,582309
1687735849,587469
1687735849,592145
1687735849,594951
1687735849,619789
1687735849,620921
1687735849,641241
1687735849,641999
1687735849,650279
1687735849,650522
1687735849,652353
1687735849,659099
1687735849,660078
1687735849,667062
1687735849,669889
1687735849,676344
1687735849,679403
1687735849,680855
1687735849,682506
1687735849,686725
1687735849,690808
1687735850,347894
1687735850,360274
1687735850,361879
1687735850,371875
1687735850,372045
1687735850,372541
1687735850,372931
1687735850,382037
1687735850,388241
1687735850,394413
1687735850,396859
1687735850,408106
1687735850,414697
1687735850,421081
1687735850,422161
1687735850,438202
1687735850,439389
1687735850,446412
1687735850,450264
1687735850,461442
1687735850,467455
1687735850,482563
1687735850,486658
1687735850,511556
1687735850,520822
1687735850,545228
1687735850,550104
1687735850,553559
1687735850,564515
1687735850,590038
1687735850,591679
1687735850,610736
1687735850,620973
1687735850,623333
1687735850,645142
1687735850,649146
1687735850,662322
1687735850,669773
1687735850,683820
1687735850,691916
1687735850,696594
1687735851,364077
1687735851,366335
1687735851,367961
1687735851,368460
1687735851,370455
1687735851,374557
1687735851,375151
1687735851,377399
1687735851,399827
1687735851,404327
1687735851,419704
1687735851,423189
1687735851,440265
1687735851,442370
1687735851,443857
1687735851,452079
1687735851,464563
1687735851,499739
1687735851,500352
1687735851,512885
1687735851,524818
1687735851,529873
1687735851,540472
1687735851,552621
1687735851,570933
1687735851,602154
1687735851,607033
1687735851,614093
1687735851,625623
1687735851,643853
1687735851,645776
1687735851,652601
1687735851,665473
1687735851,665876
1687735851,666130
1687735851,669257
1687735851,678365
1687735851,678745
1687735851,681061
1687735851,682637
1687735851,686160
1687735851,686172
1687735851,691930
1687735852,347281
1687735852,361731
1687735852,363881
1687735852,364254
1687735852,365885
1687735852,366027
1687735852,367927
1687735852,376485
1687735852,384847
1687735852,388493
1687735852,391594
1687735852,399158
1687735852,412634
1687735852,426693
1687735852,428449
1687735852,437674
1687735852,440395
1687735852,460196
1687735852,465574
1687735852,472606
1687735852,474369
1687735852,485417
1687735852,499577
1687735852,509750
1687735852,510212
1687735852,533091
1687735852,535008
1687735852,539688
1687735852,542368
1687735852,546104
1687735852,566971
1687735852,568101
1687735852,571077
1687735852,573054
1687735852,577838
1687735852,585398
1687735852,589067
1687735852,612491
1687735852,627411
1687735852,633951
1687735852,637292
1687735852,644812
1687735852,648257
1687735852,663378
1687735852,664033
1687735852,667606
1687735852,671672
1687735852,675924
1687735852,677002
1687735852,678742
1687735852,680377
1687735852,684954
1687735852,689187
1687735852,690052
1687735852,693315
1687735853,363240
1687735853,367937
1687735853,369618
1687735853,370983
1687735853,372069
1687735853,372116
1687735853,372464
1687735853,380753
1687735853,382430
1687735853,389616
1687735853,393429
1687735853,402344
1687735853,403762
1687735853,416490
1687735853,424390
1687735853,436334
1687735853,440029
1687735853,465028
1687735853,465675
1687735853,473407
1687735853,476229
1687735853,486183
1687735853,503155
1687735853,528248
1687735853,546118
1687735853,570141
1687735853,577006
1687735853,591536
1687735853,603206
1687735853,604984
1687735853,625720
1687735853,630022
1687735853,632092
1687735853,636826
1687735853,637448
1687735853,651527
1687735853,653845
1687735853,660527
1687735853,674567
1687735853,675770
1687735853,676554
1687735853,680494
1687735853,681099
1687735853,685622
1687735853,688553
1687735853,694349
1687735854,350223
1687735854,355546
1687735854,357762
1687735854,363031
1687735854,365014
1687735854,368102
1687735854,373936
1687735854,375109
1687735854,376711
1687735854,378445
1687735854,385653
1687735854,389687
1687735854,397709
1687735854,402549
1687735854,402765
1687735854,405916
1687735854,413947
1687735854,430114
1687735854,435349
1687735854,446829
1687735854,451904
1687735854,452947
1687735854,460730
1687735854,464286
1687735854,477628
1687735854,478301
1687735854,487104
1687735854,497621
1687735854,500541
1687735854,502977
1687735854,516142
1687735854,517886
1687735854,529506
1687735854,543045
1687735854,546346
1687735854,558751
1687735854,565802
1687735854,566781
1687735854,583796
1687735854,597715
1687735854,598240
1687735854,599558
1687735854,606596
1687735854,611166
1687735854,611891
1687735854,625059
1687735854,632234
1687735854,636162
1687735854,648376
1687735854,649348
1687735854,656538
1687735854,657607
1687735854,658127
1687735854,668524
1687735854,669560
1687735854,669588
1687735854,678270
1687735854,679925
1687735854,680274
1687735854,686723
1687735854,690773
1687735854,694004
1687735855,362989
1687735855,366048
1687735855,366583
1687735855,368209
1687735855,369090
1687735855,369537
1687735855,371299
1687735855,371850
1687735855,372165
1687735855,372677
1687735855,378070
1687735855,388100
1687735855,394495
1687735855,396029
1687735855,400194
1687735855,400913
1687735855,401317
1687735855,415628
1687735855,416159
1687735855,435144
1687735855,440473
1687735855,440614
1687735855,451946
1687735855,453718
1687735855,457530
1687735855,479293
1687735855,484259
1687735855,485572
1687735855,492927
1687735855,503117
1687735855,509965
1687735855,512529
1687735855,520438
1687735855,527786
1687735855,544114
1687735855,551894
1687735855,552095
1687735855,558976
1687735855,560591
1687735855,586723
1687735855,591137
1687735855,591271
1687735855,604026
1687735855,609478
1687735855,615439
1687735855,619375
1687735855,628716
1687735855,640532
1687735855,640724
1687735855,645464
1687735855,656872
1687735855,673940
1687735855,676939
1687735855,681173
1687735855,684017
1687735855,685545
1687735855,687540
1687735855,690250
1687735856,354001
1687735856,358925
1687735856,361338
1687735856,361414
1687735856,373020
1687735856,375565
1687735856,380178
1687735856,385440
1687735856,387884
1687735856,393386
1687735856,404444
1687735856,414872
1687735856,419188
1687735856,420581
1687735856,428881
1687735856,452334
1687735856,471310
1687735856,476555
1687735856,478060
1687735856,492976
1687735856,518099
1687735856,525862
1687735856,526112
1687735856,538997
1687735856,553223
1687735856,578820
1687735856,593553
1687735856,613204
1687735856,621477
1687735856,621969
1687735856,632331
1687735856,633324
1687735856,655889
1687735856,656533
1687735856,661689
1687735856,662832
1687735856,670538
1687735856,672791
1687735856,678440
1687735856,678981
1687735856,684405
1687735856,686844
1687735856,687321
1687735856,692939
1687735857,363050
1687735857,364954
1687735857,366115
1687735857,367996
1687735857,375802
1687735857,376158
1687735857,379731
1687735857,381940
1687735857,392971
1687735857,393123
1687735857,396371
1687735857,414713
1687735857,417972
1687735857,425136
1687735857,426583
1687735857,455048
1687735857,467533
1687735857,469972
1687735857,478765
1687735857,494580
1687735857,509824
1687735857,520409
1687735857,530322
1687735857,531522
1687735857,533359
1687735857,533900
1687735857,549157
1687735857,552737
1687735857,558038
1687735857,559961
1687735857,566263
1687735857,574610
1687735857,580687
1687735857,582726
1687735857,597478
1687735857,600377
1687735857,618937
1687735857,622692
1687735857,639062
1687735857,642255
1687735857,645479
1687735857,646387
1687735857,650836
1687735857,662257
1687735857,667497
1687735857,671419
1687735857,671863
1687735857,673663
1687735857,684477
1687735857,691224
1687735857,692451
1687735858,350315
1687735858,360207
1687735858,363006
1687735858,367097
1687735858,369503
1687735858,372931
1687735858,373227
1687735858,374311
1687735858,383821
1687735858,388486
1687735858,405989
1687735858,406951
1687735858,408157
1687735858,410244
1687735858,411078
1687735858,426898
1687735858,429470
1687735858,437449
1687735858,441344
1687735858,442705
1687735858,446110
1687735858,453555
1687735858,469990
1687735858,476813
1687735858,492611
1687735858,503176
1687735858,504282
1687735858,507640
1687735858,509765
1687735858,514341
1687735858,531579
1687735858,535213
1687735858,543424
1687735858,550704
1687735858,555136
1687735858,555324
1687735858,573347
1687735858,573882
1687735858,578621
1687735858,608665
1687735858,612226
1687735858,613652
1687735858,626121
1687735858,637652
1687735858,642288
1687735858,643523
1687735858,650483
1687735858,666497
1687735858,673905
1687735858,679782
1687735858,679986
1687735858,681147
1687735858,682170
1687735858,683203
1687735858,685465
1687735858,688114
1687735858,691300
1687735858,692670
1687735858,694524
1687735858,694796
1687735859,361585
1687735859,363541
1687735859,367017
1687735859,370737
1687735859,372126
1687735859,373379
1687735859,375103
1687735859,376931
1687735859,378590
1687735859,382602
1687735859,390635
1687735859,391159
1687735859,391953
1687735859,396433
1687735859,396653
1687735859,401950
1687735859,438923
1687735859,443796
1687735859,448653
1687735859,457075
1687735859,470407
1687735859,471157
1687735859,473424
1687735859,494815
1687735859,495150
1687735859,508985
1687735859,526326
1687735859,529875
1687735859,543279
1687735859,558568
1687735859,572827
1687735859,575330
1687735859,584512
1687735859,599875
1687735859,601899
1687735859,605253
1687735859,628027
1687735859,629408
1687735859,630322
1687735859,634925
1687735859,644991
1687735859,654657
1687735859,656574
1687735859,657252
1687735859,665127
1687735859,669975
1687735859,680950
1687735859,684028
1687735859,684615
1687735859,685945
1687735859,688906
1687735859,690946
1687735859,696219
1687735860,360152
1687735860,361235
1687735860,363264
1687735860,364812
1687735860,366301
1687735860,368359
1687735860,370371
1687735860,374042
1687735860,376237
1687735860,381480
1687735860,383443
1687735860,383549
1687735860,384474
1687735860,387465
1687735860,403615
1687735860,403679
1687735860,405149
1687735860,422076
1687735860,425145
1687735860,425606
1687735860,428723
1687735860,429712
1687735860,441894
1687735860,466405
1687735860,467692
1687735860,472245
1687735860,482529
1687735860,489581
1687735860,498002
1687735860,501432
1687735860,502549
1687735860,504920
1687735860,529856
1687735860,532005
1687735860,532711
1687735860,549712
1687735860,564451
1687735860,567670
1687735860,576499
1687735860,576812
1687735860,592661
1687735860,599757
1687735860,610332
1687735860,620428
1687735860,623134
1687735860,626354
1687735860,631777
1687735860,632486
1687735860,634000
1687735860,635175
1687735860,653618
1687735860,661334
1687735860,662194
1687735860,664770
1687735860,667428
1687735860,669409
1687735860,676163
1687735860,678835
1687735860,683019
1687735860,684452
1687735860,684971
1687735860,687620
1687735860,689081
1687735861,362974
1687735861,364558
1687735861,366243
1687735861,366941
1687735861,371159
1687735861,379191
1687735861,379618
1687735861,380153
1687735861,382858
1687735861,386002
1687735861,386308
1687735861,412590
1687735861,418991
1687735861,421588
1687735861,425180
1687735861,444270
1687735861,463227
1687735861,464209
1687735861,472824
1687735861,478519
1687735861,480243
1687735861,483632
1687735861,497532
1687735861,511691
1687735861,522703
1687735861,527184
1687735861,548918
1687735861,561699
1687735861,574186
1687735861,582166
1687735861,582662
1687735861,582772
1687735861,584576
1687735861,589287
1687735861,607228
1687735861,612681
1687735861,625771
1687735861,643533
1687735861,650091
1687735861,650091
1687735861,650590
1687735861,656353
1687735861,657565
1687735861,658373
1687735861,671730
1687735861,674182
1687735861,674492
1687735861,677078
1687735861,679046
1687735861,681899
1687735861,684536
1687735861,697355
1687735862,362509
1687735862,363796
1687735862,368917
1687735862,369605
1687735862,373051
1687735862,385338
1687735862,393405
1687735862,395889
1687735862,400401
1687735862,406377
1687735862,412991
1687735862,418391
1687735862,421148
1687735862,441702
1687735862,447010
1687735862,449280
1687735862,451593
1687735862,458829
1687735862,481623
1687735862,492617
1687735862,494623
1687735862,504331
1687735862,522050
1687735862,524016
1687735862,548788
1687735862,551092
1687735862,553485
1687735862,557388
1687735862,569411
1687735862,585828
1687735862,593095
1687735862,597916
1687735862,607581
1687735862,612160
1687735862,617183
1687735862,623684
1687735862,638273
1687735862,650601
1687735862,655942
1687735862,672426
1687735862,673310
1687735862,674011
1687735862,675161
1687735862,687698
1687735862,688671
1687735862,692040
1687735862,692440
1687735863,362227
1687735863,362864
1687735863,362898
1687735863,366946
1687735863,367778
1687735863,370981
1687735863,372104
1687735863,376898
1687735863,377093
1687735863,395708
1687735863,398688
1687735863,402030
1687735863,409228
1687735863,419027
1687735863,419664
1687735863,420343
1687735863,423327
1687735863,442679
1687735863,447899
1687735863,483680
1687735863,486072
1687735863,492693
1687735863,505918
1687735863,506180
1687735863,516676
1687735863,522018
1687735863,523013
1687735863,524000
1687735863,524003
1687735863,548077
1687735863,548292
1687735863,561652
1687735863,567374
1687735863,589481
1687735863,592935
1687735863,595323
1687735863,605497
1687735863,606249
1687735863,607307
1687735863,618202
1687735863,622067
1687735863,625531
1687735863,643637
1687735863,644704
1687735863,645650
1687735863,657353
1687735863,661108
1687735863,664706
1687735863,668511
1687735863,673863
1687735863,675465
1687735863,680741
1687735863,681828
1687735863,682194
1687735863,684076
1687735863,685822
1687735863,686938
1687735863,690047
1687735863,694933
1687735864,351407
1687735864,356157
1687735864,356800
1687735864,359839
1687735864,363231
1687735864,364942
1687735864,365584
1687735864,367883
1687735864,371034
1687735864,378394
1687735864,384359
1687735864,386075
1687735864,389868
1687735864,410400
1687735864,415689
1687735864,415986
1687735864,434647
1687735864,438067
1687735864,440550
1687735864,442516
1687735864,456037
1687735864,469792
1687735864,479062
1687735864,518358
1687735864,525882
1687735864,534223
1687735864,536580
1687735864,543031
1687735864,543827
1687735864,548650
1687735864,562729
1687735864,575109
1687735864,576697
1687735864,577898
1687735864,585466
1687735864,598677
1687735864,621578
1687735864,621936
1687735864,635481
1687735864,646049
1687735864,649182
1687735864,660973
1687735864,669985
1687735864,673883
1687735864,687828
1687735864,695705
1687735865,355019
1687735865,361203
1687735865,365581
1687735865,371778
1687735865,375315
1687735865,380635
1687735865,383391
1687735865,385806
1687735865,388448
1687735865,388881
1687735865,398469
1687735865,415142
1687735865,424583
1687735865,428416
1687735865,435729
1687735865,443017
1687735865,463801
1687735865,468904
1687735865,473861
1687735865,474656
1687735865,497732
1687735865,499348
1687735865,530334
1687735865,542430
1687735865,544784
1687735865,567718
1687735865,569235
1687735865,570771
1687735865,586086
1687735865,604392
1687735865,608679
1687735865,612594
1687735865,624076
1687735865,627312
1687735865,629594
1687735865,631829
1687735865,644578
1687735865,659924
1687735865,667614
1687735865,672641
1687735865,673337
1687735865,674892
1687735865,679563
1687735865,679580
1687735865,682254
1687735865,683577
1687735865,686460
1687735866,345001
1687735866,363702
1687735866,365961
1687735866,365999
1687735866,372167
1687735866,375179
1687735866,375183
1687735866,399860
1687735866,400627
1687735866,402302
1687735866,408716
1687735866,429391
1687735866,433022
1687735866,448395
1687735866,460698
1687735866,475100
1687735866,493972
1687735866,495626
1687735866,500690
1687735866,512104
1687735866,519229
1687735866,529386
1687735866,537863
1687735866,539626
1687735866,561604
1687735866,601698
1687735866,601715
1687735866,601967
1687735866,607240
1687735866,610598
1687735866,617106
1687735866,628284
1687735866,645410
1687735866,646438
1687735866,652417
1687735866,667201
1687735866,672328
1687735866,674355
1687735866,674853
1687735866,679696
1687735866,683469
1687735866,688311
1687735867,359130
1687735867,359332
1687735867,366284
1687735867,368805
1687735867,369808
1687735867,374983
1687735867,376043
1687735867,378334
1687735867,382568
1687735867,383374
1687735867,387096
1687735867,394697
1687735867,396025
1687735867,400308
1687735867,403611
1687735867,407016
1687735867,413673
1687735867,418902
1687735867,436287
1687735867,448938
1687735867,450010
1687735867,455433
1687735867,464696
1687735867,472976
1687735867,493601
1687735867,498925
1687735867,501631
1687735867,516743
1687735867,550409
1687735867,555859
1687735867,567014
1687735867,578586
1687735867,581157
1687735867,593696
1687735867,596411
1687735867,601139
1687735867,616477
1687735867,623248
1687735867,640860
1687735867,654641
1687735867,657517
1687735867,662380
1687735867,662957
1687735867,664754
1687735867,670077
1687735867,673655
1687735867,677055
1687735867,677990
1687735867,680121
1687735867,683810
1687735867,684031
1687735867,687145
1687735868,345431
1687735868,362924
1687735868,363870
1687735868,365274
1687735868,367107
1687735868,372006
1687735868,372625
1687735868,377037
1687735868,377522
1687735868,385223
1687735868,388775
1687735868,391076
1687735868,401509
1687735868,407909
1687735868,423114
1687735868,434436
1687735868,456156
1687735868,487125
1687735868,491126
1687735868,493961
1687735868,511317
1687735868,517924
1687735868,519006
1687735868,527132
1687735868,537432
1687735868,566402
1687735868,580030
1687735868,595880
1687735868,596020
1687735868,611580
1687735868,619637
1687735868,624940
1687735868,628102
1687735868,632253
1687735868,654318
1687735868,660350
1687735868,666602
1687735868,678598
1687735868,680340
1687735868,684117
1687735868,684131
1687735868,693624
1687735869,354099
1687735869,362598
1687735869,363450
1687735869,366342
1687735869,369436
1687735869,377818
1687735869,378915
1687735869,380418
1687735869,382672
1687735869,386391
1687735869,393118
1687735869,394072
1687735869,418849
1687735869,421425
1687735869,424895
1687735869,445006
1687735869,447964
1687735869,449417
1687735869,476152
1687735869,477922
1687735869,489472
1687735869,491358
1687735869,513820
1687735869,524073
1687735869,527219
1687735869,554597
1687735869,554996
1687735869,573710
1687735869,579244
1687735869,589360
1687735869,589502
1687735869,590013
1687735869,596605
1687735869,617863
1687735869,622591
1687735869,642988
1687735869,643123
1687735869,643258
1687735869,648680
1687735869,648924
1687735869,653593
1687735869,660205
1687735869,661255
1687735869,668315
1687735869,668860
1687735869,675408
1687735869,680934
1687735869,683274
1687735869,687046
1687735869,690544
1687735870,348440
1687735870,358885
1687735870,359570
1687735870,361864
1687735870,371752
1687735870,372507
1687735870,373318
1687735870,373396
1687735870,386318
1687735870,389546
1687735870,409782
1687735870,418093
1687735870,424075
1687735870,437683
1687735870,438280
1687735870,444382
1687735870,463596
1687735870,469576
1687735870,480446
1687735870,488672
1687735870,513440
1687735870,518692
1687735870,543122
1687735870,544316
1687735870,548194
1687735870,555747
1687735870,566798
1687735870,591918
1687735870,612359
1687735870,619011
1687735870,643317
1687735870,646638
1687735870,647370
1687735870,663816
1687735870,670565
1687735870,673191
1687735870,679610
1687735870,685989
1687735870,691197
1687735870,696880
1687735871,363360
1687735871,365373
1687735871,367091
1687735871,368001
1687735871,371174
1687735871,373709
1687735871,374433
1687735871,375505
1687735871,378084
1687735871,398869
1687735871,401836
1687735871,402950
1687735871,412915
1687735871,425220
1687735871,441977
1687735871,444597
1687735871,454179
1687735871,466749
1687735871,498322
1687735871,501789
1687735871,510708
1687735871,518743
1687735871,527122
1687735871,532007
1687735871,538661
1687735871,554630
1687735871,572980
1687735871,598109
1687735871,604010
1687735871,604949
1687735871,612003
1687735871,624671
1687735871,627229
1687735871,643807
1687735871,645077
1687735871,653928
1687735871,664192
1687735871,665085
1687735871,670444
1687735871,678685
1687735871,680662
1687735871,681786
1687735871,686513
1687735871,686655
1687735871,692810
1687735872,346552
1687735872,362883
1687735872,364459
1687735872,364501
1687735872,367548
1687735872,372894
1687735872,377409
1687735872,382878
1687735872,383592
1687735872,389803
1687735872,390269
1687735872,400604
1687735872,410915
1687735872,418280
1687735872,428649
1687735872,438592
1687735872,439906
1687735872,462470
1687735872,463635
1687735872,470180
1687735872,471956
1687735872,487497
1687735872,501531
1687735872,505332
1687735872,507611
1687735872,509005
1687735872,528322
1687735872,532832
1687735872,540431
1687735872,541690
1687735872,548281
1687735872,557728
1687735872,565833
1687735872,568993
1687735872,569160
1687735872,571254
1687735872,575849
1687735872,583398
1687735872,590916
1687735872,610430
1687735872,625470
1687735872,635215
1687735872,642816
1687735872,649437
1687735872,662638
1687735872,664267
1687735872,666014
1687735872,666204
1687735872,676503
1687735872,677437
1687735872,685415
1687735872,688847
1687735872,693135
1687735873,363383
1687735873,367874
1687735873,369480
1687735873,370486
1687735873,372213
1687735873,372784
1687735873,382020
1687735873,382474
1687735873,383654
1687735873,392001
1687735873,400558
1687735873,405334
1687735873,422826
1687735873,434539
1687735873,442131
1687735873,457678
1687735873,463786
1687735873,471062
1687735873,478196
1687735873,484366
1687735873,500468
1687735873,520028
1687735873,526244
1687735873,548419
1687735873,562303
1687735873,579022
1687735873,589380
1687735873,603035
1687735873,604870
1687735873,627484
1687735873,633371
1687735873,635355
1687735873,638295
1687735873,649928
1687735873,652673
1687735873,659070
1687735873,675099
1687735873,675807
1687735873,676001
1687735873,681549
1687735873,685551
1687735873,688508
1687735873,694959
1687735873,696925
1687735874,355321
1687735874,356820
1687735874,363302
1687735874,365605
1687735874,369302
1687735874,375999
1687735874,377657
1687735874,386636
1687735874,399585
1687735874,401371
1687735874,404462
1687735874,404681
1687735874,415828
1687735874,428151
1687735874,437428
1687735874,454043
1687735874,455642
1687735874,462126
1687735874,462818
1687735874,479685
1687735874,480412
1687735874,484888
1687735874,498390
1687735874,499761
1687735874,500662
1687735874,517900
1687735874,527505
1687735874,545256
1687735874,564793
1687735874,568038
1687735874,584180
1687735874,585754
1687735874,595831
1687735874,596403
1687735874,601105
1687735874,608284
1687735874,612957
1687735874,613259
1687735874,633769
1687735874,634254
1687735874,647549
1687735874,649756
1687735874,659327
1687735874,668946
1687735874,669464
1687735874,670541
1687735874,674723
1687735874,678979
1687735874,681400
1687735874,681474
1687735874,687022
1687735874,690853
1687735874,693828
1687735875,362924
1687735875,366737
1687735875,368584
1687735875,369626
1687735875,370591
1687735875,372313
1687735875,372549
1687735875,372604
1687735875,377018
1687735875,389073
1687735875,394574
1687735875,396182
1687735875,398749
1687735875,400092
1687735875,402341
1687735875,414476
1687735875,414868
1687735875,417724
1687735875,426734
1687735875,437351
1687735875,438594
1687735875,451868
1687735875,454067
1687735875,481294
1687735875,482061
1687735875,495046
1687735875,505124
1687735875,507952
1687735875,510268
1687735875,522545
1687735875,525708
1687735875,550105
1687735875,554038
1687735875,556920
1687735875,562702
1687735875,588809
1687735875,589111
1687735875,593012
1687735875,605855
1687735875,607314
1687735875,613373
1687735875,621067
1687735875,626656
1687735875,627853
1687735875,641670
1687735875,658275
1687735875,675611
1687735875,678059
1687735875,681668
1687735875,682832
1687735875,685216
1687735875,688672
1687735875,689515
1687735876,354652
1687735876,358265
1687735876,360980
1687735876,362000
1687735876,365834
1687735876,370234
1687735876,371970
1687735876,376168
1687735876,381569
1687735876,388824
1687735876,392178
1687735876,413005
1687735876,417611
1687735876,419044
1687735876,419412
1687735876,430784
1687735876,454413
1687735876,464324
1687735876,473540
1687735876,480165
1687735876,495065
1687735876,520264
1687735876,522458
1687735876,523891
1687735876,524148
1687735876,541166
1687735876,550965
1687735876,550987
1687735876,580774
1687735876,587378
1687735876,595040
1687735876,614720
1687735876,619344
1687735876,620271
1687735876,631202
1687735876,633603
1687735876,642959
1687735876,654947
1687735876,656766
1687735876,663224
1687735876,663920
1687735876,664267
1687735876,672001
1687735876,678548
1687735876,679389
1687735876,686630
1687735876,687629
1687735876,693364
1687735877,362710
1687735877,363289
1687735877,365860
1687735877,368130
1687735877,373854
1687735877,374998
1687735877,375835
1687735877,380581
1687735877,381043
1687735877,391769
1687735877,394420
1687735877,397676
1687735877,411961
1687735877,413266
1687735877,423546
1687735877,428768
1687735877,457302
1687735877,467676
1687735877,469454
1687735877,476475
1687735877,496632
1687735877,507736
1687735877,529602
1687735877,532035
1687735877,532207
1687735877,535676
1687735877,547166
1687735877,560277
1687735877,562082
1687735877,568300
1687735877,578576
1687735877,599147
1687735877,602093
1687735877,620651
1687735877,624285
1687735877,637126
1687735877,643438
1687735877,646695
1687735877,647757
1687735877,648116
1687735877,649153
1687735877,663316
1687735877,670222
1687735877,673412
1687735877,674497
1687735877,684450
1687735877,691144
1687735877,692290
1687735877,694498
1687735878,350434
1687735878,359604
1687735878,367865
1687735878,368767
1687735878,371006
1687735878,372088
1687735878,372543
1687735878,375733
1687735878,377586
1687735878,387364
1687735878,407696
1687735878,409704
1687735878,428943
1687735878,435791
1687735878,439181
1687735878,440719
1687735878,455670
1687735878,472108
1687735878,474831
1687735878,494781
1687735878,501000
1687735878,507791
1687735878,509560
1687735878,516252
1687735878,532572
1687735878,533560
1687735878,537460
1687735878,541445
1687735878,548900
1687735878,557427
1687735878,571889
1687735878,572352
1687735878,575234
1687735878,576402
1687735878,607078
1687735878,610226
1687735878,615245
1687735878,627573
1687735878,638931
1687735878,640629
1687735878,641830
1687735878,651698
1687735878,667781
1687735878,674822
1687735878,678755
1687735878,679618
1687735878,681655
1687735878,682416
1687735878,682646
1687735878,684415
1687735878,688968
1687735878,691247
1687735878,693212
1687735878,694796
1687735879,361840
1687735879,363495
1687735879,366936
1687735879,371308
1687735879,372134
1687735879,372443
1687735879,375065
1687735879,377631
1687735879,383229
1687735879,391445
1687735879,393541
1687735879,394832
1687735879,398195
1687735879,403788
1687735879,437269
1687735879,445946
1687735879,446881
1687735879,453445
1687735879,455123
1687735879,468816
1687735879,471212
1687735879,472471
1687735879,483246
1687735879,492623
1687735879,497030
1687735879,510978
1687735879,545224
1687735879,556582
1687735879,570733
1687735879,577527
1687735879,597858
1687735879,600391
1687735879,607000
1687735879,629355
1687735879,630719
1687735879,631800
1687735879,632993
1687735879,646470
1687735879,655015
1687735879,655320
1687735879,655775
1687735879,663888
1687735879,665450
1687735879,666121
1687735879,670888
1687735879,683721
1687735879,684792
1687735879,688033
1687735879,689670
1687735879,695114
1687735880,361054
1687735880,361426
1687735880,363518
1687735880,365263
1687735880,365361
1687735880,367975
1687735880,368322
1687735880,375858
1687735880,380837
1687735880,383349
1687735880,384696
1687735880,388512
1687735880,388894
1687735880,402482
1687735880,403558
1687735880,405325
1687735880,423330
1687735880,423704
1687735880,424045
1687735880,431796
1687735880,444113
1687735880,448326
1687735880,464358
1687735880,469849
1687735880,470280
1687735880,484616
1687735880,491719
1687735880,495941
1687735880,499329
1687735880,507014
1687735880,527697
1687735880,530021
1687735880,532169
1687735880,534790
1687735880,551828
1687735880,565571
1687735880,574314
1687735880,578951
1687735880,594464
1687735880,597761
1687735880,599655
1687735880,611700
1687735880,618455
1687735880,624616
1687735880,628113
1687735880,630210
1687735880,630322
1687735880,632209
1687735880,636735
1687735880,654931
1687735880,660086
1687735880,660683
1687735880,670899
1687735880,674162
1687735880,677213
1687735880,679272
1687735880,683073
1687735880,683639
1687735880,684496
1687735880,688773
1687735881,350334
1687735881,358901
1687735881,362438
1687735881,364855
1687735881,365688
1687735881,367593
1687735881,367818
1687735881,371660
1687735881,373898
1687735881,378484
1687735881,379674
1687735881,381158
1687735881,382128
1687735881,385061
1687735881,385120
1687735881,386800
1687735881,413977
1687735881,419813
1687735881,420901
1687735881,423555
1687735881,446321
1687735881,461107
1687735881,474821
1687735881,476632
1687735881,478092
1687735881,485780
1687735881,495357
1687735881,513773
1687735881,520688
1687735881,525286
1687735881,526314
1687735881,551149
1687735881,559605
1687735881,576436
1687735881,580608
1687735881,580753
1687735881,586451
1687735881,591161
1687735881,608870
1687735881,610386
1687735881,613526
1687735881,614374
1687735881,621657
1687735881,623691
1687735881,644765
1687735881,649253
1687735881,654435
1687735881,658249
1687735881,659598
1687735881,672447
1687735881,673075
1687735881,675635
1687735881,676357
1687735881,679518
1687735881,682705
1687735881,683549
1687735881,684503
1687735881,694442
1687735881,697320
1687735882,362474
1687735882,363068
1687735882,364502
1687735882,369805
1687735882,370796
1687735882,372384
1687735882,376893
1687735882,392184
1687735882,394141
1687735882,399026
1687735882,408322
1687735882,419502
1687735882,420174
1687735882,421759
1687735882,443933
1687735882,446535
1687735882,447121
1687735882,449371
1687735882,460925
1687735882,466368
1687735882,483656
1687735882,490603
1687735882,492318
1687735882,506498
1687735882,519992
1687735882,521996
1687735882,549192
1687735882,550994
1687735882,551426
1687735882,555266
1687735882,571498
1687735882,587741
1687735882,591289
1687735882,595934
1687735882,605347
1687735882,609304
1687735882,618701
1687735882,639673
1687735882,648860
1687735882,651997
1687735882,654204
1687735882,670375
1687735882,672618
1687735882,674265
1687735882,680319
1687735882,687814
1687735882,687825
1687735882,692074
1687735882,692120
1687735883,354633
1687735883,361801
1687735883,363409
1687735883,363743
1687735883,367182
1687735883,368768
1687735883,371213
1687735883,371707
1687735883,376128
1687735883,377260
1687735883,397220
1687735883,399901
1687735883,400656
1687735883,407633
1687735883,417899
1687735883,420792
1687735883,421141
1687735883,440686
1687735883,445005
1687735883,450003
1687735883,488133
1687735883,494732
1687735883,503822
1687735883,504279
1687735883,514679
1687735883,521947
1687735883,524074
1687735883,525089
1687735883,546292
1687735883,550251
1687735883,563704
1687735883,569483
1687735883,584898
1687735883,594788
1687735883,597036
1687735883,604304
1687735883,605071
1687735883,616355
1687735883,620015
1687735883,623453
1687735883,627122
1687735883,642917
1687735883,645080
1687735883,646880
1687735883,650550
1687735883,656036
1687735883,658648
1687735883,662336
1687735883,663655
1687735883,669836
1687735883,675101
1687735883,681437
1687735883,682354
1687735883,685334
1687735883,687608
1687735883,688511
1687735883,690518
1687735884,351017
1687735884,357261
1687735884,359830
1687735884,363615
1687735884,364661
1687735884,365300
1687735884,370180
1687735884,378694
1687735884,379224
1687735884,385004
1687735884,385726
1687735884,388834
1687735884,411228
1687735884,413857
1687735884,414742
1687735884,436796
1687735884,438408
1687735884,440323
1687735884,440864
1687735884,458321
1687735884,467770
1687735884,476715
1687735884,516181
1687735884,538710
1687735884,541890
1687735884,545149
1687735884,546606
1687735884,564877
1687735884,572843
1687735884,574597
1687735884,583403
1687735884,619598
1687735884,636802
1687735884,644207
1687735884,644284
1687735884,659751
1687735884,669167
1687735884,672616
1687735884,684631
1687735884,696025
1687735885,345544
1687735885,357136
1687735885,361699
1687735885,364919
1687735885,372752
1687735885,375197
1687735885,381438
1687735885,382436
1687735885,383356
1687735885,384487
1687735885,387823
1687735885,389489
1687735885,410629
1687735885,416818
1687735885,426569
1687735885,426671
1687735885,434321
1687735885,437643
1687735885,441079
1687735885,461828
1687735885,463510
1687735885,466588
1687735885,471688
1687735885,476563
1687735885,499716
1687735885,501407
1687735885,527565
1687735885,527843
1687735885,528371
1687735885,542703
1687735885,544658
1687735885,565301
1687735885,568699
1687735885,570618
1687735885,606098
1687735885,606691
1687735885,625890
1687735885,627438
1687735885,628727
1687735885,633306
1687735885,642741
1687735885,655045
1687735885,661030
1687735885,666433
1687735885,673614
1687735885,673994
1687735885,674608
1687735885,678683
1687735885,680014
1687735885,682308
1687735885,684374
1687735885,686319
1687735885,687916
1687735886,363546
1687735886,365302
1687735886,365826
1687735886,366233
1687735886,371685
1687735886,375653
1687735886,375863
1687735886,376074
1687735886,399294
1687735886,399894
1687735886,406854
1687735886,431260
1687735886,431358
1687735886,431390
1687735886,438771
1687735886,462735
1687735886,477245
1687735886,491868
1687735886,493589
1687735886,498621
1687735886,502286
1687735886,520820
1687735886,521186
1687735886,538019
1687735886,540058
1687735886,541324
1687735886,544768
1687735886,563784
1687735886,567236
1687735886,596098
1687735886,599528
1687735886,599748
1687735886,603621
1687735886,607112
1687735886,612094
1687735886,618877
1687735886,629704
1687735886,639810
1687735886,643618
1687735886,644756
1687735886,647622
1687735886,655607
1687735886,665585
1687735886,671325
1687735886,675511
1687735886,675582
1687735886,675685
1687735886,679310
1687735886,683765
1687735886,687459
1687735886,697722
1687735887,345001
1687735887,358878
1687735887,359152
1687735887,365088
1687735887,370461
1687735887,373970
1687735887,376056
1687735887,381500
1687735887,382124
1687735887,387575
1687735887,387820
1687735887,389509
1687735887,394568
1687735887,396254
1687735887,402291
1687735887,408587
1687735887,415659
1687735887,438366
1687735887,447816
1687735887,451107
1687735887,462322
1687735887,475041
1687735887,495676
1687735887,496957
1687735887,503480
1687735887,518835
1687735887,552739
1687735887,553840
1687735887,564424
1687735887,565068
1687735887,580732
1687735887,583139
1687735887,591360
1687735887,594416
1687735887,602985
1687735887,617802
1687735887,640156
1687735887,642058
1687735887,652880
1687735887,658768
1687735887,658907
1687735887,661128
1687735887,664317
1687735887,670712
1687735887,674491
1687735887,677371
1687735887,677734
1687735887,678832
1687735887,683322
1687735887,684080
1687735887,686663
1687735888,362716
1687735888,364671
1687735888,365115
1687735888,366796
1687735888,369234
1687735888,376149
1687735888,377921
1687735888,379147
1687735888,386514
1687735888,390425
1687735888,392548
1687735888,398783
1687735888,400304
1687735888,409844
1687735888,436734
1687735888,454109
1687735888,459714
1687735888,459841
1687735888,488877
1687735888,489052
1687735888,491747
1687735888,513484
1687735888,515749
1687735888,516969
1687735888,524957
1687735888,539530
1687735888,564313
1687735888,593842
1687735888,597726
1687735888,613012
1687735888,617573
1687735888,622816
1687735888,626527
1687735888,633681
1687735888,647560
1687735888,658933
1687735888,667547
1687735888,679439
1687735888,680145
1687735888,683588
1687735888,685275
1687735888,690221
1687735888,693129
1687735889,354690
1687735889,362553
1687735889,365673
1687735889,370271
1687735889,379659
1687735889,381619
1687735889,385113
1687735889,391881
1687735889,392853
1687735889,417080
1687735889,419557
1687735889,420590
1687735889,426978
1687735889,449981
1687735889,451626
1687735889,471713
1687735889,473853
1687735889,480000
1687735889,487361
1687735889,493462
1687735889,511039
1687735889,511738
1687735889,517873
1687735889,522089
1687735889,529325
1687735889,552594
1687735889,555716
1687735889,557113
1687735889,575850
1687735889,577752
1687735889,581405
1687735889,587867
1687735889,591226
1687735889,598239
1687735889,615975
1687735889,620098
1687735889,624272
1687735889,644245
1687735889,644736
1687735889,646830
1687735889,648214
1687735889,661311
1687735889,662431
1687735889,667748
1687735889,669559
1687735889,674463
1687735889,679094
1687735889,679771
1687735889,681004
1687735889,683980
1687735889,687361
1687735890,349053
1687735890,358846
1687735890,361914
1687735890,363723
1687735890,370995
1687735890,373159
1687735890,373885
1687735890,374297
1687735890,374555
1687735890,390879
1687735890,411478
1687735890,416500
1687735890,425995
1687735890,436072
1687735890,436328
1687735890,442333
1687735890,465732
1687735890,478371
1687735890,481460
1687735890,490660
1687735890,515314
1687735890,516537
1687735890,541051
1687735890,542258
1687735890,546313
1687735890,557962
1687735890,569092
1687735890,580237
1687735890,587319
1687735890,588401
1687735890,593784
1687735890,613967
1687735890,617081
1687735890,641465
1687735890,645563
1687735890,664256
1687735890,665280
1687735890,665611
1687735890,671360
1687735890,672361
1687735890,672643
1687735890,680453
1687735890,686012
1687735890,690444
1687735890,697127
1687735891,362716
1687735891,364867
1687735891,367899
1687735891,368035
1687735891,372865
1687735891,373727
1687735891,378801
1687735891,388902
1687735891,400915
1687735891,401603
1687735891,403859
1687735891,411149
1687735891,427244
1687735891,440125
1687735891,446832
1687735891,456279
1687735891,468898
1687735891,485661
1687735891,496289
1687735891,503813
1687735891,536891
1687735891,556648
1687735891,574989
1687735891,588096
1687735891,602825
1687735891,605808
1687735891,609922
1687735891,641868
1687735891,646304
1687735891,655275
1687735891,662854
1687735891,671606
1687735891,678623
1687735891,680243
1687735891,680876
1687735891,682442
1687735891,686812
1687735891,687129
1687735891,693690
1687735892,345920
1687735892,364049
1687735892,364795
1687735892,365058
1687735892,367229
1687735892,378358
1687735892,381953
1687735892,382390
1687735892,391147
1687735892,402128
1687735892,409232
1687735892,420099
1687735892,430630
1687735892,436815
1687735892,442145
1687735892,461712
1687735892,462315
1687735892,464730
1687735892,467784
1687735892,469580
1687735892,489579
1687735892,503520
1687735892,505449
1687735892,530331
1687735892,538497
1687735892,543688
1687735892,550431
1687735892,563550
1687735892,567205
1687735892,569480
1687735892,570968
1687735892,573846
1687735892,581416
1687735892,592729
1687735892,608324
1687735892,623539
1687735892,629209
1687735892,633271
1687735892,636458
1687735892,640811
1687735892,650616
1687735892,653641
1687735892,661246
1687735892,664557
1687735892,664774
1687735892,665153
1687735892,665378
1687735892,676070
1687735892,677092
1687735892,685878
1687735892,688456
1687735892,692927
1687735893,363551
1687735893,367866
1687735893,369368
1687735893,370001
1687735893,372338
1687735893,373325
1687735893,373441
1687735893,381540
1687735893,383343
1687735893,384905
1687735893,387431
1687735893,390616
1687735893,398858
1687735893,406934
1687735893,432731
1687735893,444233
1687735893,461916
1687735893,468703
1687735893,480177
1687735893,482591
1687735893,498329
1687735893,507503
1687735893,519686
1687735893,522190
1687735893,524188
1687735893,530634
1687735893,550735
1687735893,560173
1687735893,581058
1687735893,587171
1687735893,601055
1687735893,606520
1687735893,634633
1687735893,653804
1687735893,657611
1687735893,674418
1687735893,675438
1687735893,677024
1687735893,681983
1687735893,685474
1687735893,688401
1687735893,695544
1687735894,355166
1687735894,355882
1687735894,363559
1687735894,366247
1687735894,370527
1687735894,376848
1687735894,387656
1687735894,400222
1687735894,401486
1687735894,403035
1687735894,406634
1687735894,426202
1687735894,439518
1687735894,456190
1687735894,459949
1687735894,464909
1687735894,481696
1687735894,482554
1687735894,482691
1687735894,496228
1687735894,498275
1687735894,501903
1687735894,525555
1687735894,547461
1687735894,549230
1687735894,557258
1687735894,562818
1687735894,570272
1687735894,586221
1687735894,587677
1687735894,593914
1687735894,594555
1687735894,602628
1687735894,609964
1687735894,614574
1687735894,614762
1687735894,625701
1687735894,632291
1687735894,635321
1687735894,645693
1687735894,651111
1687735894,660502
1687735894,668281
1687735894,670427
1687735894,671435
1687735894,674986
1687735894,675504
1687735894,678032
1687735894,682595
1687735894,687288
1687735894,690904
1687735894,693585
1687735895,362895
1687735895,366897
1687735895,368985
1687735895,369759
1687735895,369857
1687735895,372388
1687735895,372853
1687735895,373016
1687735895,376018
1687735895,376912
1687735895,390085
1687735895,393135
1687735895,397348
1687735895,398938
1687735895,400996
1687735895,403782
1687735895,412784
1687735895,416784
1687735895,417319
1687735895,419807
1687735895,421216
1687735895,424758
1687735895,436643
1687735895,439584
1687735895,450041
1687735895,453724
1687735895,456169
1687735895,479873
1687735895,483305
1687735895,497109
1687735895,505921
1687735895,507141
1687735895,508013
1687735895,513993
1687735895,523603
1687735895,524671
1687735895,548113
1687735895,554868
1687735895,556169
1687735895,564807
1687735895,590847
1687735895,594876
1687735895,605156
1687735895,607708
1687735895,611285
1687735895,616211
1687735895,621460
1687735895,622798
1687735895,624581
1687735895,642790
1687735895,674206
1687735895,677875
1687735895,681587
1687735895,682121
1687735895,684836
1687735895,688745
1687735895,689770
1687735896,355403
1687735896,357612
1687735896,360623
1687735896,365663
1687735896,368224
1687735896,370953
1687735896,376822
1687735896,380129
1687735896,383048
1687735896,391027
1687735896,397883
1687735896,400984
1687735896,411227
1687735896,416050
1687735896,417539
1687735896,417717
1687735896,432693
1687735896,456520
1687735896,475736
1687735896,482304
1687735896,497148
1687735896,521894
1687735896,522114
1687735896,522422
1687735896,543374
1687735896,548781
1687735896,570110
1687735896,582695
1687735896,585335
1687735896,587029
1687735896,596495
1687735896,617213
1687735896,618589
1687735896,629053
1687735896,634819
1687735896,653276
1687735896,657642
1687735896,664747
1687735896,664798
1687735896,665024
1687735896,671129
1687735896,678057
1687735896,680271
1687735896,682317
1687735896,685917
1687735896,688400
1687735896,693741
1687735896,694409
1687735897,362390
1687735897,363528
1687735897,365661
1687735897,368304
1687735897,373678
1687735897,374262
1687735897,379074
1687735897,381438
1687735897,390399
1687735897,395916
1687735897,399063
1687735897,411806
1687735897,413700
1687735897,421985
1687735897,432352
1687735897,443233
1687735897,450531
1687735897,459556
1687735897,471390
1687735897,474189
1687735897,480969
1687735897,498686
1687735897,505668
1687735897,527677
1687735897,530166
1687735897,534104
1687735897,538016
1687735897,545165
1687735897,559386
1687735897,562503
1687735897,564197
1687735897,570347
1687735897,576525
1687735897,603789
1687735897,608171
1687735897,625874
1687735897,635125
1687735897,644637
1687735897,646171
1687735897,647411
1687735897,647918
1687735897,649129
1687735897,654782
1687735897,664284
1687735897,668942
1687735897,669324
1687735897,674998
1687735897,675323
1687735897,682608
1687735897,684382
1687735897,686346
1687735897,690995
1687735897,692055
1687735898,359036
1687735898,367986
1687735898,368645
1687735898,370259
1687735898,371308
1687735898,371888
1687735898,371926
1687735898,374986
1687735898,376650
1687735898,377159
1687735898,386203
1687735898,408356
1687735898,409430
1687735898,431008
1687735898,434148
1687735898,437064
1687735898,438772
1687735898,457808
1687735898,472868
1687735898,474181
1687735898,496968
1687735898,505792
1687735898,508523
1687735898,511486
1687735898,518177
1687735898,529423
1687735898,534080
1687735898,535549
1687735898,539475
1687735898,547079
1687735898,559558
1687735898,569908
1687735898,574168
1687735898,577091
1687735898,608261
1687735898,616820
1687735898,625994
1687735898,629007
1687735898,638923
1687735898,640088
1687735898,652870
1687735898,669043
1687735898,675730
1687735898,677714
1687735898,679209
1687735898,679250
1687735898,683408
1687735898,689793
1687735898,691517
1687735898,693683
1687735898,694671
1687735899,361672
1687735899,362082
1687735899,363491
1687735899,365759
1687735899,367770
1687735899,371524
1687735899,371929
1687735899,372162
1687735899,383915
1687735899,388393
1687735899,391753
1687735899,393252
1687735899,395140
1687735899,405657
1687735899,433373
1687735899,435636
1687735899,445126
1687735899,448066
1687735899,451482
1687735899,453166
1687735899,466471
1687735899,469048
1687735899,474559
1687735899,490450
1687735899,500273
1687735899,513003
1687735899,539694
1687735899,547150
1687735899,554594
1687735899,568609
1687735899,595837
1687735899,597417
1687735899,608728
1687735899,630659
1687735899,631063
1687735899,631990
1687735899,633274
1687735899,647905
1687735899,653394
1687735899,653456
1687735899,654437
1687735899,656878
1687735899,662606
1687735899,666134
1687735899,679625
1687735899,684950
1687735899,688410
1687735899,690377
1687735899,693984
1687735900,354285
1687735900,362012
1687735900,363811
1687735900,364470
1687735900,375486
1687735900,380175
1687735900,382236
1687735900,385782
1687735900,390368
1687735900,401343
1687735900,401977
1687735900,407044
1687735900,421264
1687735900,421562
1687735900,426009
1687735900,433892
1687735900,446360
1687735900,462339
1687735900,468294
1687735900,471973
1687735900,486711
1687735900,493847
1687735900,493881
1687735900,497215
1687735900,509117
1687735900,528024
1687735900,534466
1687735900,536873
1687735900,553877
1687735900,563500
1687735900,572138
1687735900,581025
1687735900,595755
1687735900,596201
1687735900,613056
1687735900,628153
1687735900,629856
1687735900,630361
1687735900,638265
1687735900,639712
1687735900,647823
1687735900,656269
1687735900,658856
1687735900,659168
1687735900,678250
1687735900,679697
1687735900,684051
1687735900,684260
1687735900,688376
1687735901,358925
1687735901,362344
1687735901,364478
1687735901,365194
1687735901,368269
1687735901,372143
1687735901,375247
1687735901,380171
1687735901,381429
1687735901,383814
1687735901,384291
1687735901,415402
1687735901,418009
1687735901,421948
1687735901,422839
1687735901,448357
1687735901,458994
1687735901,474750
1687735901,475947
1687735901,487927
1687735901,493178
1687735901,515841
1687735901,518631
1687735901,522888
1687735901,523413
1687735901,525697
1687735901,553421
1687735901,557524
1687735901,578538
1687735901,578695
1687735901,588320
1687735901,593021
1687735901,594071
1687735901,610498
1687735901,614841
1687735901,616038
1687735901,621644
1687735901,628804
1687735901,645929
1687735901,647880
1687735901,652513
1687735901,658888
1687735901,671933
1687735901,673154
1687735901,675585
1687735901,676754
1687735901,679960
1687735901,682607
1687735901,683462
1687735901,684437
1687735901,697208
1687735902,362480
1687735902,364495
1687735902,370699
1687735902,371773
1687735902,371976
1687735902,375949
1687735902,388878
1687735902,391025
1687735902,392437
1687735902,397730
1687735902,399325
1687735902,410274
1687735902,417862
1687735902,422003
1687735902,423271
1687735902,444701
1687735902,446119
1687735902,447122
1687735902,462984
1687735902,468515
1687735902,485680
1687735902,488543
1687735902,490081
1687735902,508640
1687735902,513087
1687735902,517918
1687735902,519887
1687735902,547290
1687735902,553155
1687735902,553169
1687735902,573553
1687735902,586899
1687735902,589432
1687735902,589610
1687735902,603346
1687735902,608714
1687735902,610963
1687735902,619639
1687735902,641033
1687735902,652438
1687735902,653338
1687735902,659661
1687735902,671378
1687735902,671887
1687735902,673343
1687735902,687872
1687735902,692054
1687735902,693874
1687735903,350538
1687735903,361448
1687735903,364000
1687735903,364656
1687735903,367465
1687735903,369829
1687735903,370356
1687735903,372413
1687735903,375185
1687735903,377702
1687735903,380098
1687735903,384101
1687735903,398832
1687735903,401165
1687735903,405553
1687735903,406064
1687735903,416150
1687735903,418983
1687735903,422620
1687735903,438680
1687735903,443034
1687735903,452065
1687735903,462042
1687735903,490135
1687735903,496819
1687735903,501723
1687735903,502348
1687735903,512688
1687735903,526113
1687735903,527187
1687735903,544511
1687735903,552180
1687735903,565757
1687735903,571557
1687735903,581304
1687735903,596597
1687735903,598737
1687735903,602359
1687735903,618018
1687735903,624970
1687735903,628647
1687735903,641104
1687735903,646470
1687735903,646486
1687735903,648027
1687735903,656880
1687735903,659946
1687735903,662620
1687735903,663556
1687735903,671161
1687735903,674220
1687735903,674762
1687735903,680154
1687735903,681000
1687735903,682501
1687735903,688256
1687735903,689134
1687735903,690969
1687735904,350688
1687735904,358395
1687735904,359859
1687735904,364066
1687735904,364403
1687735904,365015
1687735904,369351
1687735904,383939
1687735904,387160
1687735904,387820
1687735904,412053
1687735904,412095
1687735904,413479
1687735904,417735
1687735904,436307
1687735904,438952
1687735904,439217
1687735904,442623
1687735904,465752
1687735904,474338
1687735904,487623
1687735904,513953
1687735904,539912
1687735904,540644
1687735904,540881
1687735904,544547
1687735904,547331
1687735904,567000
1687735904,570614
1687735904,572510
1687735904,614540
1687735904,617645
1687735904,638112
1687735904,642489
1687735904,645514
1687735904,646259
1687735904,651955
1687735904,658493
1687735904,668321
1687735904,671259
1687735904,685179
1687735904,696278
1687735905,362207
1687735905,364386
1687735905,373543
1687735905,375102
1687735905,375465
1687735905,381513
1687735905,382280
1687735905,386782
1687735905,390485
1687735905,401366
1687735905,418484
1687735905,424947
1687735905,428573
1687735905,430962
1687735905,439167
1687735905,439569
1687735905,459842
1687735905,464269
1687735905,465589
1687735905,469492
1687735905,478468
1687735905,501721
1687735905,503452
1687735905,526377
1687735905,536359
1687735905,546940
1687735905,562895
1687735905,566668
1687735905,572739
1687735905,582536
1687735905,602908
1687735905,604680
1687735905,607796
1687735905,625284
1687735905,627708
1687735905,630130
1687735905,634797
1687735905,640871
1687735905,654880
1687735905,656092
1687735905,662072
1687735905,665206
1687735905,666432
1687735905,673055
1687735905,674556
1687735905,677731
1687735905,678450
1687735905,680388
1687735905,682317
1687735905,685116
1687735905,686119
1687735905,687633
1687735906,346154
1687735906,363433
1687735906,364695
1687735906,365668
1687735906,365696
1687735906,371238
1687735906,376135
1687735906,376961
1687735906,377019
1687735906,378354
1687735906,383200
1687735906,389795
1687735906,397969
1687735906,412574
1687735906,429539
1687735906,433337
1687735906,436845
1687735906,464750
1687735906,479336
1687735906,489782
1687735906,491525
1687735906,496585
1687735906,523103
1687735906,539124
1687735906,542266
1687735906,547013
1687735906,555098
1687735906,565287
1687735906,565989
1687735906,579691
1687735906,597344
1687735906,597760
1687735906,605302
1687735906,613583
1687735906,620615
1687735906,631096
1687735906,638178
1687735906,641804
1687735906,648779
1687735906,663947
1687735906,670293
1687735906,676192
1687735906,676678
1687735906,676774
1687735906,683999
1687735906,686564
1687735906,698486
1687735907,358666
1687735907,359032
1687735907,362634
1687735907,363917
1687735907,371114
1687735907,373011
1687735907,376061
1687735907,377389
1687735907,380508
1687735907,380852
1687735907,388622
1687735907,393181
1687735907,397841
1687735907,400960
1687735907,410110
1687735907,411837
1687735907,417655
1687735907,440320
1687735907,445630
1687735907,453287
1687735907,459930
1687735907,477118
1687735907,495003
1687735907,497751
1687735907,505309
1687735907,520932
1687735907,551843
1687735907,553699
1687735907,563122
1687735907,582863
1687735907,585118
1687735907,589015
1687735907,592445
1687735907,600757
1687735907,604820
1687735907,616507
1687735907,619141
1687735907,641696
1687735907,643278
1687735907,651080
1687735907,659828
1687735907,659982
1687735907,665572
1687735907,675330
1687735907,677526
1687735907,679947
1687735907,682792
1687735907,683507
1687735907,684127
1687735907,686147
1687735908,344662
1687735908,350604
1687735908,361925
1687735908,362545
1687735908,365505
1687735908,365729
1687735908,366544
1687735908,374807
1687735908,377868
1687735908,378874
1687735908,387825
1687735908,392112
1687735908,394091
1687735908,397285
1687735908,399078
1687735908,419346
1687735908,439036
1687735908,452074
1687735908,457665
1687735908,465391
1687735908,486568
1687735908,489513
1687735908,490931
1687735908,513601
1687735908,514966
1687735908,515661
1687735908,522706
1687735908,530909
1687735908,541637
1687735908,562189
1687735908,562190
1687735908,575469
1687735908,591805
1687735908,599412
1687735908,614402
1687735908,615540
1687735908,620747
1687735908,621822
1687735908,624938
1687735908,635060
1687735908,657463
1687735908,668441
1687735908,680206
1687735908,683025
1687735908,686429
1687735908,692627
1687735909,355306
1687735909,362476
1687735909,365013
1687735909,371096
1687735909,380371
1687735909,382808
1687735909,383923
1687735909,391692
1687735909,415286
1687735909,417725
1687735909,422233
1687735909,429050
1687735909,452024
1687735909,453829
1687735909,471567
1687735909,485259
1687735909,495584
1687735909,509678
1687735909,520087
1687735909,520093
1687735909,531423
1687735909,550585
1687735909,559245
1687735909,577928
1687735909,585735
1687735909,593052
1687735909,593940
1687735909,599868
1687735909,614100
1687735909,620223
1687735909,625942
1687735909,626109
1687735909,644934
1687735909,645422
1687735909,646141
1687735909,646495
1687735909,662399
1687735909,663555
1687735909,666462
1687735909,666583
1687735909,670804
1687735909,671497
1687735909,673522
1687735909,679485
1687735909,679869
1687735909,681057
1687735909,684611
1687735909,687648
1687735910,349729
1687735910,358111
1687735910,362019
1687735910,362199
1687735910,364049
1687735910,368139
1687735910,370149
1687735910,370226
1687735910,373085
1687735910,373845
1687735910,374350
1687735910,375764
1687735910,388293
1687735910,390676
1687735910,392250
1687735910,392940
1687735910,403012
1687735910,413187
1687735910,414938
1687735910,427940
1687735910,434427
1687735910,434522
1687735910,440285
1687735910,441475
1687735910,467860
1687735910,476357
1687735910,479345
1687735910,492642
1687735910,514366
1687735910,517184
1687735910,539027
1687735910,540204
1687735910,544450
1687735910,560109
1687735910,571417
1687735910,583559
1687735910,585127
1687735910,586269
1687735910,595642
1687735910,615166
1687735910,615573
1687735910,639604
1687735910,640148
1687735910,643746
1687735910,655939
1687735910,663375
1687735910,666698
1687735910,672164
1687735910,685996
1687735910,689660
1687735910,689841
1687735910,697316
1687735911,362136
1687735911,364364
1687735911,367756
1687735911,368033
1687735911,368742
1687735911,372057
1687735911,373022
1687735911,379566
1687735911,399725
1687735911,400251
1687735911,405895
1687735911,405908
1687735911,409385
1687735911,429269
1687735911,438284
1687735911,449081
1687735911,458406
1687735911,460578
1687735911,471016
1687735911,482070
1687735911,494256
1687735911,499107
1687735911,504277
1687735911,505844
1687735911,506371
1687735911,515882
1687735911,535154
1687735911,536150
1687735911,552530
1687735911,558670
1687735911,567698
1687735911,576939
1687735911,600674
1687735911,602455
1687735911,607564
1687735911,607877
1687735911,639946
1687735911,647509
1687735911,656629
1687735911,657647
1687735911,661468
1687735911,672773
1687735911,674767
1687735911,678579
1687735911,678837
1687735911,679798
1687735911,679917
1687735911,681589
1687735911,687065
1687735911,694531
1687735912,345415
1687735912,357533
1687735912,363669
1687735912,365124
1687735912,365220
1687735912,365650
1687735912,366948
1687735912,379313
1687735912,381248
1687735912,387538
1687735912,388896
1687735912,392556
1687735912,402101
1687735912,403747
1687735912,407586
1687735912,410136
1687735912,432612
1687735912,435093
1687735912,444355
1687735912,459794
1687735912,465419
1687735912,466963
1687735912,467236
1687735912,491676
1687735912,503299
1687735912,505524
1687735912,528447
1687735912,529767
1687735912,532337
1687735912,536550
1687735912,545696
1687735912,561271
1687735912,565197
1687735912,571881
1687735912,572918
1687735912,579435
1687735912,590084
1687735912,594508
1687735912,606211
1687735912,610640
1687735912,621643
1687735912,631173
1687735912,637696
1687735912,638806
1687735912,651802
1687735912,659823
1687735912,663339
1687735912,666035
1687735912,674652
1687735912,677668
1687735912,686324
1687735912,687570
1687735912,688036
1687735912,692691
1687735913,354968
1687735913,366936
1687735913,367877
1687735913,369291
1687735913,369523
1687735913,372480
1687735913,373745
1687735913,374087
1687735913,377197
1687735913,377843
1687735913,380661
1687735913,381062
1687735913,384712
1687735913,386172
1687735913,386312
1687735913,389263
1687735913,397236
1687735913,408550
1687735913,416035
1687735913,419712
1687735913,421926
1687735913,430915
1687735913,446317
1687735913,460014
1687735913,460306
1687735913,466333
1687735913,476680
1687735913,480816
1687735913,482158
1687735913,496183
1687735913,509635
1687735913,522059
1687735913,553036
1687735913,558107
1687735913,581710
1687735913,583105
1687735913,584928
1687735913,599051
1687735913,608127
1687735913,615873
1687735913,635923
1687735913,641096
1687735913,654932
1687735913,656115
1687735913,660785
1687735913,673689
1687735913,674859
1687735913,678184
1687735913,682380
1687735913,685375
1687735913,685925
1687735913,688229
1687735913,696108
1687735914,355094
1687735914,363798
1687735914,366644
1687735914,369678
1687735914,371763
1687735914,372738
1687735914,376022
1687735914,388745
1687735914,399052
1687735914,401628
1687735914,403368
1687735914,408600
1687735914,422824
1687735914,424322
1687735914,428202
1687735914,441660
1687735914,457765
1687735914,458326
1687735914,467026
1687735914,480513
1687735914,483706
1687735914,484716
1687735914,494066
1687735914,495843
1687735914,504000
1687735914,523635
1687735914,524371
1687735914,527297
1687735914,549649
1687735914,560880
1687735914,572506
1687735914,588218
1687735914,589583
1687735914,591927
1687735914,592682
1687735914,604125
1687735914,611613
1687735914,616537
1687735914,623609
1687735914,630279
1687735914,630878
1687735914,636880
1687735914,643797
1687735914,652406
1687735914,652761
1687735914,661679
1687735914,667588
1687735914,671304
1687735914,671350
1687735914,672278
1687735914,675769
1687735914,677082
1687735914,683697
1687735914,684408
1687735914,687481
1687735914,690891
1687735914,693304
1687735915,362871
1687735915,367056
1687735915,369128
1687735915,369409
1687735915,369889
1687735915,372210
1687735915,373403
1687735915,373461
1687735915,375069
1687735915,391113
1687735915,391762
1687735915,395998
1687735915,397841
1687735915,405227
1687735915,411048
1687735915,418719
1687735915,421881
1687735915,434757
1687735915,448254
1687735915,451580
1687735915,451829
1687735915,458276
1687735915,477687
1687735915,485318
1687735915,499125
1687735915,503883
1687735915,505741
1687735915,509112
1687735915,521517
1687735915,526800
1687735915,531748
1687735915,546113
1687735915,552813
1687735915,557266
1687735915,558295
1687735915,566940
1687735915,584656
1687735915,592808
1687735915,596647
1687735915,603004
1687735915,609231
1687735915,609587
1687735915,619676
1687735915,622493
1687735915,624498
1687735915,627336
1687735915,643885
1687735915,648970
1687735915,648995
1687735915,661050
1687735915,672811
1687735915,676256
1687735915,677705
1687735915,680292
1687735915,682508
1687735915,684832
1687735915,686823
1687735915,687926
1687735915,687942
1687735915,690808
1687735915,694261
1687735916,356234
1687735916,356986
1687735916,360265
1687735916,363316
1687735916,365538
1687735916,369946
1687735916,377541
1687735916,384601
1687735916,389879
1687735916,399585
1687735916,409538
1687735916,414473
1687735916,415733
1687735916,416091
1687735916,434585
1687735916,458651
1687735916,473842
1687735916,477920
1687735916,478741
1687735916,484444
1687735916,499206
1687735916,519868
1687735916,520050
1687735916,524560
1687735916,528637
1687735916,545608
1687735916,546588
1687735916,564707
1687735916,567894
1687735916,583335
1687735916,584597
1687735916,589120
1687735916,597949
1687735916,615094
1687735916,616878
1687735916,617732
1687735916,626890
1687735916,636051
1687735916,651525
1687735916,658526
1687735916,663364
1687735916,666135
1687735916,666384
1687735916,670177
1687735916,675333
1687735916,677512
1687735916,681095
1687735916,685199
1687735916,689114
1687735916,694098
1687735917,362083
1687735917,365530
1687735917,368487
1687735917,373501
1687735917,373594
1687735917,379460
1687735917,382306
1687735917,389057
1687735917,390806
1687735917,397482
1687735917,400564
1687735917,410360
1687735917,415478
1687735917,420443
1687735917,430377
1687735917,461780
1687735917,471922
1687735917,473318
1687735917,500767
1687735917,503601
1687735917,520001
1687735917,525763
1687735917,528265
1687735917,535993
1687735917,540367
1687735917,543105
1687735917,545294
1687735917,566307
1687735917,572371
1687735917,574495
1687735917,605423
1687735917,627465
1687735917,630349
1687735917,633094
1687735917,637166
1687735917,645644
1687735917,645856
1687735917,649156
1687735917,650516
1687735917,665155
1687735917,667613
1687735917,676120
1687735917,676614
1687735917,676644
1687735917,684276
1687735917,690787
1687735917,691713
1687735918,358513
1687735918,367219
1687735918,369461
1687735918,369519
1687735918,370578
1687735918,371259
1687735918,374384
1687735918,374876
1687735918,378607
1687735918,385069
1687735918,407029
1687735918,411181
1687735918,432496
1687735918,433081
1687735918,434970
1687735918,436840
1687735918,442885
1687735918,443404
1687735918,459960
1687735918,470841
1687735918,476203
1687735918,499122
1687735918,503749
1687735918,513377
1687735918,520155
1687735918,523805
1687735918,537515
1687735918,537556
1687735918,561669
1687735918,567980
1687735918,571960
1687735918,578928
1687735918,600776
1687735918,606349
1687735918,618369
1687735918,629143
1687735918,630460
1687735918,638305
1687735918,641327
1687735918,654017
1687735918,670302
1687735918,676645
1687735918,678890
1687735918,682430
1687735918,682718
1687735918,690574
1687735918,691763
1687735918,694473
1687735919,353968
1687735919,362268
1687735919,363495
1687735919,366312
1687735919,370649
1687735919,372197
1687735919,372578
1687735919,379087
1687735919,381138
1687735919,387308
1687735919,391721
1687735919,392074
1687735919,396762
1687735919,407582
1687735919,419653
1687735919,433982
1687735919,435395
1687735919,450185
1687735919,451231
1687735919,464155
1687735919,466923
1687735919,476634
1687735919,488266
1687735919,491817
1687735919,498225
1687735919,515047
1687735919,541906
1687735919,549101
1687735919,552598
1687735919,566452
1687735919,581839
1687735919,593798
1687735919,595186
1687735919,610469
1687735919,631924
1687735919,633256
1687735919,634774
1687735919,649331
1687735919,651476
1687735919,651858
1687735919,657967
1687735919,666795
1687735919,667213
1687735919,671661
1687735919,678878
1687735919,678931
1687735919,685103
1687735919,688793
1687735919,691004
1687735919,692810
1687735920,361938
1687735920,363046
1687735920,363633
1687735920,363748
1687735920,364139
1687735920,375127
1687735920,376365
1687735920,379517
1687735920,386843
1687735920,391894
1687735920,400418
1687735920,404252
1687735920,408810
1687735920,419848
1687735920,428018
1687735920,436008
1687735920,448602
1687735920,460339
1687735920,466336
1687735920,474090
1687735920,488812
1687735920,495088
1687735920,495952
1687735920,511189
1687735920,521456
1687735920,526075
1687735920,536747
1687735920,538933
1687735920,555898
1687735920,561468
1687735920,570009
1687735920,583062
1687735920,593729
1687735920,597910
1687735920,614385
1687735920,614558
1687735920,625991
1687735920,630884
1687735920,631585
1687735920,639750
1687735920,657602
1687735920,657636
1687735920,657662
1687735920,658143
1687735920,663064
1687735920,672678
1687735920,679245
1687735920,680098
1687735920,681659
1687735920,683630
1687735920,684863
1687735920,687897
1687735921,350845
1687735921,359002
1687735921,361437
1687735921,361624
1687735921,364157
1687735921,364765
1687735921,368966
1687735921,372628
1687735921,376666
1687735921,380681
1687735921,380758
1687735921,382564
1687735921,383496
1687735921,384933
1687735921,389911
1687735921,416192
1687735921,416849
1687735921,420371
1687735921,424817
1687735921,450394
1687735921,456865
1687735921,472877
1687735921,473793
1687735921,490053
1687735921,490993
1687735921,516568
1687735921,517897
1687735921,521560
1687735921,524947
1687735921,555451
1687735921,555701
1687735921,576480
1687735921,576609
1687735921,590181
1687735921,594882
1687735921,612122
1687735921,617668
1687735921,619643
1687735921,646488
1687735921,647026
1687735921,650576
1687735921,659517
1687735921,667489
1687735921,670744
1687735921,672398
1687735921,673863
1687735921,674778
1687735921,677875
1687735921,680406
1687735921,684149
1687735921,684326
1687735921,696976
1687735922,362514
1687735922,364531
1687735922,371649
1687735922,373216
1687735922,375025
1687735922,375063
1687735922,390219
1687735922,390783
1687735922,396459
1687735922,398036
1687735922,412250
1687735922,416263
1687735922,424867
1687735922,444899
1687735922,448264
1687735922,465028
1687735922,486423
1687735922,487693
1687735922,487882
1687735922,510761
1687735922,515123
1687735922,515790
1687735922,518003
1687735922,545411
1687735922,551011
1687735922,555373
1687735922,575577
1687735922,587549
1687735922,591410
1687735922,591896
1687735922,601338
1687735922,610326
1687735922,612548
1687735922,617643
1687735922,621750
1687735922,642382
1687735922,650626
1687735922,671105
1687735922,672408
1687735922,676064
1687735922,679164
1687735922,684296
1687735922,687905
1687735922,691992
1687735922,693248
1687735923,350836
1687735923,361155
1687735923,364611
1687735923,365636
1687735923,367785
1687735923,369486
1687735923,373059
1687735923,374276
1687735923,378235
1687735923,381024
1687735923,400541
1687735923,402446
1687735923,404558
1687735923,414394
1687735923,424529
1687735923,433164
1687735923,436692
1687735923,441122
1687735923,441821
1687735923,492126
1687735923,498906
1687735923,499634
1687735923,500356
1687735923,510705
1687735923,517792
1687735923,528196
1687735923,529330
1687735923,542673
1687735923,567770
1687735923,579174
1687735923,598352
1687735923,600424
1687735923,602327
1687735923,616000
1687735923,626464
1687735923,630120
1687735923,639239
1687735923,644679
1687735923,647731
1687735923,649119
1687735923,661240
1687735923,661549
1687735923,664757
1687735923,669837
1687735923,672485
1687735923,674414
1687735923,679875
1687735923,680529
1687735923,682648
1687735923,688846
1687735923,689687
1687735924,350438
1687735924,359564
1687735924,363786
1687735924,364155
1687735924,364559
1687735924,364722
1687735924,368544
1687735924,379191
1687735924,386827
1687735924,388620
1687735924,410270
1687735924,412204
1687735924,412982
1687735924,434267
1687735924,437578
1687735924,441095
1687735924,444960
1687735924,462821
1687735924,471947
1687735924,489584
1687735924,511677
1687735924,529244
1687735924,537924
1687735924,542485
1687735924,543045
1687735924,549532
1687735924,569093
1687735924,570417
1687735924,592030
1687735924,612735
1687735924,615717
1687735924,639392
1687735924,640662
1687735924,646832
1687735924,653336
1687735924,657217
1687735924,685687
1687735924,696488
1687735925,357983
1687735925,362734
1687735925,363941
1687735925,375048
1687735925,380601
1687735925,383162
1687735925,385753
1687735925,391448
1687735925,402885
1687735925,420166
1687735925,423261
1687735925,427849
1687735925,441538
1687735925,449224
1687735925,457845
1687735925,461985
1687735925,467288
1687735925,467650
1687735925,480341
1687735925,503731
1687735925,505492
1687735925,524350
1687735925,538601
1687735925,549244
1687735925,560517
1687735925,561527
1687735925,564658
1687735925,574862
1687735925,584815
1687735925,602625
1687735925,609496
1687735925,623148
1687735925,631538
1687735925,636305
1687735925,638982
1687735925,656102
1687735925,657131
1687735925,663087
1687735925,663900
1687735925,672100
1687735925,675482
1687735925,678553
1687735925,680724
1687735925,682306
1687735925,685893
1687735925,687303
1687735926,346817
1687735926,362720
1687735926,363372
1687735926,364161
1687735926,365133
1687735926,370839
1687735926,375745
1687735926,376583
1687735926,377985
1687735926,378066
1687735926,381939
1687735926,384640
1687735926,389825
1687735926,398506
1687735926,403209
1687735926,414563
1687735926,434918
1687735926,435355
1687735926,466766
1687735926,481410
1687735926,487707
1687735926,494547
1687735926,517814
1687735926,524982
1687735926,534642
1687735926,536879
1687735926,544502
1687735926,547536
1687735926,549263
1687735926,551654
1687735926,563401
1687735926,568205
1687735926,595770
1687735926,605984
1687735926,606977
1687735926,615035
1687735926,622319
1687735926,627548
1687735926,628493
1687735926,632511
1687735926,636513
1687735926,639927
1687735926,649927
1687735926,662291
1687735926,669260
1687735926,676924
1687735926,677965
1687735926,684182
1687735926,684565
1687735926,685604
1687735926,694066
1687735926,699205
1687735927,344448
1687735927,358956
1687735927,370108
1687735927,370135
1687735927,371778
1687735927,372124
1687735927,376070
1687735927,379565
1687735927,379574
1687735927,389474
1687735927,391869
1687735927,399445
1687735927,399630
1687735927,419656
1687735927,442290
1687735927,443497
1687735927,449538
1687735927,455471
1687735927,457538
1687735927,479213
1687735927,493036
1687735927,499847
1687735927,520392
1687735927,523024
1687735927,549815
1687735927,557462
1687735927,561212
1687735927,584954
1687735927,586640
1687735927,587082
1687735927,590459
1687735927,617896
1687735927,620506
1687735927,623335
1687735927,643197
1687735927,644505
1687735927,649221
1687735927,656361
1687735927,658460
1687735927,661170
1687735927,666794
1687735927,671876
1687735927,675915
1687735927,676168
1687735927,679747
1687735927,682231
1687735927,684166
1687735927,687229
1687735928,362425
1687735928,366341
1687735928,366384
1687735928,366419
1687735928,373531
1687735928,376622
1687735928,379883
1687735928,389163
1687735928,393829
1687735928,395707
1687735928,395823
1687735928,397867
1687735928,400201
1687735928,413863
1687735928,414141
1687735928,417484
1687735928,441339
1687735928,450074
1687735928,455596
1687735928,463146
1687735928,469253
1687735928,470654
1687735928,484132
1687735928,484253
1687735928,487253
1687735928,492776
1687735928,511501
1687735928,512952
1687735928,517878
1687735928,543759
1687735928,559952
1687735928,560041
1687735928,573193
1687735928,585725
1687735928,589761
1687735928,601107
1687735928,613550
1687735928,615760
1687735928,616119
1687735928,618715
1687735928,636422
1687735928,644244
1687735928,655949
1687735928,661315
1687735928,669318
1687735928,680926
1687735928,682451
1687735928,687588
1687735928,692135
1687735929,355939
1687735929,362380
1687735929,364337
1687735929,364442
1687735929,371930
1687735929,381056
1687735929,382766
1687735929,384001
1687735929,390602
1687735929,413503
1687735929,415963
1687735929,423850
1687735929,423922
1687735929,431109
1687735929,452747
1687735929,454107
1687735929,456013
1687735929,475950
1687735929,483152
1687735929,497707
1687735929,533492
1687735929,548600
1687735929,561362
1687735929,562219
1687735929,583621
1687735929,594815
1687735929,601499
1687735929,612215
1687735929,627572
1687735929,643012
1687735929,644655
1687735929,646647
1687735929,648264
1687735929,654620
1687735929,663423
1687735929,665370
1687735929,670607
1687735929,672041
1687735929,672571
1687735929,679817
1687735929,679934
1687735929,681024
1687735929,685184
1687735929,687934
1687735929,689432
1687735930,350442
1687735930,357355
1687735930,362182
1687735930,362388
1687735930,369451
1687735930,371911
1687735930,373581
1687735930,374558
1687735930,374792
1687735930,376973
1687735930,389483
1687735930,391618
1687735930,393664
1687735930,405147
1687735930,413401
1687735930,414373
1687735930,414928
1687735930,416837
1687735930,429942
1687735930,432561
1687735930,433016
1687735930,438261
1687735930,439737
1687735930,464245
1687735930,469964
1687735930,474375
1687735930,477228
1687735930,494610
1687735930,512178
1687735930,519043
1687735930,534063
1687735930,537015
1687735930,538152
1687735930,542582
1687735930,573736
1687735930,582951
1687735930,584128
1687735930,597432
1687735930,613217
1687735930,617189
1687735930,637714
1687735930,641884
1687735930,650137
1687735930,657086
1687735930,662436
1687735930,667698
1687735930,668076
1687735930,672969
1687735930,685904
1687735930,688823
1687735930,697441
1687735931,361661
1687735931,363870
1687735931,367749
1687735931,367973
1687735931,369599
1687735931,371262
1687735931,372349
1687735931,380375
1687735931,398897
1687735931,407249
1687735931,407668
1687735931,407973
1687735931,431296
1687735931,436453
1687735931,451300
1687735931,460531
1687735931,473120
1687735931,492223
1687735931,501147
1687735931,504226
1687735931,533449
1687735931,538264
1687735931,560690
1687735931,565931
1687735931,569922
1687735931,578887
1687735931,592032
1687735931,598514
1687735931,600392
1687735931,604159
1687735931,605854
1687735931,609279
1687735931,638005
1687735931,638940
1687735931,648720
1687735931,658001
1687735931,660007
1687735931,673920
1687735931,675826
1687735931,678477
1687735931,678545
1687735931,678909
1687735931,679333
1687735931,687273
1687735931,687963
1687735931,695340
1687735932,345033
1687735932,363376
1687735932,365488
1687735932,366225
1687735932,366388
1687735932,366702
1687735932,380163
1687735932,386178
1687735932,389963
1687735932,393987
1687735932,405942
1687735932,408497
1687735932,433381
1687735932,434626
1687735932,446548
1687735932,457844
1687735932,463027
1687735932,464948
1687735932,469174
1687735932,478681
1687735932,493786
1687735932,501125
1687735932,501883
1687735932,507568
1687735932,534374
1687735932,534614
1687735932,547691
1687735932,554637
1687735932,558987
1687735932,563196
1687735932,574870
1687735932,577457
1687735932,596266
1687735932,604087
1687735932,608570
1687735932,619766
1687735932,628685
1687735932,629064
1687735932,631870
1687735932,636779
1687735932,653004
1687735932,658387
1687735932,666898
1687735932,673190
1687735932,678260
1687735932,686761
1687735932,687608
1687735932,692417
1687735933,354067
1687735933,363961
1687735933,367893
1687735933,369072
1687735933,369222
1687735933,372633
1687735933,374693
1687735933,378803
1687735933,379818
1687735933,380209
1687735933,385180
1687735933,386109
1687735933,387494
1687735933,387992
1687735933,395685
1687735933,410187
1687735933,418151
1687735933,423780
1687735933,429104
1687735933,448386
1687735933,458107
1687735933,463976
1687735933,479019
1687735933,484101
1687735933,494007
1687735933,511760
1687735933,519929
1687735933,523235
1687735933,526275
1687735933,555316
1687735933,556072
1687735933,573615
1687735933,582670
1687735933,583666
1687735933,585169
1687735933,597060
1687735933,609690
1687735933,617178
1687735933,632516
1687735933,637224
1687735933,642455
1687735933,654582
1687735933,656049
1687735933,661486
1687735933,661956
1687735933,672935
1687735933,674283
1687735933,679290
1687735933,682753
1687735933,685252
1687735933,685633
1687735933,687981
1687735933,696646
1687735934,351240
1687735934,355095
1687735934,358521
1687735934,364033
1687735934,366049
1687735934,367648
1687735934,373016
1687735934,375167
1687735934,378148
1687735934,389900
1687735934,397851
1687735934,400240
1687735934,405256
1687735934,410565
1687735934,420905
1687735934,422505
1687735934,426555
1687735934,443808
1687735934,455575
1687735934,460440
1687735934,469121
1687735934,478325
1687735934,485696
1687735934,486873
1687735934,491886
1687735934,493390
1687735934,506077
1687735934,521727
1687735934,526589
1687735934,530954
1687735934,551819
1687735934,558937
1687735934,574717
1687735934,589861
1687735934,590178
1687735934,590796
1687735934,591435
1687735934,605579
1687735934,628185
1687735934,628872
1687735934,638423
1687735934,641897
1687735934,651024
1687735934,653642
1687735934,662834
1687735934,666867
1687735934,672241
1687735934,677004
1687735934,682862
1687735934,683966
1687735934,687614
1687735934,690823
1687735934,692941
1687735935,362844
1687735935,367201
1687735935,368413
1687735935,369880
1687735935,370012
1687735935,372028
1687735935,373797
1687735935,374141
1687735935,374160
1687735935,390427
1687735935,392170
1687735935,394656
1687735935,396766
1687735935,401288
1687735935,406677
1687735935,409305
1687735935,420656
1687735935,423974
1687735935,432946
1687735935,446455
1687735935,449964
1687735935,453547
1687735935,460349
1687735935,475514
1687735935,487316
1687735935,501125
1687735935,501832
1687735935,503431
1687735935,511031
1687735935,519411
1687735935,528913
1687735935,544127
1687735935,549971
1687735935,550763
1687735935,559443
1687735935,560415
1687735935,569052
1687735935,582410
1687735935,594701
1687735935,598406
1687735935,600844
1687735935,607169
1687735935,611465
1687735935,619218
1687735935,620423
1687735935,626139
1687735935,644962
1687735935,649483
1687735935,650611
1687735935,662436
1687735935,670595
1687735935,671374
1687735935,676529
1687735935,677558
1687735935,678928
1687735935,684775
1687735935,686000
1687735935,686937
1687735935,687061
1687735935,687906
1687735935,691792
1687735936,356406
1687735936,357170
1687735936,359878
1687735936,364046
1687735936,365458
1687735936,367333
1687735936,368932
1687735936,374783
1687735936,378314
1687735936,385804
1687735936,386238
1687735936,388711
1687735936,407917
1687735936,412874
1687735936,414684
1687735936,429171
1687735936,436486
1687735936,437253
1687735936,444053
1687735936,458327
1687735936,460807
1687735936,476528
1687735936,480099
1687735936,486570
1687735936,501270
1687735936,517832
1687735936,517935
1687735936,521905
1687735936,522301
1687735936,523858
1687735936,526676
1687735936,544426
1687735936,547826
1687735936,565690
1687735936,566894
1687735936,581356
1687735936,586472
1687735936,591163
1687735936,599397
1687735936,612978
1687735936,615125
1687735936,623546
1687735936,624755
1687735936,637305
1687735936,649227
1687735936,649713
1687735936,659409
1687735936,661983
1687735936,667249
1687735936,668000
1687735936,669161
1687735936,676963
1687735936,681841
1687735936,684509
1687735936,689771
1687735936,694035
1687735936,694408
1687735937,361824
1687735937,364029
1687735937,365462
1687735937,368084
1687735937,368681
1687735937,372983
1687735937,373318
1687735937,378251
1687735937,379859
1687735937,383152
1687735937,387719
1687735937,391835
1687735937,399099
1687735937,402147
1687735937,408905
1687735937,417292
1687735937,418935
1687735937,428447
1687735937,434941
1687735937,441098
1687735937,463976
1687735937,469690
1687735937,475221
1687735937,501537
1687735937,507628
1687735937,526366
1687735937,533919
1687735937,537906
1687735937,541012
1687735937,542733
1687735937,568399
1687735937,572487
1687735937,574401
1687735937,576886
1687735937,627924
1687735937,629019
1687735937,630983
1687735937,643796
1687735937,647091
1687735937,650344
1687735937,651933
1687735937,659410
1687735937,665953
1687735937,666222
1687735937,666865
1687735937,676888
1687735937,678252
1687735937,684139
1687735937,689120
1687735937,690518
1687735937,691283
1687735938,351129
1687735938,358070
1687735938,363859
1687735938,366418
1687735938,368813
1687735938,369808
1687735938,369908
1687735938,370297
1687735938,370660
1687735938,375279
1687735938,380033
1687735938,380285
1687735938,383900
1687735938,387238
1687735938,405731
1687735938,407811
1687735938,412952
1687735938,430829
1687735938,432889
1687735938,435153
1687735938,437481
1687735938,441699
1687735938,462129
1687735938,468776
1687735938,470280
1687735938,478217
1687735938,501291
1687735938,501683
1687735938,502837
1687735938,507842
1687735938,515262
1687735938,518098
1687735938,535566
1687735938,539573
1687735938,543541
1687735938,563680
1687735938,563776
1687735938,566067
1687735938,569760
1687735938,580745
1687735938,598672
1687735938,603858
1687735938,627231
1687735938,631876
1687735938,635389
1687735938,636462
1687735938,642478
1687735938,655142
1687735938,671527
1687735938,675547
1687735938,677516
1687735938,678493
1687735938,681454
1687735938,682769
1687735938,691322
1687735938,691954
1687735938,694233
1687735939,362268
1687735939,362436
1687735939,363536
1687735939,365595
1687735939,366945
1687735939,372264
1687735939,373272
1687735939,374779
1687735939,379861
1687735939,380082
1687735939,386274
1687735939,390254
1687735939,392433
1687735939,398389
1687735939,402958
1687735939,405430
1687735939,409542
1687735939,432330
1687735939,449305
1687735939,452261
1687735939,461883
1687735939,464821
1687735939,478709
1687735939,486117
1687735939,489756
1687735939,496173
1687735939,506407
1687735939,517110
1687735939,524135
1687735939,527547
1687735939,544065
1687735939,550586
1687735939,551066
1687735939,564325
1687735939,583958
1687735939,591751
1687735939,592906
1687735939,600667
1687735939,610448
1687735939,612150
1687735939,626590
1687735939,633129
1687735939,634536
1687735939,636234
1687735939,650193
1687735939,650736
1687735939,659059
1687735939,667474
1687735939,667949
1687735939,678059
1687735939,681423
1687735939,681507
1687735939,685243
1687735939,689131
1687735939,691516
1687735939,691622
1687735940,362864
1687735940,364120
1687735940,364506
1687735940,374656
1687735940,375358
1687735940,378866
1687735940,387867
1687735940,391185
1687735940,393477
1687735940,398862
1687735940,399067
1687735940,407094
1687735940,410604
1687735940,418187
1687735940,418289
1687735940,430052
1687735940,435367
1687735940,438120
1687735940,447573
1687735940,450829
1687735940,458333
1687735940,464377
1687735940,470992
1687735940,476228
1687735940,484651
1687735940,490928
1687735940,492967
1687735940,498052
1687735940,513326
1687735940,539056
1687735940,540959
1687735940,557863
1687735940,567895
1687735940,591665
1687735940,599569
1687735940,612649
1687735940,613215
1687735940,613735
1687735940,615725
1687735940,623891
1687735940,633283
1687735940,641222
1687735940,649574
1687735940,656151
1687735940,656428
1687735940,658933
1687735940,661884
1687735940,679886
1687735940,680248
1687735940,680465
1687735940,680707
1687735940,680893
1687735940,683250
1687735940,685456
1687735940,687348
1687735941,361010
1687735941,363931
1687735941,364390
1687735941,369667
1687735941,373079
1687735941,378146
1687735941,380123
1687735941,381187
1687735941,381344
1687735941,382750
1687735941,388860
1687735941,391368
1687735941,414336
1687735941,421604
1687735941,425750
1687735941,426822
1687735941,450368
1687735941,452463
1687735941,454736
1687735941,471655
1687735941,472754
1687735941,488809
1687735941,492194
1687735941,514452
1687735941,519719
1687735941,519959
1687735941,526987
1687735941,553364
1687735941,558004
1687735941,574492
1687735941,577596
1687735941,585077
1687735941,592009
1687735941,596703
1687735941,617648
1687735941,619264
1687735941,645086
1687735941,648060
1687735941,648649
1687735941,660116
1687735941,668478
1687735941,669484
1687735941,673105
1687735941,673964
1687735941,674553
1687735941,678978
1687735941,680875
1687735941,684165
1687735941,684773
1687735941,696642
1687735942,359107
1687735942,362586
1687735942,364610
1687735942,372617
1687735942,374103
1687735942,374154
1687735942,374491
1687735942,389203
1687735942,391621
1687735942,395202
1687735942,396769
1687735942,414232
1687735942,414694
1687735942,414738
1687735942,426579
1687735942,442702
1687735942,467080
1687735942,484293
1687735942,485725
1687735942,489743
1687735942,512843
1687735942,513601
1687735942,515969
1687735942,517151
1687735942,543553
1687735942,548858
1687735942,557607
1687735942,579987
1687735942,585669
1687735942,589828
1687735942,593144
1687735942,599308
1687735942,603811
1687735942,611935
1687735942,614056
1687735942,615656
1687735942,621544
1687735942,623266
1687735942,643728
1687735942,648744
1687735942,655869
1687735942,670309
1687735942,671445
1687735942,683728
1687735942,687898
1687735942,691881
1687735942,692558
1687735942,694401
1687735943,360924
1687735943,365214
1687735943,366654
1687735943,368162
1687735943,368600
1687735943,373393
1687735943,373694
1687735943,378828
1687735943,381983
1687735943,385391
1687735943,402316
1687735943,403057
1687735943,403750
1687735943,412661
1687735943,426489
1687735943,434739
1687735943,439222
1687735943,447586
1687735943,466466
1687735943,494134
1687735943,498311
1687735943,508745
1687735943,515708
1687735943,525205
1687735943,530335
1687735943,531549
1687735943,535892
1687735943,540786
1687735943,545824
1687735943,549586
1687735943,569736
1687735943,576994
1687735943,598412
1687735943,600079
1687735943,602072
1687735943,613980
1687735943,628976
1687735943,631531
1687735943,637355
1687735943,642863
1687735943,650165
1687735943,654661
1687735943,660000
1687735943,660445
1687735943,662515
1687735943,665952
1687735943,673796
1687735943,674093
1687735943,676811
1687735943,679570
1687735943,680006
1687735943,682826
1687735943,685593
1687735943,689404
1687735943,696629
1687735944,350272
1687735944,360742
1687735944,363897
1687735944,364402
1687735944,365127
1687735944,367716
1687735944,385834
1687735944,390097
1687735944,410923
1687735944,413922
1687735944,432294
1687735944,435920
1687735944,443207
1687735944,447333
1687735944,460928
1687735944,465037
1687735944,465093
1687735944,469550
1687735944,491510
1687735944,509372
1687735944,540400
1687735944,545219
1687735944,551735
1687735944,568376
1687735944,571149
1687735944,593911
1687735944,610894
1687735944,613794
1687735944,627952
1687735944,638808
1687735944,640663
1687735944,648152
1687735944,655916
1687735944,668370
1687735944,686147
1687735944,690174
1687735945,358483
1687735945,363304
1687735945,363570
1687735945,370087
1687735945,374896
1687735945,375040
1687735945,379707
1687735945,384067
1687735945,392418
1687735945,404474
1687735945,421610
1687735945,421885
1687735945,426207
1687735945,435361
1687735945,443555
1687735945,455875
1687735945,459716
1687735945,469721
1687735945,482179
1687735945,498572
1687735945,505730
1687735945,507525
1687735945,522143
1687735945,522302
1687735945,536571
1687735945,551536
1687735945,558108
1687735945,562671
1687735945,587057
1687735945,600512
1687735945,604474
1687735945,611204
1687735945,619947
1687735945,621048
1687735945,632903
1687735945,637069
1687735945,637816
1687735945,657335
1687735945,658148
1687735945,662502
1687735945,664117
1687735945,671132
1687735945,676395
1687735945,678157
1687735945,680989
1687735945,682269
1687735945,685635
1687735945,686926
1687735946,347524
1687735946,361511
1687735946,363352
1687735946,363690
1687735946,364652
1687735946,370474
1687735946,377022
1687735946,378965
1687735946,379164
1687735946,380720
1687735946,397334
1687735946,416596
1687735946,432959
1687735946,437407
1687735946,468771
1687735946,483458
1687735946,485596
1687735946,491024
1687735946,492460
1687735946,519747
1687735946,526843
1687735946,534636
1687735946,546746
1687735946,551498
1687735946,561503
1687735946,570408
1687735946,589982
1687735946,593766
1687735946,608636
1687735946,616508
1687735946,623954
1687735946,634810
1687735946,638007
1687735946,642308
1687735946,651105
1687735946,660623
1687735946,668239
1687735946,677661
1687735946,679108
1687735946,684340
1687735946,684594
1687735946,699881
1687735947,358446
1687735947,358952
1687735947,370589
1687735947,371300
1687735947,372427
1687735947,376085
1687735947,378322
1687735947,378679
1687735947,390362
1687735947,390615
1687735947,398310
1687735947,401057
1687735947,404283
1687735947,415928
1687735947,421657
1687735947,441423
1687735947,444274
1687735947,454947
1687735947,455181
1687735947,457643
1687735947,481303
1687735947,481931
1687735947,497578
1687735947,501946
1687735947,518034
1687735947,525098
1687735947,547792
1687735947,559308
1687735947,559812
1687735947,584215
1687735947,587017
1687735947,588438
1687735947,589057
1687735947,618295
1687735947,621851
1687735947,644660
1687735947,645706
1687735947,647311
1687735947,655011
1687735947,657001
1687735947,662320
1687735947,668004
1687735947,672449
1687735947,674795
1687735947,675082
1687735947,676098
1687735947,679547
1687735947,681663
1687735947,684202
1687735947,687538
1687735948,344327
1687735948,366196
1687735948,367166
1687735948,367280
1687735948,372277
1687735948,374732
1687735948,380932
1687735948,394405
1687735948,395542
1687735948,396659
1687735948,397370
1687735948,415642
1687735948,418848
1687735948,443663
1687735948,448094
1687735948,453527
1687735948,466925
1687735948,485019
1687735948,494648
1687735948,509430
1687735948,520104
1687735948,545901
1687735948,557757
1687735948,557890
1687735948,570941
1687735948,574448
1687735948,587674
1687735948,602803
1687735948,611586
1687735948,616703
1687735948,617125
1687735948,637725
1687735948,650036
1687735948,654322
1687735948,666052
1687735948,670170
1687735948,681602
1687735948,681870
1687735948,688751
1687735948,691615
1687735949,356579
1687735949,360855
1687735949,362269
1687735949,363663
1687735949,364860
1687735949,368184
1687735949,372747
1687735949,381682
1687735949,381731
1687735949,385230
1687735949,389552
1687735949,411744
1687735949,412729
1687735949,414270
1687735949,425639
1687735949,433175
1687735949,456208
1687735949,458172
1687735949,478039
1687735949,481062
1687735949,499827
1687735949,524524
1687735949,535539
1687735949,546660
1687735949,563488
1687735949,564342
1687735949,575647
1687735949,582059
1687735949,596544
1687735949,603143
1687735949,610343
1687735949,617382
1687735949,625236
1687735949,629137
1687735949,643126
1687735949,647928
1687735949,664110
1687735949,664409
1687735949,669480
1687735949,669678
1687735949,671618
1687735949,673280
1687735949,679981
1687735949,680122
1687735949,680956
1687735949,685671
1687735949,688166
1687735950,351168
1687735950,356600
1687735950,361276
1687735950,362418
1687735950,362620
1687735950,368059
1687735950,370759
1687735950,374440
1687735950,375221
1687735950,378212
1687735950,390276
1687735950,395111
1687735950,411855
1687735950,416736
1687735950,430695
1687735950,431978
1687735950,436253
1687735950,438009
1687735950,472020
1687735950,472389
1687735950,475141
1687735950,496602
1687735950,500980
1687735950,510003
1687735950,520932
1687735950,536058
1687735950,536364
1687735950,540708
1687735950,559469
1687735950,576061
1687735950,580796
1687735950,582016
1687735950,599191
1687735950,611266
1687735950,618801
1687735950,635798
1687735950,640003
1687735950,651254
1687735950,658198
1687735950,669402
1687735950,673823
1687735950,685779
1687735950,687937
1687735950,688299
1687735950,697508
1687735951,363401
1687735951,367733
1687735951,367892
1687735951,370464
1687735951,370464
1687735951,371686
1687735951,381236
1687735951,381309
1687735951,397558
1687735951,405992
1687735951,408508
1687735951,408649
1687735951,410004
1687735951,433318
1687735951,434640
1687735951,453532
1687735951,456354
1687735951,475205
1687735951,490198
1687735951,502106
1687735951,503171
1687735951,509801
1687735951,531741
1687735951,532874
1687735951,540380
1687735951,580808
1687735951,596373
1687735951,603848
1687735951,605846
1687735951,610960
1687735951,630061
1687735951,636085
1687735951,659380
1687735951,661467
1687735951,675020
1687735951,676856
1687735951,677854
1687735951,678097
1687735951,678543
1687735951,678864
1687735951,685052
1687735951,696134
1687735952,344782
1687735952,363104
1687735952,366463
1687735952,366804
1687735952,367536
1687735952,379381
1687735952,384731
1687735952,384829
1687735952,386773
1687735952,391038
1687735952,395449
1687735952,404354
1687735952,406885
1687735952,407149
1687735952,431681
1687735952,448744
1687735952,460595
1687735952,462663
1687735952,471395
1687735952,480666
1687735952,495912
1687735952,498932
1687735952,499512
1687735952,509640
1687735952,532653
1687735952,533231
1687735952,549696
1687735952,556739
1687735952,561191
1687735952,575515
1687735952,576838
1687735952,598001
1687735952,602006
1687735952,606494
1687735952,607024
1687735952,617928
1687735952,626927
1687735952,633328
1687735952,634735
1687735952,640200
1687735952,654239
1687735952,656921
1687735952,663120
1687735952,667739
1687735952,671674
1687735952,678876
1687735952,680578
1687735952,687140
1687735952,687172
1687735952,692125
1687735953,353183
1687735953,353682
1687735953,364198
1687735953,367928
1687735953,368398
1687735953,368641
1687735953,369154
1687735953,372804
1687735953,375257
1687735953,379004
1687735953,379795
1687735953,384009
1687735953,387564
1687735953,388859
1687735953,394196
1687735953,411846
1687735953,416611
1687735953,425674
1687735953,427293
1687735953,450460
1687735953,456189
1687735953,461628
1687735953,477204
1687735953,486054
1687735953,491815
1687735953,513871
1687735953,517813
1687735953,524115
1687735953,525047
1687735953,554072
1687735953,557527
1687735953,580442
1687735953,585602
1687735953,587226
1687735953,595079
1687735953,611242
1687735953,618468
1687735953,633916
1687735953,638549
1687735953,643798
1687735953,653043
1687735953,657137
1687735953,659853
1687735953,671081
1687735953,672147
1687735953,673694
1687735953,675074
1687735953,680330
1687735953,683113
1687735953,685093
1687735953,685324
1687735953,685787
1687735953,687669
1687735953,697128
1687735954,351741
1687735954,355190
1687735954,364288
1687735954,365462
1687735954,374291
1687735954,374319
1687735954,379080
1687735954,391093
1687735954,396617
1687735954,398887
1687735954,407136
1687735954,412538
1687735954,420731
1687735954,423564
1687735954,424915
1687735954,445988
1687735954,453315
1687735954,462512
1687735954,471199
1687735954,476145
1687735954,487682
1687735954,489033
1687735954,489711
1687735954,490922
1687735954,508177
1687735954,516075
1687735954,519848
1687735954,519938
1687735954,528780
1687735954,554002
1687735954,557003
1687735954,562490
1687735954,587729
1687735954,592058
1687735954,607015
1687735954,621694
1687735954,626066
1687735954,626832
1687735954,639956
1687735954,639998
1687735954,649273
1687735954,654806
1687735954,663985
1687735954,666116
1687735954,673112
1687735954,673460
1687735954,673900
1687735954,677742
1687735954,683516
1687735954,687693
1687735954,690702
1687735954,692545
1687735955,362829
1687735955,367388
1687735955,367728
1687735955,370137
1687735955,370415
1687735955,371831
1687735955,373291
1687735955,374200
1687735955,374865
1687735955,375413
1687735955,379097
1687735955,389122
1687735955,393264
1687735955,393339
1687735955,395727
1687735955,407564
1687735955,408114
1687735955,422600
1687735955,426076
1687735955,431194
1687735955,444631
1687735955,445961
1687735955,448086
1687735955,455519
1687735955,462427
1687735955,473382
1687735955,489302
1687735955,499809
1687735955,501137
1687735955,503077
1687735955,512927
1687735955,517299
1687735955,531010
1687735955,542131
1687735955,542318
1687735955,547922
1687735955,548689
1687735955,561632
1687735955,571148
1687735955,577029
1687735955,580180
1687735955,596516
1687735955,598702
1687735955,600126
1687735955,605118
1687735955,613293
1687735955,618396
1687735955,627756
1687735955,646017
1687735955,647906
1687735955,652215
1687735955,663842
1687735955,669956
1687735955,677233
1687735955,677418
1687735955,683197
1687735955,686140
1687735955,687817
1687735955,692730
1687735956,355864
1687735956,358220
1687735956,359507
1687735956,364807
1687735956,365418
1687735956,367905
1687735956,367996
1687735956,373960
1687735956,386714
1687735956,387537
1687735956,387944
1687735956,402986
1687735956,406397
1687735956,411307
1687735956,413328
1687735956,431185
1687735956,438406
1687735956,446337
1687735956,462922
1687735956,474275
1687735956,482278
1687735956,488719
1687735956,503375
1687735956,504920
1687735956,505604
1687735956,515744
1687735956,515799
1687735956,528789
1687735956,550003
1687735956,563510
1687735956,569051
1687735956,579386
1687735956,581523
1687735956,588331
1687735956,593113
1687735956,600892
1687735956,610896
1687735956,613319
1687735956,620695
1687735956,622656
1687735956,638572
1687735956,650768
1687735956,660287
1687735956,660624
1687735956,660682
1687735956,668060
1687735956,668355
1687735956,669593
1687735956,676365
1687735956,680174
1687735956,682499
1687735956,683809
1687735956,690388
1687735956,693764
1687735956,694667
1687735957,361611
1687735957,364267
1687735957,365431
1687735957,368850
1687735957,372435
1687735957,373114
1687735957,374256
1687735957,377333
1687735957,380282
1687735957,383996
1687735957,386385
1687735957,388290
1687735957,392876
1687735957,400745
1687735957,403825
1687735957,407422
1687735957,417427
1687735957,419143
1687735957,426546
1687735957,458758
1687735957,466154
1687735957,467453
1687735957,477134
1687735957,499478
1687735957,521935
1687735957,524427
1687735957,536204
1687735957,538909
1687735957,539866
1687735957,545130
1687735957,570489
1687735957,570500
1687735957,574785
1687735957,576421
1687735957,601676
1687735957,602606
1687735957,608589
1687735957,628860
1687735957,629663
1687735957,630577
1687735957,641881
1687735957,648327
1687735957,651458
1687735957,653403
1687735957,664811
1687735957,665479
1687735957,666712
1687735957,677639
1687735957,679850
1687735957,683975
1687735957,689371
1687735957,690198
1687735957,690783
1687735958,351486
1687735958,357684
1687735958,364032
1687735958,365596
1687735958,368118
1687735958,369272
1687735958,370105
1687735958,371157
1687735958,374583
1687735958,376192
1687735958,381452
1687735958,382730
1687735958,386010
1687735958,404447
1687735958,407291
1687735958,409499
1687735958,414747
1687735958,429169
1687735958,430820
1687735958,433052
1687735958,437219
1687735958,437560
1687735958,440011
1687735958,464309
1687735958,466674
1687735958,468267
1687735958,480228
1687735958,499587
1687735958,503457
1687735958,517105
1687735958,524132
1687735958,533635
1687735958,541618
1687735958,541780
1687735958,564152
1687735958,565819
1687735958,565903
1687735958,567565
1687735958,567985
1687735958,582544
1687735958,596583
1687735958,621561
1687735958,625309
1687735958,633267
1687735958,633600
1687735958,634600
1687735958,643627
1687735958,647667
1687735958,658644
1687735958,672691
1687735958,674410
1687735958,678044
1687735958,678372
1687735958,680477
1687735958,682537
1687735958,682733
1687735958,692013
1687735958,692089
1687735958,693920
1687735959,362608
1687735959,362624
1687735959,363634
1687735959,369050
1687735959,372348
1687735959,374015
1687735959,379074
1687735959,380678
1687735959,385242
1687735959,386213
1687735959,388879
1687735959,392870
1687735959,400007
1687735959,401631
1687735959,411503
1687735959,430649
1687735959,439595
1687735959,447385
1687735959,453071
1687735959,454326
1687735959,459638
1687735959,462754
1687735959,480816
1687735959,484008
1687735959,487702
1687735959,494125
1687735959,496113
1687735959,508563
1687735959,519169
1687735959,523093
1687735959,525839
1687735959,546183
1687735959,548598
1687735959,553028
1687735959,562242
1687735959,564167
1687735959,587073
1687735959,589662
1687735959,598807
1687735959,612099
1687735959,613762
1687735959,619485
1687735959,624681
1687735959,634317
1687735959,635791
1687735959,637694
1687735959,648499
1687735959,652107
1687735959,660199
1687735959,660424
1687735959,668180
1687735959,677177
1687735959,680671
1687735959,685370
1687735959,689438
1687735959,690431
1687735959,691945
1687735960,364878
1687735960,365275
1687735960,365482
1687735960,367638
1687735960,374410
1687735960,374413
1687735960,378234
1687735960,388873
1687735960,392452
1687735960,395084
1687735960,397304
1687735960,397940
1687735960,405484
1687735960,412408
1687735960,416558
1687735960,432126
1687735960,440239
1687735960,456298
1687735960,462398
1687735960,478346
1687735960,486549
1687735960,490816
1687735960,500147
1687735960,515447
1687735960,522038
1687735960,522223
1687735960,541392
1687735960,542960
1687735960,559808
1687735960,565795
1687735960,587898
1687735960,589548
1687735960,591142
1687735960,601172
1687735960,610766
1687735960,615342
1687735960,617094
1687735960,621810
1687735960,634947
1687735960,654613
1687735960,655225
1687735960,668673
1687735960,679728
1687735960,680827
1687735960,681277
1687735960,682913
1687735960,686029
1687735960,686604
1687735960,686702
1687735960,689961
1687735960,694661
1687735961,360624
1687735961,363775
1687735961,364077
1687735961,370348
1687735961,373474
1687735961,374129
1687735961,379563
1687735961,379679
1687735961,380186
1687735961,381690
1687735961,382075
1687735961,387872
1687735961,412478
1687735961,417368
1687735961,427704
1687735961,428823
1687735961,452484
1687735961,454571
1687735961,469496
1687735961,474857
1687735961,486622
1687735961,494375
1687735961,512306
1687735961,517857
1687735961,519166
1687735961,522572
1687735961,529034
1687735961,547572
1687735961,559835
1687735961,560334
1687735961,572362
1687735961,576915
1687735961,579587
1687735961,593779
1687735961,598507
1687735961,614768
1687735961,615648
1687735961,618658
1687735961,620815
1687735961,624329
1687735961,630379
1687735961,643671
1687735961,646710
1687735961,649031
1687735961,660661
1687735961,668159
1687735961,669446
1687735961,669678
1687735961,673163
1687735961,675252
1687735961,680027
1687735961,681343
1687735961,683970
1687735961,685370
1687735961,691719
1687735961,696191
1687735962,359231
1687735962,360068
1687735962,362680
1687735962,364706
1687735962,370069
1687735962,373196
1687735962,373597
1687735962,375801
1687735962,381116
1687735962,387688
1687735962,393081
1687735962,393972
1687735962,395518
1687735962,412629
1687735962,413131
1687735962,416225
1687735962,419002
1687735962,421132
1687735962,428400
1687735962,440516
1687735962,463954
1687735962,469138
1687735962,482165
1687735962,483590
1687735962,491792
1687735962,511388
1687735962,513923
1687735962,514916
1687735962,541685
1687735962,546704
1687735962,568116
1687735962,583804
1687735962,587741
1687735962,594850
1687735962,597282
1687735962,613512
1687735962,613665
1687735962,615547
1687735962,624784
1687735962,645043
1687735962,646831
1687735962,647821
1687735962,657090
1687735962,669443
1687735962,670446
1687735962,677498
1687735962,683072
1687735962,687873
1687735962,691845
1687735963,360697
1687735963,365808
1687735963,367653
1687735963,367710
1687735963,368582
1687735963,372543
1687735963,373797
1687735963,374314
1687735963,379533
1687735963,401585
1687735963,404144
1687735963,405060
1687735963,410946
1687735963,428479
1687735963,432798
1687735963,437358
1687735963,467131
1687735963,495529
1687735963,496147
1687735963,496236
1687735963,506778
1687735963,513603
1687735963,532492
1687735963,533770
1687735963,533850
1687735963,538870
1687735963,548042
1687735963,571657
1687735963,574806
1687735963,596427
1687735963,601778
1687735963,603695
1687735963,611961
1687735963,620046
1687735963,632925
1687735963,635419
1687735963,640374
1687735963,645260
1687735963,651170
1687735963,654344
1687735963,655947
1687735963,659317
1687735963,663801
1687735963,667136
1687735963,673755
1687735963,675101
1687735963,677522
1687735963,679223
1687735963,679451
1687735963,683006
1687735963,689904
1687735963,694171
1687735963,696694
1687735964,350171
1687735964,361924
1687735964,363654
1687735964,364094
1687735964,365815
1687735964,366856
1687735964,374554
1687735964,375288
1687735964,391589
1687735964,406764
1687735964,409614
1687735964,414886
1687735964,430358
1687735964,434242
1687735964,438496
1687735964,440801
1687735964,445318
1687735964,449697
1687735964,457149
1687735964,462922
1687735964,467220
1687735964,493435
1687735964,507074
1687735964,538314
1687735964,545750
1687735964,547396
1687735964,553935
1687735964,566317
1687735964,573174
1687735964,588911
1687735964,595707
1687735964,609040
1687735964,611848
1687735964,629395
1687735964,636298
1687735964,636917
1687735964,641926
1687735964,649494
1687735964,654616
1687735964,659115
1687735964,666854
1687735964,686560
1687735964,690645
1687735965,359009
1687735965,363320
1687735965,363925
1687735965,375067
1687735965,378820
1687735965,383708
1687735965,385020
1687735965,393370
1687735965,406084
1687735965,419979
1687735965,423646
1687735965,433511
1687735965,439342
1687735965,439474
1687735965,445611
1687735965,453932
1687735965,457484
1687735965,460093
1687735965,471821
1687735965,483989
1687735965,507720
1687735965,509554
1687735965,520253
1687735965,534574
1687735965,544132
1687735965,553891
1687735965,555707
1687735965,557478
1687735965,560699
1687735965,589252
1687735965,598370
1687735965,612892
1687735965,618992
1687735965,634231
1687735965,635153
1687735965,639358
1687735965,656206
1687735965,658583
1687735965,661022
1687735965,663862
1687735965,664431
1687735965,665185
1687735965,670147
1687735965,677276
1687735965,677772
1687735965,681202
1687735965,685357
1687735965,686473
1687735965,688693
1687735966,348258
1687735966,363262
1687735966,363397
1687735966,364206
1687735966,370117
1687735966,379514
1687735966,379995
1687735966,380294
1687735966,383651
1687735966,396193
1687735966,418645
1687735966,430977
1687735966,454391
1687735966,470781
1687735966,483452
1687735966,485504
1687735966,490329
1687735966,521693
1687735966,528718
1687735966,531041
1687735966,532342
1687735966,548979
1687735966,553694
1687735966,559673
1687735966,569738
1687735966,572422
1687735966,572606
1687735966,586386
1687735966,591742
1687735966,610294
1687735966,617992
1687735966,625568
1687735966,633056
1687735966,636045
1687735966,652309
1687735966,658947
1687735966,667221
1687735966,678410
1687735966,680223
1687735966,683532
1687735966,684475
1687735966,700524
1687735967,358454
1687735967,359002
1687735967,362185
1687735967,370530
1687735967,371012
1687735967,373087
1687735967,376106
1687735967,377080
1687735967,377471
1687735967,377830
1687735967,386465
1687735967,389418
1687735967,391268
1687735967,393007
1687735967,396993
1687735967,402731
1687735967,423697
1687735967,439377
1687735967,446262
1687735967,452865
1687735967,459808
1687735967,479619
1687735967,483408
1687735967,488965
1687735967,504055
1687735967,515664
1687735967,527187
1687735967,545802
1687735967,557416
1687735967,562157
1687735967,581761
1687735967,589049
1687735967,590608
1687735967,590982
1687735967,605373
1687735967,620024
1687735967,623189
1687735967,645362
1687735967,646058
1687735967,646863
1687735967,653575
1687735967,655515
1687735967,663470
1687735967,669184
1687735967,673008
1687735967,673443
1687735967,674169
1687735967,679347
1687735967,681072
1687735967,684232
1687735967,687771
1687735968,344288
1687735968,366077
1687735968,368221
1687735968,371045
1687735968,374249
1687735968,382027
1687735968,395410
1687735968,397286
1687735968,399089
1687735968,413820
1687735968,419737
1687735968,446031
1687735968,446166
1687735968,451486
1687735968,482745
1687735968,496571
1687735968,507377
1687735968,514041
1687735968,522333
1687735968,548007
1687735968,555629
1687735968,555719
1687735968,568682
1687735968,585549
1687735968,586036
1687735968,598246
1687735968,604516
1687735968,609649
1687735968,614687
1687735968,618490
1687735968,638983
1687735968,652582
1687735968,671017
1687735968,681266
1687735968,682219
1687735968,684052
1687735968,689896
1687735968,691083
1687735969,357237
1687735969,362146
1687735969,363008
1687735969,365336
1687735969,367796
1687735969,373522
1687735969,380659
1687735969,382411
1687735969,388519
1687735969,392947
1687735969,410006
1687735969,411115
1687735969,412602
1687735969,427339
1687735969,435245
1687735969,445614
1687735969,458327
1687735969,460340
1687735969,473046
1687735969,478969
1687735969,480114
1687735969,501982
1687735969,503602
1687735969,526771
1687735969,535478
1687735969,537585
1687735969,544724
1687735969,565606
1687735969,566449
1687735969,579475
1687735969,579912
1687735969,604765
1687735969,608458
1687735969,626890
1687735969,630620
1687735969,641575
1687735969,642676
1687735969,649225
1687735969,651815
1687735969,662826
1687735969,665308
1687735969,668317
1687735969,668678
1687735969,670625
1687735969,674517
1687735969,680017
1687735969,680381
1687735969,680810
1687735969,686111
1687735969,688338
1687735970,351919
1687735970,355869
1687735970,362727
1687735970,362885
1687735970,368067
1687735970,369682
1687735970,375303
1687735970,375637
1687735970,379465
1687735970,387094
1687735970,388961
1687735970,396579
1687735970,410323
1687735970,418595
1687735970,428823
1687735970,434050
1687735970,434236
1687735970,436297
1687735970,455749
1687735970,470389
1687735970,474054
1687735970,498568
1687735970,503048
1687735970,507826
1687735970,522845
1687735970,533901
1687735970,538638
1687735970,538833
1687735970,551289
1687735970,577665
1687735970,578369
1687735970,578607
1687735970,579151
1687735970,600885
1687735970,609306
1687735970,620416
1687735970,633858
1687735970,638148
1687735970,641007
1687735970,652375
1687735970,659319
1687735970,670690
1687735970,674683
1687735970,679473
1687735970,685604
1687735970,687002
1687735970,697542
1687735971,353420
1687735971,360972
1687735971,362945
1687735971,367706
1687735971,367782
1687735971,367967
1687735971,368712
1687735971,369685
1687735971,371037
1687735971,371382
1687735971,382143
1687735971,382336
1687735971,382984
1687735971,384847
1687735971,396217
1687735971,396963
1687735971,404363
1687735971,410054
1687735971,412023
1687735971,432800
1687735971,435349
1687735971,477285
1687735971,488233
1687735971,493029
1687735971,500019
1687735971,505157
1687735971,511770
1687735971,530037
1687735971,542508
1687735971,582704
1687735971,594212
1687735971,600010
1687735971,601889
1687735971,607477
1687735971,612619
1687735971,631462
1687735971,634118
1687735971,658925
1687735971,660485
1687735971,660756
1687735971,669468
1687735971,674529
1687735971,676060
1687735971,676779
1687735971,677671
1687735971,677875
1687735971,678375
1687735971,678557
1687735971,682190
1687735971,688581
1687735971,696843
1687735972,344641
1687735972,362870
1687735972,366242
1687735972,367351
1687735972,375023
1687735972,378559
1687735972,392156
1687735972,402750
1687735972,405322
1687735972,408933
1687735972,430041
1687735972,450930
1687735972,458131
1687735972,473623
1687735972,496739
1687735972,497157
1687735972,498029
1687735972,511736
1687735972,516000
1687735972,530691
1687735972,551721
1687735972,558852
1687735972,562405
1687735972,573593
1687735972,578795
1687735972,599666
1687735972,604384
1687735972,616095
1687735972,624770
1687735972,632695
1687735972,634776
1687735972,641447
1687735972,655401
1687735972,655481
1687735972,660285
1687735972,664290
1687735972,668578
1687735972,670110
1687735972,679482
1687735972,681262
1687735972,685022
1687735972,686674
1687735972,687556
1687735972,691828
1687735973,364451
1687735973,367952
1687735973,368240
1687735973,369064
1687735973,369166
1687735973,373008
1687735973,375818
1687735973,378204
1687735973,380800
1687735973,382811
1687735973,383489
1687735973,389052
1687735973,390268
1687735973,392763
1687735973,413505
1687735973,415058
1687735973,424589
1687735973,427617
1687735973,452524
1687735973,452602
1687735973,454241
1687735973,459307
1687735973,475340
1687735973,482638
1687735973,487966
1687735973,489619
1687735973,515656
1687735973,521964
1687735973,526910
1687735973,552097
1687735973,559217
1687735973,559705
1687735973,587517
1687735973,589252
1687735973,593112
1687735973,612782
1687735973,619728
1687735973,624807
1687735973,635307
1687735973,639877
1687735973,645138
1687735973,651464
1687735973,658162
1687735973,658218
1687735973,673094
1687735973,674018
1687735973,681336
1687735973,684879
1687735973,686798
1687735973,687319
1687735973,697528
1687735974,352317
1687735974,352348
1687735974,355379
1687735974,364919
1687735974,373499
1687735974,375603
1687735974,380017
1687735974,392328
1687735974,397540
1687735974,409013
1687735974,418964
1687735974,423275
1687735974,425540
1687735974,448232
1687735974,451033
1687735974,460401
1687735974,464546
1687735974,473255
1687735974,487520
1687735974,489684
1687735974,491199
1687735974,510250
1687735974,517939
1687735974,517974
1687735974,521006
1687735974,531012
1687735974,555093
1687735974,556159
1687735974,579104
1687735974,585570
1687735974,593867
1687735974,608445
1687735974,621796
1687735974,623940
1687735974,638096
1687735974,641400
1687735974,647434
1687735974,655933
1687735974,665108
1687735974,665342
1687735974,673918
1687735974,674633
1687735974,678415
1687735974,687725
1687735974,690505
1687735974,692117
1687735975,362826
1687735975,367088
1687735975,367605
1687735975,370222
1687735975,370989
1687735975,371639
1687735975,372450
1687735975,374593
1687735975,375623
1687735975,387880
1687735975,392022
1687735975,394405
1687735975,394669
1687735975,405799
1687735975,409550
1687735975,418055
1687735975,424512
1687735975,428220
1687735975,429510
1687735975,442827
1687735975,446215
1687735975,457493
1687735975,464521
1687735975,469124
1687735975,471272
1687735975,491247
1687735975,497821
1687735975,505012
1687735975,515217
1687735975,533079
1687735975,540136
1687735975,540234
1687735975,545860
1687735975,546610
1687735975,563795
1687735975,564582
1687735975,566067
1687735975,573235
1687735975,577934
1687735975,596615
1687735975,598268
1687735975,601768
1687735975,616395
1687735975,629305
1687735975,645874
1687735975,646334
1687735975,653782
1687735975,665268
1687735975,668556
1687735975,676025
1687735975,683093
1687735975,683495
1687735975,685176
1687735975,687722
1687735975,693626
1687735976,355398
1687735976,359118
1687735976,359333
1687735976,365606
1687735976,366894
1687735976,368670
1687735976,372920
1687735976,373191
1687735976,379914
1687735976,386360
1687735976,387684
1687735976,404729
1687735976,404929
1687735976,412013
1687735976,433250
1687735976,440344
1687735976,448662
1687735976,464625
1687735976,465019
1687735976,468681
1687735976,472008
1687735976,484511
1687735976,497395
1687735976,505471
1687735976,506996
1687735976,513628
1687735976,513650
1687735976,530928
1687735976,552150
1687735976,561357
1687735976,571190
1687735976,577429
1687735976,584043
1687735976,590189
1687735976,602416
1687735976,608812
1687735976,610121
1687735976,611523
1687735976,620626
1687735976,622184
1687735976,631386
1687735976,639844
1687735976,652301
1687735976,659244
1687735976,661197
1687735976,666882
1687735976,669420
1687735976,671169
1687735976,675791
1687735976,683087
1687735976,683121
1687735976,690955
1687735976,693444
1687735976,694901
1687735977,361435
1687735977,364510
1687735977,365445
1687735977,369005
1687735977,371911
1687735977,373868
1687735977,376407
1687735977,380743
1687735977,384845
1687735977,385078
1687735977,393940
1687735977,402448
1687735977,405567
1687735977,405943
1687735977,415913
1687735977,421007
1687735977,424664
1687735977,431202
1687735977,439745
1687735977,456601
1687735977,459334
1687735977,465241
1687735977,468308
1687735977,479029
1687735977,520023
1687735977,536824
1687735977,538486
1687735977,541830
1687735977,547492
1687735977,568486
1687735977,572583
1687735977,572678
1687735977,578441
1687735977,599559
1687735977,600732
1687735977,616254
1687735977,632134
1687735977,639946
1687735977,649586
1687735977,652555
1687735977,654880
1687735977,663363
1687735977,664057
1687735977,678379
1687735977,681413
1687735977,689584
1687735977,689826
1687735977,690151
1687735978,351905
1687735978,357391
1687735978,364751
1687735978,367435
1687735978,368378
1687735978,368670
1687735978,372004
1687735978,381590
1687735978,382895
1687735978,384800
1687735978,400321
1687735978,403198
1687735978,405332
1687735978,409450
1687735978,411212
1687735978,416605
1687735978,428755
1687735978,438350
1687735978,439273
1687735978,464568
1687735978,466297
1687735978,466502
1687735978,482217
1687735978,497481
1687735978,505557
1687735978,518950
1687735978,526136
1687735978,531717
1687735978,540052
1687735978,543664
1687735978,545558
1687735978,554984
1687735978,562271
1687735978,565385
1687735978,567981
1687735978,568043
1687735978,584320
1687735978,594528
1687735978,631839
1687735978,632685
1687735978,634674
1687735978,644760
1687735978,657255
1687735978,673256
1687735978,673834
1687735978,677567
1687735978,679217
1687735978,682631
1687735978,692178
1687735978,692666
1687735978,693567
1687735978,694818
1687735979,362789
1687735979,362996
1687735979,363752
1687735979,366500
1687735979,372458
1687735979,374340
1687735979,374772
1687735979,378090
1687735979,381501
1687735979,384226
1687735979,387102
1687735979,387603
1687735979,393382
1687735979,401623
1687735979,413482
1687735979,428918
1687735979,441730
1687735979,445503
1687735979,457448
1687735979,460738
1687735979,481890
1687735979,482939
1687735979,485656
1687735979,492051
1687735979,493668
1687735979,510724
1687735979,521210
1687735979,524127
1687735979,546613
1687735979,548293
1687735979,555490
1687735979,560189
1687735979,561734
1687735979,587393
1687735979,587532
1687735979,588242
1687735979,589063
1687735979,596932
1687735979,613699
1687735979,615337
1687735979,617486
1687735979,622783
1687735979,623371
1687735979,635436
1687735979,637048
1687735979,639149
1687735979,646775
1687735979,653423
1687735979,661375
1687735979,668882
1687735979,676260
1687735979,678740
1687735979,679796
1687735979,683576
1687735979,685467
1687735979,687589
1687735979,689227
1687735979,689756
1687735979,692271
1687735980,361542
1687735980,363799
1687735980,365248
1687735980,365381
1687735980,368392
1687735980,370057
1687735980,373416
1687735980,373522
1687735980,377596
1687735980,389821
1687735980,393764
1687735980,395743
1687735980,396742
1687735980,396824
1687735980,403858
1687735980,414261
1687735980,414998
1687735980,417139
1687735980,425501
1687735980,434229
1687735980,442303
1687735980,454279
1687735980,455295
1687735980,460395
1687735980,480460
1687735980,488434
1687735980,488467
1687735980,488659
1687735980,495117
1687735980,502254
1687735980,517565
1687735980,542408
1687735980,543711
1687735980,544953
1687735980,563744
1687735980,585821
1687735980,593010
1687735980,602785
1687735980,608889
1687735980,616982
1687735980,618467
1687735980,619778
1687735980,631756
1687735980,636596
1687735980,638413
1687735980,653035
1687735980,653975
1687735980,661655
1687735980,669367
1687735980,681044
1687735980,681157
1687735980,682304
1687735980,686017
1687735981,360288
1687735981,360291
1687735981,363683
1687735981,371032
1687735981,373804
1687735981,379063
1687735981,381271
1687735981,381425
1687735981,382200
1687735981,386947
1687735981,410652
1687735981,415922
1687735981,421187
1687735981,429692
1687735981,430822
1687735981,437596
1687735981,454627
1687735981,456722
1687735981,467348
1687735981,476958
1687735981,484416
1687735981,496569
1687735981,510135
1687735981,515987
1687735981,520354
1687735981,521172
1687735981,524120
1687735981,531109
1687735981,537709
1687735981,562652
1687735981,570211
1687735981,587046
1687735981,600275
1687735981,613620
1687735981,619953
1687735981,622326
1687735981,622357
1687735981,642244
1687735981,644726
1687735981,649942
1687735981,661208
1687735981,666748
1687735981,670380
1687735981,670963
1687735981,672354
1687735981,675938
1687735981,681808
1687735981,683710
1687735981,685934
1687735981,689617
1687735981,691520
1687735981,695641
1687735982,359308
1687735982,359401
1687735982,362802
1687735982,364837
1687735982,367460
1687735982,374567
1687735982,377130
1687735982,381938
1687735982,386202
1687735982,392783
1687735982,394295
1687735982,410559
1687735982,411615
1687735982,418245
1687735982,419586
1687735982,430317
1687735982,438398
1687735982,466037
1687735982,471172
1687735982,480012
1687735982,481496
1687735982,493826
1687735982,509153
1687735982,511890
1687735982,516995
1687735982,539805
1687735982,544575
1687735982,562079
1687735982,570054
1687735982,581934
1687735982,585665
1687735982,595241
1687735982,596512
1687735982,611687
1687735982,615069
1687735982,617022
1687735982,633434
1687735982,644861
1687735982,646350
1687735982,647065
1687735982,658307
1687735982,662819
1687735982,668512
1687735982,669389
1687735982,682346
1687735982,683038
1687735982,687829
1687735982,691093
1687735983,360529
1687735983,366390
1687735983,366801
1687735983,368649
1687735983,369029
1687735983,371716
1687735983,374862
1687735983,380354
1687735983,400142
1687735983,406032
1687735983,406354
1687735983,409231
1687735983,430483
1687735983,430898
1687735983,435523
1687735983,493474
1687735983,494143
1687735983,498175
1687735983,504794
1687735983,505104
1687735983,511473
1687735983,531818
1687735983,534685
1687735983,535996
1687735983,536923
1687735983,546052
1687735983,572606
1687735983,573552
1687735983,594460
1687735983,603473
1687735983,605288
1687735983,606896
1687735983,609910
1687735983,623185
1687735983,634281
1687735983,639120
1687735983,643490
1687735983,652182
1687735983,657173
1687735983,658130
1687735983,665049
1687735983,668263
1687735983,673372
1687735983,676377
1687735983,678198
1687735983,678818
1687735983,678846
1687735983,679507
1687735983,683196
1687735983,690349
1687735983,694381
1687735983,696705
1687735984,350150
1687735984,363099
1687735984,363421
1687735984,363762
1687735984,364579
1687735984,365977
1687735984,373123
1687735984,375748
1687735984,383847
1687735984,384003
1687735984,405035
1687735984,408275
1687735984,415901
1687735984,428517
1687735984,432540
1687735984,437145
1687735984,442712
1687735984,447405
1687735984,452046
1687735984,460763
1687735984,464731
1687735984,469388
1687735984,495395
1687735984,504784
1687735984,536236
1687735984,548039
1687735984,549531
1687735984,556099
1687735984,564213
1687735984,570419
1687735984,581275
1687735984,588086
1687735984,593210
1687735984,594936
1687735984,597472
1687735984,607186
1687735984,609921
1687735984,630841
1687735984,635001
1687735984,638031
1687735984,643176
1687735984,644100
1687735984,650863
1687735984,653306
1687735984,661956
1687735984,665301
1687735984,682084
1687735984,686936
1687735984,691070
1687735985,359546
1687735985,363147
1687735985,364216
1687735985,374284
1687735985,375130
1687735985,377918
1687735985,377943
1687735985,382691
1687735985,386044
1687735985,394334
1687735985,394564
1687735985,418391
1687735985,425459
1687735985,431663
1687735985,444404
1687735985,447683
1687735985,452024
1687735985,455299
1687735985,457789
1687735985,473917
1687735985,485767
1687735985,509724
1687735985,511579
1687735985,518227
1687735985,532624
1687735985,549214
1687735985,553290
1687735985,556256
1687735985,558729
1687735985,591413
1687735985,596196
1687735985,614587
1687735985,616988
1687735985,633207
1687735985,635521
1687735985,640906
1687735985,659474
1687735985,659806
1687735985,660073
1687735985,662501
1687735985,666281
1687735985,669162
1687735985,677397
1687735985,678129
1687735985,681360
1687735985,685066
1687735985,685973
1687735985,688998
1687735986,349017
1687735986,358523
1687735986,359065
1687735986,362869
1687735986,363467
1687735986,363829
1687735986,369757
1687735986,374046
1687735986,378337
1687735986,381054
1687735986,381436
1687735986,382513
1687735986,395095
1687735986,420019
1687735986,420726
1687735986,422966
1687735986,428997
1687735986,441574
1687735986,452439
1687735986,456361
1687735986,472795
1687735986,481291
1687735986,487539
1687735986,488170
1687735986,518747
1687735986,523665
1687735986,529192
1687735986,530042
1687735986,530652
1687735986,551180
1687735986,555859
1687735986,557828
1687735986,574781
1687735986,584327
1687735986,589718
1687735986,611923
1687735986,619476
1687735986,620333
1687735986,627167
1687735986,631256
1687735986,634024
1687735986,653523
1687735986,657270
1687735986,666249
1687735986,679160
1687735986,681336
1687735986,684602
1687735986,701107
1687735987,353196
1687735987,359107
1687735987,369800
1687735987,371413
1687735987,373751
1687735987,375860
1687735987,376126
1687735987,377023
1687735987,388246
1687735987,391650
1687735987,392228
1687735987,395703
1687735987,397588
1687735987,404434
1687735987,425738
1687735987,437371
1687735987,448252
1687735987,450626
1687735987,461969
1687735987,477297
1687735987,485548
1687735987,486872
1687735987,488739
1687735987,506181
1687735987,513285
1687735987,520365
1687735987,529260
1687735987,543810
1687735987,555540
1687735987,564471
1687735987,579329
1687735987,591016
1687735987,591185
1687735987,592884
1687735987,595474
1687735987,618361
1687735987,624517
1687735987,643378
1687735987,647408
1687735987,647957
1687735987,652093
1687735987,653967
1687735987,664647
1687735987,670349
1687735987,672100
1687735987,673221
1687735987,673571
1687735987,679101
1687735987,679280
1687735987,680461
1687735987,682629
1687735987,684241
1687735987,685662
1687735987,687926
1687735988,344355
1687735988,365849
1687735988,365958
1687735988,368206
1687735988,368832
1687735988,369210
1687735988,373174
1687735988,383194
1687735988,385649
1687735988,394156
1687735988,398613
1687735988,399031
1687735988,400839
1687735988,412005
1687735988,415540
1687735988,420187
1687735988,443660
1687735988,444274
1687735988,448389
1687735988,449449
1687735988,450472
1687735988,480477
1687735988,495038
1687735988,498539
1687735988,505319
1687735988,524571
1687735988,550103
1687735988,553530
1687735988,553542
1687735988,583384
1687735988,599911
1687735988,602051
1687735988,606198
1687735988,607718
1687735988,612650
1687735988,619887
1687735988,640176
1687735988,650792
1687735988,657250
1687735988,666158
1687735988,667101
1687735988,667841
1687735988,671884
1687735988,673872
1687735988,680610
1687735988,682785
1687735988,686573
1687735988,690501
1687735988,691020
1687735989,357921
1687735989,362046
1687735989,362379
1687735989,367426
1687735989,374250
1687735989,379048
1687735989,379657
1687735989,383104
1687735989,387507
1687735989,387650
1687735989,387730
1687735989,408308
1687735989,409510
1687735989,410976
1687735989,429035
1687735989,437307
1687735989,462341
1687735989,462508
1687735989,476889
1687735989,482169
1687735989,501611
1687735989,504139
1687735989,505639
1687735989,513127
1687735989,529043
1687735989,539621
1687735989,542778
1687735989,566426
1687735989,577463
1687735989,577832
1687735989,581551
1687735989,585974
1687735989,606384
1687735989,606582
1687735989,617440
1687735989,628499
1687735989,632051
1687735989,636663
1687735989,639984
1687735989,650523
1687735989,653625
1687735989,661510
1687735989,667626
1687735989,669592
1687735989,675608
1687735989,675741
1687735989,680056
1687735989,680589
1687735989,680609
1687735989,686488
1687735989,688473
1687735989,688680
1687735990,352654
1687735990,355170
1687735990,360726
1687735990,363082
1687735990,363140
1687735990,368117
1687735990,368702
1687735990,372320
1687735990,376045
1687735990,376169
1687735990,380696
1687735990,385884
1687735990,388411
1687735990,393115
1687735990,398081
1687735990,408784
1687735990,411628
1687735990,420507
1687735990,426949
1687735990,432251
1687735990,434594
1687735990,468364
1687735990,470965
1687735990,476062
1687735990,500543
1687735990,524796
1687735990,531687
1687735990,536950
1687735990,540875
1687735990,576447
1687735990,577535
1687735990,580620
1687735990,602539
1687735990,607298
1687735990,622085
1687735990,626320
1687735990,631901
1687735990,636276
1687735990,653466
1687735990,655907
1687735990,659353
1687735990,660427
1687735990,671958
1687735990,675555
1687735990,685393
1687735990,686015
1687735990,697561
1687735991,362513
1687735991,366572
1687735991,367660
1687735991,368888
1687735991,369922
1687735991,370412
1687735991,372353
1687735991,383085
1687735991,383392
1687735991,394612
1687735991,394889
1687735991,401129
1687735991,402795
1687735991,411470
1687735991,414026
1687735991,430950
1687735991,437419
1687735991,453094
1687735991,457903
1687735991,458159
1687735991,479355
1687735991,486275
1687735991,494525
1687735991,497947
1687735991,507142
1687735991,513734
1687735991,528323
1687735991,535539
1687735991,544614
1687735991,564107
1687735991,575173
1687735991,579703
1687735991,584612
1687735991,592031
1687735991,598016
1687735991,599992
1687735991,609070
1687735991,614217
1687735991,632106
1687735991,632849
1687735991,637423
1687735991,657389
1687735991,659484
1687735991,662106
1687735991,675665
1687735991,677022
1687735991,677205
1687735991,677855
1687735991,678580
1687735991,678882
1687735991,688826
1687735991,693058
1687735991,697495
1687735992,344576
1687735992,362663
1687735992,366047
1687735992,377746
1687735992,393321
1687735992,398477
1687735992,403804
1687735992,410763
1687735992,428410
1687735992,455656
1687735992,475874
1687735992,494816
1687735992,500173
1687735992,513876
1687735992,518142
1687735992,528714
1687735992,553752
1687735992,557260
1687735992,560686
1687735992,560943
1687735992,571685
1687735992,580719
1687735992,601290
1687735992,602224
1687735992,614234
1687735992,622638
1687735992,630617
1687735992,636185
1687735992,642697
1687735992,645723
1687735992,653828
1687735992,656725
1687735992,668512
1687735992,669412
1687735992,680080
1687735992,681948
1687735992,686203
1687735992,687914
1687735993,364770
1687735993,367860
1687735993,367974
1687735993,368961
1687735993,369985
1687735993,373207
1687735993,376357
1687735993,377437
1687735993,381636
1687735993,381833
1687735993,390578
1687735993,391382
1687735993,391748
1687735993,393605
1687735993,413503
1687735993,415163
1687735993,423712
1687735993,429635
1687735993,452282
1687735993,454564
1687735993,473466
1687735993,487403
1687735993,489832
1687735993,512319
1687735993,513483
1687735993,519793
1687735993,528811
1687735993,550119
1687735993,561849
1687735993,585164
1687735993,589399
1687735993,591113
1687735993,591228
1687735993,614329
1687735993,617712
1687735993,620932
1687735993,622787
1687735993,630831
1687735993,641171
1687735993,646482
1687735993,649888
1687735993,656420
1687735993,659326
1687735993,672465
1687735993,672936
1687735993,682324
1687735993,682389
1687735993,684629
1687735993,686923
1687735993,687768
1687735993,697815
1687735994,351553
1687735994,352951
1687735994,355690
1687735994,364417
1687735994,372698
1687735994,376925
1687735994,380959
1687735994,396198
1687735994,407756
1687735994,410909
1687735994,417210
1687735994,421657
1687735994,427558
1687735994,448731
1687735994,450462
1687735994,466542
1687735994,467300
1687735994,475286
1687735994,485319
1687735994,486026
1687735994,491692
1687735994,493360
1687735994,515995
1687735994,516040
1687735994,533245
1687735994,553172
1687735994,558324
1687735994,575705
1687735994,581260
1687735994,583401
1687735994,595644
1687735994,609898
1687735994,621829
1687735994,623559
1687735994,636160
1687735994,642799
1687735994,645567
1687735994,657075
1687735994,664544
1687735994,666198
1687735994,674693
1687735994,675289
1687735994,679071
1687735994,683758
1687735994,687713
1687735994,690230
1687735994,691620
1687735995,366520
1687735995,367820
1687735995,369843
1687735995,370064
1687735995,370338
1687735995,371486
1687735995,371616
1687735995,371679
1687735995,374988
1687735995,376397
1687735995,386661
1687735995,390699
1687735995,393590
1687735995,395628
1687735995,404049
1687735995,410990
1687735995,426425
1687735995,427929
1687735995,430346
1687735995,441014
1687735995,444325
1687735995,459460
1687735995,460456
1687735995,466623
1687735995,470866
1687735995,493173
1687735995,495816
1687735995,506931
1687735995,513115
1687735995,535122
1687735995,538180
1687735995,538181
1687735995,543772
1687735995,544535
1687735995,565951
1687735995,566643
1687735995,567658
1687735995,575300
1687735995,594586
1687735995,599989
1687735995,603385
1687735995,614374
1687735995,643873
1687735995,644754
1687735995,648099
1687735995,655315
1687735995,666676
1687735995,667149
1687735995,674496
1687735995,682722
1687735995,684145
1687735995,687632
1687735995,693071
1687735995,694481
1687735995,695063
1687735996,354983
1687735996,358745
1687735996,360526
1687735996,365894
1687735996,366424
1687735996,369397
1687735996,372464
1687735996,380774
1687735996,385211
1687735996,388712
1687735996,403503
1687735996,406368
1687735996,406515
1687735996,410693
1687735996,435359
1687735996,435836
1687735996,442324
1687735996,450993
1687735996,467105
1687735996,469705
1687735996,486759
1687735996,507584
1687735996,509059
1687735996,511465
1687735996,511484
1687735996,533116
1687735996,540646
1687735996,554275
1687735996,559217
1687735996,573325
1687735996,575501
1687735996,592024
1687735996,603961
1687735996,606709
1687735996,609740
1687735996,615498
1687735996,618641
1687735996,623640
1687735996,633120
1687735996,641075
1687735996,653885
1687735996,657850
1687735996,662121
1687735996,665643
1687735996,670426
1687735996,672759
1687735996,675205
1687735996,682452
1687735996,683621
1687735996,691487
1687735997,361337
1687735997,364748
1687735997,365480
1687735997,369198
1687735997,371444
1687735997,372752
1687735997,375482
1687735997,381230
1687735997,383797
1687735997,385715
1687735997,395044
1687735997,404177
1687735997,404478
1687735997,407341
1687735997,414409
1687735997,415286
1687735997,422804
1687735997,422875
1687735997,429393
1687735997,436143
1687735997,441899
1687735997,454446
1687735997,461516
1687735997,463014
1687735997,470436
1687735997,470972
1687735997,480951
1687735997,495330
1687735997,511980
1687735997,518132
1687735997,534776
1687735997,540730
1687735997,543822
1687735997,549841
1687735997,566484
1687735997,567804
1687735997,570563
1687735997,574697
1687735997,580463
1687735997,597462
1687735997,598851
1687735997,611622
1687735997,624820
1687735997,633655
1687735997,636443
1687735997,637948
1687735997,650894
1687735997,653583
1687735997,656372
1687735997,661897
1687735997,662594
1687735997,678524
1687735997,679107
1687735997,682949
1687735997,689405
1687735997,689450
1687735997,689751
1687735998,352372
1687735998,357212
1687735998,363868
1687735998,364415
1687735998,366794
1687735998,367759
1687735998,368085
1687735998,372879
1687735998,380457
1687735998,383629
1687735998,384340
1687735998,401995
1687735998,412966
1687735998,418487
1687735998,426725
1687735998,436681
1687735998,441339
1687735998,462464
1687735998,464373
1687735998,484211
1687735998,507677
1687735998,520816
1687735998,528156
1687735998,529840
1687735998,538296
1687735998,545726
1687735998,560397
1687735998,563196
1687735998,568561
1687735998,570150
1687735998,586080
1687735998,592466
1687735998,608389
1687735998,630099
1687735998,630753
1687735998,636075
1687735998,645914
1687735998,658314
1687735998,672072
1687735998,674977
1687735998,677029
1687735998,682464
1687735998,691487
1687735998,692216
1687735998,693132
1687735998,693298
1687735998,694912
1687735999,362966
1687735999,363922
1687735999,367779
1687735999,373681
1687735999,375560
1687735999,377146
1687735999,382334
1687735999,383251
1687735999,386391
1687735999,388050
1687735999,394004
1687735999,399051
1687735999,403236
1687735999,415475
1687735999,427176
1687735999,443909
1687735999,455244
1687735999,458375
1687735999,458760
1687735999,479792
1687735999,483674
1687735999,485095
1687735999,489934
1687735999,491272
1687735999,512885
1687735999,522384
1687735999,523285
1687735999,550405
1687735999,556902
1687735999,558193
1687735999,585226
1687735999,585374
1687735999,585795
1687735999,590090
1687735999,591002
1687735999,595059
1687735999,596590
1687735999,615288
1687735999,616868
1687735999,620858
1687735999,621438
1687735999,636534
1687735999,638316
1687735999,640580
1687735999,661218
1687735999,662596
1687735999,669601
1687735999,675302
1687735999,677679
1687735999,678761
1687735999,678907
1687735999,680035
1687735999,684560
1687735999,688025
1687735999,690062
1687735999,692490
1687736000,353024
1687736000,360960
1687736000,365295
1687736000,365642
1687736000,367675
1687736000,372682
1687736000,374038
1687736000,390732
1687736000,394163
1687736000,395116
1687736000,395700
1687736000,398437
1687736000,402262
1687736000,413517
1687736000,416167
1687736000,452284
1687736000,457507
1687736000,458378
1687736000,482539
1687736000,486500
1687736000,490342
1687736000,497163
1687736000,504370
1687736000,518519
1687736000,518918
1687736000,519703
1687736000,546028
1687736000,547154
1687736000,561684
1687736000,563656
1687736000,594828
1687736000,604382
1687736000,606994
1687736000,617752
1687736000,618643
1687736000,619846
1687736000,633142
1687736000,645477
1687736000,651387
1687736000,652645
1687736000,663077
1687736000,663225
1687736000,665433
1687736000,670012
1687736000,681451
1687736000,682010
1687736000,682375
1687736000,683365
1687736000,683417
1687736000,684684
1687736000,685287
1687736000,687099
1687736000,688545
1687736001,359997
1687736001,363576
1687736001,363656
1687736001,371707
1687736001,372600
1687736001,377987
1687736001,378604
1687736001,382895
1687736001,396204
1687736001,408809
1687736001,414522
1687736001,422647
1687736001,431699
1687736001,432838
1687736001,442839
1687736001,448390
1687736001,456799
1687736001,458886
1687736001,479039
1687736001,482193
1687736001,498780
1687736001,507933
1687736001,518095
1687736001,526216
1687736001,533208
1687736001,564982
1687736001,568444
1687736001,583742
1687736001,601967
1687736001,611571
1687736001,620399
1687736001,621304
1687736001,623820
1687736001,640816
1687736001,642721
1687736001,650821
1687736001,671311
1687736001,671540
1687736001,672218
1687736001,676589
1687736001,686470
1687736001,689237
1687736001,691274
1687736001,695020
1687736002,358568
1687736002,359582
1687736002,362965
1687736002,367163
1687736002,371451
1687736002,375476
1687736002,375522
1687736002,378436
1687736002,382792
1687736002,384751
1687736002,391650
1687736002,393081
1687736002,408513
1687736002,410122
1687736002,418048
1687736002,432290
1687736002,436324
1687736002,468125
1687736002,473178
1687736002,477889
1687736002,479429
1687736002,495849
1687736002,506901
1687736002,509878
1687736002,519098
1687736002,537933
1687736002,539934
1687736002,542483
1687736002,564308
1687736002,572000
1687736002,580019
1687736002,583522
1687736002,583608
1687736002,593155
1687736002,598150
1687736002,609693
1687736002,618502
1687736002,627864
1687736002,631452
1687736002,642822
1687736002,647668
1687736002,657439
1687736002,659496
1687736002,667543
1687736002,668258
1687736002,669359
1687736002,682010
1687736002,687756
1687736002,690282
1687736003,360410
1687736003,365943
1687736003,366948
1687736003,369496
1687736003,370914
1687736003,375399
1687736003,381251
1687736003,394713
1687736003,398694
1687736003,407565
1687736003,407672
1687736003,407944
1687736003,432493
1687736003,433713
1687736003,456968
1687736003,492040
1687736003,500188
1687736003,502535
1687736003,502804
1687736003,507169
1687736003,509342
1687736003,529749
1687736003,534153
1687736003,534948
1687736003,536888
1687736003,538226
1687736003,544041
1687736003,570414
1687736003,575448
1687736003,581711
1687736003,605166
1687736003,606843
1687736003,607861
1687736003,635652
1687736003,637189
1687736003,641748
1687736003,653158
1687736003,656876
1687736003,658396
1687736003,666249
1687736003,672940
1687736003,676703
1687736003,677645
1687736003,678239
1687736003,678347
1687736003,683377
1687736003,690719
1687736003,694571
1687736004,350215
1687736004,363197
1687736004,363438
1687736004,364275
1687736004,365100
1687736004,367427
1687736004,367917
1687736004,372518
1687736004,373523
1687736004,376220
1687736004,382861
1687736004,385038
1687736004,406903
1687736004,416981
1687736004,426725
1687736004,430846
1687736004,435815
1687736004,444656
1687736004,449497
1687736004,454397
1687736004,458596
1687736004,462334
1687736004,471545
1687736004,530692
1687736004,550283
1687736004,551615
1687736004,558277
1687736004,562106
1687736004,577133
1687736004,583382
1687736004,605368
1687736004,607989
1687736004,631241
1687736004,632271
1687736004,639772
1687736004,644414
1687736004,651960
1687736004,652259
1687736004,655776
1687736004,663706
1687736004,681946
1687736004,687252
1687736004,691470
1687736005,360110
1687736005,363077
1687736005,363524
1687736005,365248
1687736005,374567
1687736005,375271
1687736005,377085
1687736005,378371
1687736005,381689
1687736005,387164
1687736005,395302
1687736005,416829
1687736005,427343
1687736005,429806
1687736005,441744
1687736005,449761
1687736005,450145
1687736005,453108
1687736005,455518
1687736005,476006
1687736005,484611
1687736005,487533
1687736005,511732
1687736005,513598
1687736005,516199
1687736005,550894
1687736005,556798
1687736005,558628
1687736005,593496
1687736005,594026
1687736005,599230
1687736005,615034
1687736005,616256
1687736005,636777
1687736005,642452
1687736005,657864
1687736005,660949
1687736005,661033
1687736005,661125
1687736005,667361
1687736005,668125
1687736005,677058
1687736005,678961
1687736005,681459
1687736005,684752
1687736005,685486
1687736005,689302
1687736005,696673
1687736006,349810
1687736006,357874
1687736006,358632
1687736006,362479
1687736006,363591
1687736006,369385
1687736006,377183
1687736006,381406
1687736006,382132
1687736006,382587
1687736006,384601
1687736006,394038
1687736006,421354
1687736006,422823
1687736006,427033
1687736006,443703
1687736006,450492
1687736006,474828
1687736006,479136
1687736006,485990
1687736006,489559
1687736006,521042
1687736006,525644
1687736006,527315
1687736006,527750
1687736006,532622
1687736006,553399
1687736006,555984
1687736006,558002
1687736006,576937
1687736006,582249
1687736006,587658
1687736006,613540
1687736006,620968
1687736006,621868
1687736006,628765
1687736006,629389
1687736006,631953
1687736006,654733
1687736006,655595
1687736006,665288
1687736006,679869
1687736006,681172
1687736006,682405
1687736006,684689
1687736006,701609
1687736007,359308
1687736007,363380
1687736007,369136
1687736007,371785
1687736007,374428
1687736007,374675
1687736007,376158
1687736007,376269
1687736007,382099
1687736007,387108
1687736007,390333
1687736007,393236
1687736007,394429
1687736007,396202
1687736007,396433
1687736007,406146
1687736007,427778
1687736007,435412
1687736007,448440
1687736007,450289
1687736007,474957
1687736007,484764
1687736007,486372
1687736007,487694
1687736007,508298
1687736007,510921
1687736007,531312
1687736007,541844
1687736007,553645
1687736007,566766
1687736007,576923
1687736007,589189
1687736007,592943
1687736007,594769
1687736007,616684
1687736007,625855
1687736007,637975
1687736007,641390
1687736007,648670
1687736007,649049
1687736007,650551
1687736007,652375
1687736007,665826
1687736007,666170
1687736007,670758
1687736007,671473
1687736007,672254
1687736007,674172
1687736007,678127
1687736007,678844
1687736007,679838
1687736007,684236
1687736007,686184
1687736007,688016
1687736008,344495
1687736008,362845
1687736008,365876
1687736008,368516
1687736008,368660
1687736008,369735
1687736008,370238
1687736008,372154
1687736008,374082
1687736008,382690
1687736008,384423
1687736008,392846
1687736008,399903
1687736008,400772
1687736008,402599
1687736008,410210
1687736008,422313
1687736008,442404
1687736008,447430
1687736008,450738
1687736008,462563
1687736008,469200
1687736008,478224
1687736008,496980
1687736008,500527
1687736008,503240
1687736008,526816
1687736008,551360
1687736008,551426
1687736008,552182
1687736008,569707
1687736008,581219
1687736008,597075
1687736008,601601
1687736008,603891
1687736008,605794
1687736008,607896
1687736008,610591
1687736008,621278
1687736008,641335
1687736008,648966
1687736008,661740
1687736008,672685
1687736008,675085
1687736008,679897
1687736008,683291
1687736008,689890
1687736008,692157
1687736009,358672
1687736009,361767
1687736009,361962
1687736009,366379
1687736009,367280
1687736009,374898
1687736009,378730
1687736009,383821
1687736009,386518
1687736009,389025
1687736009,399654
1687736009,406618
1687736009,407910
1687736009,409403
1687736009,414023
1687736009,430742
1687736009,439368
1687736009,460142
1687736009,464695
1687736009,468894
1687736009,474800
1687736009,484209
1687736009,499638
1687736009,506281
1687736009,510994
1687736009,531312
1687736009,541651
1687736009,553458
1687736009,564191
1687736009,575472
1687736009,575729
1687736009,587835
1687736009,604742
1687736009,607992
1687736009,615306
1687736009,633465
1687736009,638375
1687736009,651814
1687736009,655430
1687736009,660146
1687736009,665827
1687736009,666521
1687736009,667003
1687736009,668501
1687736009,676943
1687736009,680092
1687736009,680336
1687736009,680813
1687736009,686805
1687736009,688034
1687736009,688548
1687736010,353422
1687736010,354482
1687736010,360465
1687736010,363440
1687736010,363525
1687736010,367785
1687736010,368206
1687736010,369622
1687736010,376481
1687736010,377071
1687736010,381922
1687736010,384674
1687736010,386368
1687736010,389066
1687736010,407221
1687736010,409491
1687736010,413799
1687736010,422443
1687736010,425103
1687736010,429010
1687736010,430285
1687736010,432194
1687736010,432912
1687736010,438230
1687736010,465513
1687736010,466330
1687736010,472918
1687736010,478059
1687736010,502517
1687736010,503446
1687736010,514098
1687736010,526794
1687736010,529406
1687736010,535076
1687736010,543128
1687736010,574258
1687736010,579712
1687736010,582802
1687736010,604200
1687736010,605298
1687736010,623770
1687736010,629932
1687736010,634397
1687736010,643765
1687736010,654552
1687736010,660486
1687736010,661548
1687736010,673177
1687736010,676430
1687736010,685021
1687736010,685196
1687736010,692819
1687736010,697565
1687736011,344591
1687736011,362125
1687736011,367519
1687736011,368096
1687736011,369791
1687736011,371135
1687736011,372774
1687736011,373352
1687736011,384084
1687736011,384507
1687736011,393577
1687736011,401279
1687736011,412919
1687736011,416009
1687736011,429086
1687736011,439490
1687736011,455258
1687736011,455945
1687736011,460083
1687736011,464120
1687736011,473048
1687736011,481428
1687736011,484332
1687736011,495903
1687736011,509086
1687736011,515698
1687736011,526578
1687736011,533485
1687736011,543590
1687736011,546693
1687736011,562160
1687736011,586481
1687736011,589846
1687736011,596027
1687736011,598140
1687736011,610614
1687736011,615771
1687736011,630071
1687736011,633083
1687736011,634242
1687736011,635564
1687736011,643911
1687736011,655801
1687736011,658424
1687736011,663426
1687736011,674495
1687736011,676693
1687736011,677312
1687736011,677888
1687736011,678635
1687736011,679825
1687736011,689023
1687736011,691088
1687736011,698055
1687736012,362501
1687736012,365875
1687736012,370896
1687736012,382109
1687736012,394520
1687736012,399574
1687736012,400001
1687736012,402319
1687736012,426782
1687736012,449642
1687736012,453207
1687736012,478122
1687736012,492323
1687736012,492501
1687736012,495346
1687736012,502306
1687736012,516011
1687736012,526702
1687736012,554030
1687736012,555339
1687736012,555834
1687736012,558961
1687736012,563013
1687736012,569825
1687736012,582623
1687736012,600040
1687736012,602880
1687736012,612329
1687736012,620512
1687736012,628533
1687736012,637586
1687736012,642436
1687736012,646630
1687736012,652190
1687736012,657975
1687736012,680674
1687736012,682584
1687736012,685695
1687736012,688229
1687736013,365128
1687736013,367449
1687736013,367989
1687736013,368855
1687736013,370857
1687736013,376704
1687736013,376867
1687736013,379247
1687736013,380402
1687736013,382901
1687736013,390061
1687736013,392158
1687736013,393272
1687736013,411951
1687736013,416864
1687736013,421811
1687736013,421909
1687736013,424548
1687736013,431703
1687736013,450314
1687736013,451548
1687736013,452694
1687736013,456602
1687736013,477294
1687736013,485161
1687736013,491717
1687736013,509896
1687736013,511242
1687736013,516848
1687736013,517632
1687736013,530699
1687736013,548180
1687736013,554633
1687736013,560481
1687736013,563976
1687736013,589059
1687736013,591277
1687736013,593159
1687736013,615893
1687736013,619184
1687736013,620796
1687736013,622124
1687736013,647796
1687736013,648287
1687736013,654629
1687736013,655977
1687736013,660421
1687736013,666579
1687736013,671811
1687736013,671836
1687736013,683287
1687736013,684342
1687736013,684357
1687736013,686494
1687736013,688681
1687736013,693845
1687736013,698000
1687736014,350799
1687736014,353650
1687736014,356078
1687736014,363949
1687736014,371926
1687736014,376827
1687736014,378267
1687736014,394903
1687736014,394925
1687736014,403301
1687736014,407405
1687736014,412817
1687736014,415430
1687736014,420040
1687736014,429604
1687736014,446418
1687736014,468514
1687736014,483135
1687736014,483575
1687736014,493702
1687736014,495541
1687736014,513976
1687736014,514164
1687736014,527177
1687736014,535489
1687736014,551264
1687736014,570642
1687736014,573486
1687736014,581241
1687736014,583269
1687736014,583378
1687736014,597379
1687736014,611329
1687736014,613530
1687736014,619725
1687736014,625341
1687736014,626955
1687736014,634170
1687736014,643672
1687736014,644144
1687736014,658204
1687736014,663718
1687736014,667227
1687736014,675888
1687736014,679718
1687736014,683984
1687736014,689077
1687736014,689892
1687736014,691099
1687736015,366002
1687736015,368042
1687736015,369402
1687736015,370091
1687736015,370470
1687736015,370984
1687736015,371365
1687736015,372276
1687736015,375357
1687736015,377213
1687736015,389382
1687736015,390358
1687736015,392524
1687736015,412457
1687736015,426407
1687736015,428332
1687736015,432456
1687736015,436323
1687736015,439190
1687736015,442459
1687736015,467148
1687736015,468746
1687736015,477325
1687736015,493827
1687736015,495122
1687736015,508814
1687736015,511006
1687736015,536173
1687736015,536265
1687736015,537153
1687736015,541666
1687736015,542480
1687736015,565912
1687736015,568113
1687736015,568683
1687736015,577362
1687736015,580128
1687736015,601653
1687736015,604928
1687736015,612329
1687736015,632336
1687736015,641826
1687736015,643199
1687736015,649141
1687736015,656775
1687736015,665767
1687736015,668050
1687736015,672914
1687736015,674345
1687736015,678042
1687736015,682354
1687736015,683037
1687736015,687575
1687736015,695283
1687736016,354629
1687736016,358385
1687736016,361772
1687736016,364912
1687736016,367258
1687736016,367623
1687736016,370166
1687736016,371782
1687736016,373208
1687736016,381653
1687736016,384068
1687736016,402144
1687736016,405851
1687736016,408346
1687736016,409392
1687736016,413481
1687736016,437510
1687736016,441245
1687736016,444315
1687736016,453293
1687736016,467418
1687736016,469166
1687736016,489027
1687736016,502436
1687736016,509230
1687736016,509322
1687736016,509703
1687736016,511138
1687736016,535294
1687736016,538855
1687736016,556401
1687736016,557074
1687736016,573634
1687736016,575427
1687736016,604605
1687736016,605517
1687736016,605919
1687736016,607977
1687736016,616662
1687736016,625105
1687736016,630071
1687736016,634464
1687736016,642254
1687736016,655458
1687736016,656435
1687736016,663082
1687736016,664351
1687736016,664545
1687736016,671387
1687736016,674598
1687736016,675994
1687736016,681788
1687736016,684063
1687736016,691974
1687736017,361280
1687736017,365010
1687736017,365557
1687736017,369417
1687736017,371014
1687736017,374567
1687736017,375962
1687736017,381764
1687736017,382565
1687736017,386606
1687736017,396208
1687736017,403055
1687736017,405919
1687736017,409166
1687736017,412895
1687736017,420952
1687736017,424755
1687736017,427640
1687736017,452284
1687736017,460781
1687736017,472530
1687736017,482918
1687736017,493277
1687736017,532758
1687736017,542931
1687736017,552190
1687736017,564467
1687736017,568441
1687736017,576786
1687736017,582442
1687736017,587835
1687736017,595380
1687736017,596956
1687736017,613107
1687736017,626449
1687736017,634869
1687736017,635143
1687736017,635896
1687736017,652262
1687736017,654549
1687736017,657881
1687736017,660413
1687736017,661101
1687736017,677553
1687736017,679802
1687736017,684472
1687736017,688706
1687736017,688925
1687736017,689861
1687736018,352889
1687736018,357118
1687736018,362978
1687736018,364655
1687736018,366192
1687736018,367521
1687736018,373725
1687736018,379357
1687736018,385846
1687736018,414774
1687736018,420387
1687736018,424752
1687736018,434987
1687736018,443403
1687736018,444059
1687736018,446109
1687736018,456841
1687736018,460354
1687736018,462455
1687736018,486217
1687736018,493191
1687736018,509784
1687736018,522708
1687736018,527966
1687736018,530205
1687736018,536506
1687736018,547825
1687736018,558540
1687736018,558813
1687736018,560984
1687736018,572277
1687736018,590374
1687736018,598216
1687736018,616856
1687736018,628392
1687736018,628822
1687736018,637472
1687736018,647101
1687736018,659364
1687736018,659576
1687736018,670872
1687736018,676095
1687736018,676454
1687736018,680860
1687736018,682253
1687736018,692192
1687736018,692598
1687736018,693892
1687736018,694944
1687736019,363114
1687736019,364115
1687736019,365237
1687736019,369115
1687736019,372768
1687736019,373323
1687736019,376203
1687736019,376382
1687736019,382294
1687736019,383183
1687736019,385238
1687736019,389074
1687736019,394734
1687736019,397799
1687736019,404868
1687736019,417492
1687736019,425426
1687736019,453025
1687736019,460395
1687736019,477676
1687736019,481749
1687736019,487272
1687736019,487794
1687736019,488906
1687736019,506516
1687736019,515082
1687736019,520611
1687736019,525381
1687736019,540829
1687736019,552518
1687736019,556249
1687736019,583171
1687736019,583347
1687736019,592899
1687736019,593174
1687736019,618385
1687736019,618940
1687736019,619523
1687736019,637655
1687736019,639548
1687736019,641994
1687736019,654241
1687736019,663845
1687736019,670336
1687736019,674298
1687736019,676546
1687736019,677987
1687736019,685473
1687736019,686836
1687736019,690384
1687736019,692633
1687736020,352895
1687736020,360413
1687736020,363778
1687736020,366080
1687736020,371893
1687736020,391600
1687736020,392572
1687736020,394568
1687736020,396535
1687736020,400154
1687736020,400694
1687736020,412097
1687736020,412655
1687736020,418105
1687736020,450331
1687736020,456332
1687736020,459748
1687736020,484306
1687736020,484578
1687736020,492268
1687736020,499190
1687736020,516721
1687736020,520322
1687736020,521823
1687736020,559653
1687736020,565586
1687736020,566495
1687736020,596620
1687736020,605065
1687736020,606003
1687736020,615708
1687736020,620323
1687736020,621238
1687736020,649726
1687736020,651260
1687736020,664514
1687736020,666863
1687736020,670682
1687736020,681701
1687736020,682153
1687736020,682913
1687736020,683089
1687736020,684411
1687736020,684500
1687736020,687593
1687736021,359720
1687736021,363413
1687736021,372373
1687736021,373361
1687736021,374183
1687736021,376949
1687736021,378224
1687736021,381897
1687736021,383189
1687736021,384539
1687736021,406987
1687736021,413158
1687736021,424154
1687736021,433714
1687736021,434845
1687736021,439836
1687736021,446345
1687736021,454598
1687736021,458983
1687736021,461062
1687736021,461422
1687736021,471564
1687736021,479966
1687736021,481120
1687736021,500979
1687736021,505743
1687736021,515840
1687736021,528348
1687736021,535325
1687736021,566510
1687736021,567350
1687736021,581646
1687736021,598641
1687736021,603652
1687736021,609497
1687736021,618414
1687736021,622694
1687736021,625297
1687736021,639365
1687736021,640717
1687736021,651668
1687736021,662260
1687736021,670664
1687736021,672215
1687736021,673461
1687736021,677225
1687736021,686967
1687736021,687667
1687736021,688804
1687736021,694326
1687736022,357892
1687736022,359811
1687736022,363172
1687736022,365098
1687736022,366901
1687736022,370638
1687736022,376519
1687736022,376928
1687736022,379730
1687736022,380696
1687736022,383348
1687736022,383679
1687736022,390535
1687736022,391882
1687736022,397845
1687736022,402289
1687736022,406454
1687736022,434280
1687736022,434322
1687736022,470180
1687736022,475145
1687736022,475790
1687736022,477377
1687736022,486572
1687736022,497831
1687736022,504659
1687736022,507844
1687736022,521239
1687736022,536064
1687736022,540412
1687736022,542189
1687736022,573966
1687736022,578053
1687736022,581574
1687736022,585468
1687736022,591037
1687736022,592622
1687736022,599808
1687736022,607694
1687736022,620020
1687736022,629427
1687736022,629462
1687736022,640760
1687736022,649010
1687736022,658937
1687736022,660643
1687736022,666463
1687736022,667070
1687736022,670230
1687736022,675441
1687736022,677806
1687736022,680954
1687736022,687648
1687736022,689411
1687736022,691010
1687736023,360336
1687736023,367519
1687736023,368473
1687736023,369954
1687736023,370127
1687736023,370603
1687736023,375910
1687736023,382277
1687736023,383596
1687736023,385480
1687736023,389822
1687736023,405937
1687736023,409011
1687736023,409927
1687736023,427113
1687736023,431934
1687736023,434517
1687736023,475238
1687736023,489919
1687736023,500833
1687736023,502214
1687736023,507207
1687736023,509203
1687736023,527648
1687736023,532960
1687736023,539125
1687736023,540442
1687736023,545815
1687736023,568197
1687736023,577353
1687736023,583679
1687736023,593800
1687736023,605842
1687736023,606867
1687736023,608393
1687736023,635183
1687736023,637015
1687736023,654124
1687736023,655567
1687736023,659605
1687736023,664475
1687736023,667411
1687736023,670419
1687736023,672452
1687736023,677602
1687736023,677850
1687736023,678858
1687736023,683537
1687736023,685739
1687736023,691028
1687736023,694715
1687736023,696634
1687736024,350350
1687736024,362979
1687736024,364255
1687736024,365462
1687736024,368349
1687736024,371958
1687736024,373787
1687736024,376745
1687736024,381884
1687736024,386093
1687736024,391968
1687736024,396904
1687736024,405495
1687736024,418091
1687736024,424954
1687736024,429172
1687736024,434522
1687736024,446624
1687736024,451575
1687736024,456466
1687736024,456741
1687736024,459949
1687736024,473670
1687736024,500308
1687736024,516278
1687736024,532075
1687736024,551401
1687736024,552493
1687736024,553700
1687736024,559929
1687736024,560480
1687736024,579085
1687736024,603584
1687736024,606101
1687736024,631180
1687736024,633688
1687736024,641488
1687736024,645660
1687736024,650594
1687736024,653635
1687736024,662069
1687736024,667048
1687736024,673509
1687736024,681783
1687736024,687515
1687736024,691865
1687736025,360715
1687736025,363094
1687736025,365942
1687736025,367208
1687736025,372588
1687736025,374808
1687736025,375496
1687736025,376248
1687736025,378815
1687736025,380690
1687736025,382513
1687736025,388384
1687736025,396229
1687736025,411257
1687736025,427956
1687736025,429275
1687736025,450946
1687736025,451844
1687736025,453300
1687736025,463682
1687736025,478067
1687736025,489334
1687736025,513758
1687736025,515620
1687736025,528749
1687736025,548521
1687736025,554907
1687736025,561017
1687736025,584588
1687736025,585440
1687736025,591866
1687736025,595518
1687736025,617934
1687736025,629249
1687736025,638031
1687736025,644003
1687736025,656214
1687736025,659693
1687736025,661793
1687736025,662233
1687736025,676747
1687736025,679751
1687736025,681529
1687736025,684991
1687736025,689625
1687736026,350651
1687736026,356732
1687736026,362898
1687736026,363231
1687736026,363763
1687736026,368997
1687736026,376032
1687736026,380350
1687736026,383736
1687736026,393013
1687736026,407881
1687736026,419747
1687736026,423629
1687736026,424932
1687736026,425097
1687736026,434074
1687736026,445870
1687736026,448579
1687736026,463737
1687736026,476967
1687736026,483827
1687736026,491540
1687736026,512198
1687736026,523375
1687736026,525442
1687736026,525455
1687736026,527625
1687736026,534643
1687736026,554196
1687736026,555617
1687736026,560119
1687736026,580169
1687736026,585595
1687736026,615149
1687736026,622427
1687736026,622630
1687736026,623405
1687736026,627506
1687736026,629822
1687736026,630384
1687736026,650783
1687736026,653893
1687736026,664293
1687736026,679892
1687736026,680580
1687736026,683471
1687736026,686670
1687736026,702070
1687736027,359567
1687736027,372121
1687736027,373534
1687736027,375153
1687736027,375569
1687736027,376200
1687736027,385990
1687736027,389020
1687736027,393174
1687736027,394302
1687736027,395244
1687736027,429810
1687736027,440596
1687736027,446285
1687736027,452354
1687736027,472628
1687736027,482643
1687736027,483978
1687736027,489845
1687736027,508541
1687736027,510437
1687736027,533363
1687736027,548323
1687736027,551736
1687736027,569039
1687736027,574564
1687736027,583032
1687736027,587167
1687736027,594799
1687736027,596600
1687736027,609836
1687736027,614992
1687736027,627192
1687736027,641766
1687736027,648959
1687736027,649871
1687736027,650115
1687736027,667020
1687736027,669402
1687736027,671226
1687736027,672523
1687736027,674779
1687736027,676943
1687736027,678578
1687736027,679193
1687736027,684730
1687736027,688050
1687736027,689450
1687736028,344710
1687736028,365824
1687736028,367525
1687736028,368893
1687736028,370675
1687736028,371184
1687736028,385692
1687736028,391488
1687736028,400836
1687736028,401252
1687736028,402523
1687736028,404393
1687736028,408432
1687736028,408651
1687736028,424433
1687736028,445405
1687736028,464673
1687736028,475975
1687736028,498932
1687736028,501197
1687736028,502493
1687736028,507797
1687736028,514402
1687736028,529048
1687736028,541620
1687736028,549135
1687736028,549290
1687736028,571716
1687736028,579055
1687736028,603289
1687736028,603888
1687736028,605751
1687736028,608513
1687736028,609587
1687736028,631621
1687736028,634502
1687736028,647154
1687736028,667810
1687736028,673454
1687736028,676307
1687736028,679155
1687736028,683749
1687736028,688578
1687736028,689249
1687736028,693291
1687736029,359473
1687736029,361198
1687736029,361879
1687736029,363799
1687736029,366925
1687736029,367137
1687736029,372202
1687736029,375497
1687736029,377859
1687736029,384540
1687736029,385090
1687736029,385550
1687736029,390351
1687736029,401263
1687736029,401567
1687736029,404951
1687736029,406319
1687736029,407836
1687736029,412561
1687736029,416536
1687736029,432496
1687736029,441406
1687736029,458021
1687736029,466894
1687736029,472691
1687736029,486232
1687736029,497651
1687736029,504506
1687736029,508403
1687736029,508794
1687736029,533590
1687736029,543691
1687736029,561963
1687736029,572691
1687736029,573491
1687736029,573623
1687736029,589619
1687736029,592065
1687736029,602926
1687736029,609600
1687736029,613161
1687736029,634854
1687736029,636698
1687736029,646829
1687736029,653099
1687736029,657225
1687736029,664487
1687736029,665358
1687736029,667350
1687736029,678091
1687736029,680025
1687736029,680118
1687736029,687342
1687736029,692647
1687736030,353790
1687736030,354203
1687736030,363678
1687736030,364017
1687736030,366936
1687736030,374357
1687736030,376927
1687736030,377991
1687736030,383123
1687736030,383483
1687736030,389746
1687736030,405680
1687736030,423264
1687736030,424391
1687736030,428328
1687736030,430541
1687736030,431251
1687736030,440318
1687736030,464294
1687736030,466264
1687736030,466815
1687736030,474874
1687736030,480057
1687736030,501234
1687736030,527151
1687736030,528821
1687736030,533236
1687736030,545076
1687736030,545392
1687736030,572079
1687736030,581856
1687736030,584934
1687736030,603310
1687736030,605830
1687736030,625485
1687736030,627907
1687736030,632496
1687736030,655636
1687736030,661613
1687736030,662656
1687736030,674332
1687736030,677284
1687736030,677331
1687736030,680984
1687736030,684020
1687736030,684968
1687736030,692531
1687736030,695176
1687736030,697523
1687736031,361819
1687736031,367308
1687736031,367356
1687736031,368354
1687736031,369152
1687736031,372354
1687736031,379270
1687736031,385161
1687736031,385655
1687736031,392243
1687736031,397868
1687736031,398024
1687736031,399818
1687736031,414389
1687736031,417992
1687736031,427187
1687736031,441571
1687736031,453822
1687736031,457388
1687736031,462281
1687736031,482416
1687736031,483500
1687736031,493867
1687736031,511005
1687736031,517669
1687736031,524798
1687736031,531424
1687736031,548738
1687736031,560233
1687736031,587646
1687736031,588331
1687736031,594034
1687736031,596319
1687736031,612101
1687736031,617277
1687736031,627998
1687736031,633651
1687736031,635614
1687736031,657271
1687736031,664701
1687736031,673294
1687736031,676133
1687736031,676715
1687736031,678707
1687736031,678723
1687736031,680708
1687736031,688529
1687736031,689177
1687736031,690654
1687736031,698522
1687736032,344710
1687736032,362379
1687736032,365745
1687736032,367970
1687736032,370470
1687736032,376445
1687736032,382645
1687736032,395757
1687736032,400859
1687736032,401569
1687736032,408415
1687736032,414606
1687736032,425186
1687736032,448284
1687736032,450777
1687736032,451636
1687736032,452223
1687736032,480383
1687736032,490183
1687736032,518186
1687736032,524669
1687736032,553448
1687736032,556332
1687736032,557224
1687736032,557967
1687736032,564035
1687736032,565055
1687736032,567975
1687736032,584505
1687736032,597790
1687736032,604444
1687736032,610392
1687736032,618403
1687736032,626438
1687736032,639015
1687736032,645159
1687736032,647856
1687736032,650544
1687736032,654182
1687736032,659229
1687736032,681238
1687736032,683237
1687736032,685132
1687736033,356550
1687736033,365472
1687736033,367035
1687736033,368752
1687736033,371784
1687736033,373465
1687736033,376026
1687736033,377354
1687736033,378259
1687736033,379158
1687736033,384033
1687736033,388813
1687736033,393758
1687736033,410388
1687736033,418589
1687736033,420108
1687736033,426594
1687736033,433800
1687736033,438388
1687736033,448339
1687736033,449497
1687736033,454948
1687736033,458619
1687736033,479308
1687736033,482909
1687736033,493567
1687736033,508928
1687736033,511943
1687736033,514815
1687736033,515446
1687736033,522523
1687736033,532567
1687736033,546245
1687736033,552725
1687736033,566093
1687736033,586972
1687736033,593103
1687736033,595040
1687736033,602976
1687736033,617444
1687736033,618838
1687736033,620668
1687736033,623293
1687736033,643658
1687736033,646627
1687736033,649106
1687736033,652800
1687736033,654402
1687736033,661514
1687736033,667766
1687736033,670727
1687736033,671113
1687736033,684013
1687736033,684032
1687736033,684225
1687736033,686050
1687736033,689547
1687736033,694183
1687736033,698079
1687736034,350151
1687736034,354391
1687736034,358795
1687736034,362976
1687736034,363489
1687736034,370128
1687736034,371176
1687736034,377353
1687736034,379612
1687736034,382853
1687736034,389321
1687736034,393633
1687736034,396315
1687736034,413642
1687736034,414698
1687736034,418453
1687736034,431682
1687736034,444131
1687736034,463401
1687736034,470457
1687736034,480925
1687736034,481095
1687736034,495681
1687736034,497720
1687736034,512290
1687736034,529408
1687736034,537738
1687736034,549314
1687736034,562617
1687736034,571249
1687736034,579130
1687736034,581339
1687736034,585445
1687736034,590656
1687736034,599118
1687736034,611569
1687736034,612770
1687736034,617614
1687736034,627132
1687736034,628553
1687736034,632141
1687736034,641709
1687736034,645459
1687736034,659303
1687736034,662894
1687736034,668227
1687736034,676168
1687736034,676428
1687736034,680364
1687736034,684426
1687736034,687597
1687736034,689542
1687736034,689852
1687736034,690504
1687736035,363958
1687736035,365527
1687736035,367560
1687736035,368228
1687736035,369897
1687736035,370351
1687736035,370617
1687736035,371300
1687736035,372941
1687736035,375658
1687736035,378112
1687736035,384366
1687736035,388072
1687736035,391050
1687736035,391472
1687736035,413942
1687736035,424926
1687736035,430267
1687736035,434569
1687736035,437364
1687736035,440643
1687736035,465125
1687736035,470876
1687736035,475112
1687736035,491826
1687736035,497088
1687736035,506994
1687736035,508883
1687736035,510672
1687736035,534166
1687736035,534366
1687736035,537009
1687736035,538810
1687736035,539189
1687736035,539562
1687736035,540410
1687736035,570238
1687736035,570744
1687736035,578041
1687736035,579439
1687736035,595502
1687736035,603290
1687736035,606248
1687736035,606451
1687736035,610278
1687736035,632462
1687736035,633785
1687736035,639767
1687736035,641669
1687736035,650177
1687736035,658194
1687736035,664385
1687736035,669392
1687736035,671286
1687736035,681906
1687736035,681986
1687736035,684147
1687736035,687573
1687736035,696032
1687736036,358015
1687736036,363044
1687736036,368107
1687736036,370977
1687736036,371135
1687736036,382583
1687736036,382933
1687736036,400825
1687736036,407175
1687736036,408091
1687736036,439649
1687736036,446318
1687736036,455542
1687736036,465163
1687736036,471240
1687736036,491319
1687736036,501744
1687736036,504446
1687736036,507171
1687736036,511798
1687736036,513182
1687736036,530758
1687736036,537494
1687736036,542031
1687736036,547813
1687736036,554940
1687736036,558539
1687736036,571807
1687736036,577497
1687736036,593332
1687736036,599869
1687736036,602490
1687736036,607046
1687736036,607706
1687736036,614559
1687736036,614695
1687736036,626549
1687736036,639967
1687736036,643385
1687736036,654968
1687736036,656994
1687736036,663049
1687736036,664078
1687736036,672311
1687736036,673981
1687736036,675943
1687736036,676883
1687736036,681141
1687736036,684952
1687736036,692384
1687736037,361292
1687736037,365297
1687736037,365684
1687736037,368411
1687736037,369654
1687736037,370633
1687736037,373657
1687736037,381390
1687736037,382359
1687736037,387396
1687736037,387478
1687736037,397425
1687736037,401656
1687736037,402893
1687736037,407723
1687736037,410201
1687736037,411013
1687736037,411396
1687736037,419100
1687736037,425934
1687736037,426665
1687736037,450125
1687736037,458580
1687736037,465839
1687736037,474606
1687736037,484865
1687736037,491239
1687736037,545129
1687736037,554520
1687736037,562461
1687736037,566322
1687736037,578856
1687736037,584433
1687736037,595073
1687736037,628063
1687736037,636633
1687736037,653647
1687736037,655493
1687736037,657844
1687736037,658898
1687736037,659382
1687736037,659563
1687736037,676624
1687736037,680441
1687736037,685987
1687736037,687832
1687736037,688420
1687736037,689920
1687736038,353469
1687736038,357111
1687736038,360204
1687736038,364961
1687736038,365633
1687736038,366699
1687736038,366993
1687736038,374557
1687736038,376091
1687736038,378262
1687736038,381413
1687736038,396594
1687736038,416586
1687736038,422300
1687736038,422825
1687736038,433291
1687736038,437969
1687736038,445473
1687736038,446216
1687736038,448333
1687736038,458229
1687736038,460531
1687736038,469657
1687736038,479091
1687736038,488221
1687736038,491048
1687736038,511909
1687736038,524640
1687736038,526110
1687736038,532273
1687736038,534691
1687736038,549946
1687736038,556701
1687736038,558750
1687736038,586525
1687736038,588261
1687736038,589560
1687736038,623691
1687736038,626705
1687736038,626854
1687736038,638848
1687736038,648310
1687736038,660412
1687736038,666568
1687736038,669634
1687736038,671039
1687736038,675837
1687736038,677207
1687736038,681709
1687736038,681993
1687736038,686317
1687736038,691656
1687736038,692007
1687736038,692098
1687736038,694452
1687736038,694948
1687736039,354323
1687736039,363254
1687736039,364312
1687736039,365197
1687736039,367729
1687736039,369044
1687736039,370508
1687736039,372970
1687736039,375289
1687736039,377227
1687736039,381407
1687736039,382993
1687736039,384055
1687736039,390143
1687736039,394839
1687736039,395543
1687736039,406539
1687736039,415979
1687736039,419548
1687736039,423644
1687736039,423676
1687736039,450825
1687736039,454983
1687736039,462395
1687736039,475546
1687736039,479921
1687736039,485607
1687736039,486565
1687736039,489411
1687736039,490127
1687736039,504422
1687736039,508695
1687736039,518787
1687736039,527493
1687736039,527513
1687736039,549315
1687736039,554295
1687736039,554637
1687736039,557657
1687736039,580881
1687736039,580978
1687736039,591229
1687736039,594715
1687736039,616987
1687736039,617629
1687736039,618410
1687736039,619929
1687736039,638776
1687736039,639266
1687736039,640784
1687736039,643369
1687736039,665131
1687736039,665155
1687736039,671061
1687736039,673239
1687736039,676996
1687736039,685655
1687736039,690696
1687736039,692713
1687736040,352814
1687736040,359881
1687736040,364194
1687736040,366545
1687736040,371139
1687736040,373455
1687736040,375924
1687736040,382649
1687736040,384127
1687736040,391011
1687736040,392404
1687736040,393452
1687736040,397977
1687736040,399136
1687736040,400550
1687736040,401901
1687736040,410754
1687736040,420058
1687736040,448416
1687736040,454311
1687736040,455604
1687736040,462009
1687736040,477745
1687736040,482084
1687736040,486611
1687736040,488505
1687736040,494212
1687736040,501212
1687736040,510300
1687736040,514933
1687736040,523961
1687736040,562333
1687736040,564589
1687736040,567522
1687736040,574350
1687736040,580829
1687736040,598418
1687736040,600177
1687736040,603166
1687736040,607652
1687736040,613683
1687736040,622039
1687736040,622618
1687736040,648042
1687736040,649711
1687736040,649836
1687736040,665948
1687736040,671316
1687736040,672192
1687736040,675340
1687736040,681915
1687736040,681934
1687736040,683690
1687736040,683775
1687736040,685407
1687736040,688037
1687736040,690316
1687736040,693242
1687736041,359499
1687736041,363270
1687736041,371909
1687736041,373071
1687736041,374264
1687736041,377404
1687736041,377892
1687736041,383720
1687736041,386265
1687736041,399511
1687736041,405202
1687736041,407234
1687736041,411818
1687736041,415041
1687736041,425727
1687736041,431015
1687736041,432315
1687736041,435751
1687736041,436878
1687736041,444319
1687736041,445211
1687736041,461154
1687736041,463250
1687736041,483194
1687736041,503169
1687736041,503524
1687736041,513600
1687736041,530470
1687736041,537463
1687736041,553929
1687736041,568707
1687736041,569704
1687736041,579522
1687736041,605312
1687736041,616399
1687736041,624080
1687736041,626757
1687736041,637886
1687736041,646099
1687736041,650371
1687736041,652466
1687736041,662714
1687736041,662767
1687736041,669725
1687736041,673098
1687736041,674675
1687736041,677819
1687736041,682706
1687736041,687432
1687736041,688314
1687736041,693598
1687736042,357240
1687736042,360091
1687736042,363423
1687736042,364256
1687736042,366711
1687736042,369865
1687736042,372429
1687736042,377585
1687736042,381048
1687736042,382005
1687736042,384573
1687736042,389458
1687736042,390682
1687736042,398253
1687736042,404438
1687736042,432396
1687736042,436294
1687736042,472242
1687736042,473648
1687736042,475376
1687736042,477094
1687736042,499801
1687736042,505787
1687736042,514445
1687736042,523372
1687736042,534201
1687736042,535347
1687736042,538352
1687736042,544468
1687736042,575898
1687736042,576038
1687736042,579569
1687736042,587407
1687736042,588837
1687736042,601432
1687736042,605706
1687736042,621534
1687736042,627437
1687736042,630992
1687736042,638661
1687736042,660416
1687736042,661716
1687736042,665343
1687736042,665802
1687736042,676953
1687736042,678927
1687736042,687523
1687736042,688464
1687736042,690717
1687736043,360366
1687736043,368087
1687736043,369395
1687736043,370421
1687736043,371455
1687736043,371621
1687736043,376378
1687736043,383398
1687736043,404320
1687736043,410366
1687736043,411946
1687736043,425254
1687736043,430164
1687736043,436571
1687736043,459073
1687736043,477457
1687736043,487791
1687736043,498861
1687736043,504250
1687736043,505045
1687736043,511212
1687736043,525488
1687736043,530968
1687736043,541407
1687736043,542704
1687736043,565971
1687736043,579287
1687736043,585626
1687736043,603821
1687736043,608537
1687736043,609903
1687736043,611280
1687736043,633152
1687736043,638356
1687736043,639750
1687736043,654225
1687736043,655105
1687736043,660820
1687736043,668530
1687736043,671430
1687736043,671946
1687736043,677316
1687736043,679994
1687736043,683687
1687736043,691265
1687736043,694804
1687736043,696564
1687736044,350577
1687736044,362091
1687736044,362792
1687736044,363441
1687736044,366660
1687736044,369290
1687736044,377292
1687736044,380881
1687736044,387188
1687736044,392755
1687736044,399837
1687736044,404060
1687736044,419241
1687736044,423208
1687736044,427490
1687736044,433247
1687736044,448651
1687736044,453634
1687736044,454350
1687736044,457580
1687736044,475737
1687736044,498034
1687736044,554679
1687736044,555771
1687736044,557770
1687736044,562133
1687736044,562708
1687736044,581037
1687736044,593974
1687736044,601818
1687736044,604224
1687736044,629247
1687736044,633858
1687736044,635150
1687736044,635849
1687736044,643179
1687736044,646923
1687736044,648138
1687736044,649219
1687736044,654988
1687736044,660379
1687736044,681612
1687736044,687746
1687736044,692232
1687736045,361366
1687736045,363184
1687736045,366659
1687736045,368601
1687736045,375045
1687736045,375462
1687736045,375793
1687736045,379246
1687736045,379715
1687736045,389690
1687736045,397131
1687736045,399696
1687736045,426093
1687736045,431254
1687736045,439635
1687736045,446434
1687736045,448805
1687736045,451160
1687736045,453942
1687736045,480117
1687736045,491132
1687736045,515796
1687736045,517290
1687736045,517656
1687736045,526801
1687736045,543023
1687736045,546170
1687736045,553030
1687736045,563332
1687736045,587491
1687736045,589681
1687736045,597528
1687736045,619596
1687736045,627234
1687736045,639268
1687736045,645510
1687736045,654511
1687736045,658219
1687736045,662623
1687736045,663404
1687736045,665846
1687736045,665944
1687736045,676453
1687736045,680527
1687736045,681539
1687736045,684511
1687736045,689994
1687736046,351535
1687736046,355643
1687736046,362958
1687736046,363798
1687736046,363956
1687736046,371679
1687736046,372957
1687736046,374900
1687736046,379339
1687736046,384863
1687736046,392008
1687736046,399554
1687736046,418135
1687736046,423216
1687736046,425493
1687736046,427082
1687736046,446678
1687736046,448066
1687736046,474818
1687736046,480511
1687736046,481662
1687736046,493450
1687736046,516503
1687736046,523191
1687736046,523549
1687736046,525703
1687736046,529649
1687736046,536680
1687736046,539608
1687736046,552423
1687736046,560754
1687736046,562225
1687736046,578074
1687736046,583504
1687736046,616741
1687736046,623889
1687736046,624916
1687736046,625591
1687736046,627646
1687736046,631970
1687736046,636637
1687736046,640585
1687736046,652159
1687736046,663294
1687736046,678565
1687736046,681259
1687736046,684518
1687736046,692183
1687736046,702445
1687736047,358984
1687736047,359877
1687736047,372449
1687736047,372460
1687736047,374904
1687736047,375924
1687736047,376285
1687736047,384887
1687736047,387731
1687736047,391956
1687736047,394037
1687736047,395456
1687736047,409607
1687736047,411711
1687736047,431794
1687736047,438805
1687736047,444173
1687736047,454446
1687736047,468401
1687736047,470320
1687736047,481564
1687736047,491973
1687736047,502426
1687736047,504445
1687736047,506169
1687736047,512563
1687736047,535391
1687736047,550596
1687736047,571252
1687736047,572257
1687736047,585124
1687736047,596608
1687736047,598396
1687736047,613267
1687736047,628511
1687736047,638696
1687736047,647323
1687736047,649126
1687736047,651038
1687736047,651156
1687736047,668031
1687736047,668227
1687736047,670163
1687736047,673527
1687736047,675396
1687736047,675758
1687736047,678516
1687736047,684727
1687736047,688026
1687736048,344994
1687736048,360338
1687736048,365810
1687736048,366424
1687736048,369303
1687736048,370276
1687736048,371632
1687736048,387013
1687736048,390088
1687736048,402683
1687736048,404285
1687736048,406206
1687736048,406692
1687736048,426541
1687736048,443381
1687736048,443446
1687736048,461962
1687736048,466761
1687736048,473763
1687736048,499188
1687736048,500931
1687736048,531281
1687736048,546886
1687736048,547170
1687736048,573672
1687736048,576930
1687736048,601987
1687736048,604984
1687736048,606449
1687736048,607397
1687736048,607597
1687736048,611231
1687736048,623975
1687736048,633152
1687736048,645333
1687736048,652676
1687736048,668656
1687736048,674181
1687736048,677551
1687736048,678408
1687736048,681141
1687736048,684168
1687736048,688562
1687736048,688575
1687736048,694420
1687736048,695237
1687736049,360661
1687736049,361820
1687736049,366973
1687736049,367427
1687736049,376045
1687736049,384590
1687736049,385271
1687736049,391667
1687736049,402926
1687736049,403296
1687736049,404755
1687736049,406306
1687736049,409425
1687736049,434302
1687736049,469082
1687736049,470576
1687736049,488218
1687736049,495668
1687736049,506532
1687736049,506557
1687736049,510506
1687736049,535844
1687736049,536778
1687736049,545736
1687736049,571556
1687736049,591392
1687736049,601141
1687736049,601229
1687736049,610952
1687736049,611192
1687736049,634955
1687736049,636247
1687736049,654400
1687736049,658981
1687736049,663146
1687736049,664139
1687736049,666173
1687736049,679181
1687736049,679725
1687736049,680136
1687736049,686593
1687736050,353092
1687736050,354945
1687736050,366155
1687736050,377401
1687736050,378919
1687736050,382315
1687736050,384344
1687736050,390465
1687736050,404128
1687736050,415868
1687736050,421487
1687736050,426432
1687736050,428898
1687736050,429582
1687736050,440460
1687736050,442409
1687736050,462267
1687736050,464731
1687736050,476828
1687736050,482056
1687736050,499039
1687736050,524906
1687736050,531420
1687736050,547694
1687736050,569910
1687736050,583968
1687736050,586995
1687736050,601321
1687736050,607425
1687736050,625873
1687736050,630518
1687736050,656669
1687736050,662743
1687736050,663745
1687736050,675448
1687736050,676570
1687736050,679870
1687736050,681507
1687736050,683015
1687736050,684739
1687736050,692226
1687736050,697420
1687736051,359987
1687736051,361573
1687736051,366488
1687736051,368522
1687736051,368559
1687736051,372972
1687736051,373551
1687736051,377830
1687736051,386320
1687736051,386849
1687736051,398423
1687736051,419964
1687736051,425289
1687736051,443648
1687736051,451740
1687736051,459482
1687736051,464440
1687736051,485561
1687736051,491853
1687736051,512936
1687736051,519647
1687736051,523030
1687736051,529381
1687736051,529998
1687736051,550789
1687736051,551592
1687736051,566116
1687736051,567080
1687736051,590168
1687736051,592011
1687736051,594516
1687736051,613558
1687736051,618734
1687736051,625932
1687736051,631671
1687736051,636966
1687736051,646421
1687736051,656051
1687736051,665952
1687736051,675550
1687736051,676067
1687736051,678853
1687736051,679444
1687736051,689302
1687736051,690158
1687736051,698903
1687736052,344928
1687736052,362299
1687736052,365653
1687736052,367490
1687736052,369614
1687736052,370059
1687736052,375334
1687736052,383192
1687736052,396452
1687736052,396512
1687736052,397043
1687736052,399386
1687736052,416627
1687736052,423555
1687736052,448380
1687736052,449867
1687736052,453611
1687736052,482628
1687736052,487863
1687736052,487953
1687736052,520368
1687736052,522618
1687736052,539988
1687736052,555495
1687736052,558618
1687736052,560126
1687736052,586374
1687736052,595502
1687736052,596893
1687736052,616309
1687736052,619008
1687736052,624326
1687736052,640451
1687736052,644842
1687736052,649035
1687736052,652512
1687736052,660495
1687736052,663435
1687736052,681779
1687736052,683877
1687736052,684505
1687736052,688812
1687736053,365832
1687736053,366614
1687736053,368639
1687736053,372810
1687736053,373519
1687736053,375269
1687736053,375362
1687736053,377278
1687736053,377813
1687736053,377886
1687736053,387624
1687736053,395391
1687736053,397748
1687736053,418308
1687736053,420346
1687736053,428668
1687736053,435919
1687736053,446343
1687736053,447486
1687736053,457189
1687736053,460645
1687736053,467741
1687736053,480651
1687736053,495424
1687736053,512782
1687736053,513226
1687736053,524719
1687736053,534461
1687736053,544308
1687736053,550823
1687736053,557831
1687736053,568207
1687736053,584841
1687736053,594921
1687736053,601510
1687736053,616903
1687736053,622138
1687736053,624463
1687736053,644972
1687736053,650410
1687736053,650963
1687736053,652771
1687736053,662602
1687736053,668991
1687736053,669585
1687736053,670385
1687736053,683661
1687736053,683683
1687736053,687146
1687736053,690374
1687736053,694450
1687736053,698065
1687736054,349578
1687736054,355201
1687736054,357108
1687736054,363050
1687736054,370187
1687736054,370443
1687736054,377878
1687736054,380980
1687736054,383816
1687736054,386796
1687736054,388316
1687736054,392396
1687736054,411917
1687736054,413076
1687736054,416557
1687736054,416920
1687736054,418174
1687736054,433781
1687736054,441844
1687736054,465371
1687736054,472371
1687736054,478615
1687736054,478732
1687736054,497684
1687736054,499872
1687736054,509869
1687736054,510426
1687736054,531614
1687736054,539944
1687736054,564744
1687736054,569027
1687736054,577068
1687736054,579378
1687736054,600813
1687736054,609578
1687736054,614220
1687736054,615473
1687736054,628880
1687736054,630064
1687736054,630165
1687736054,638159
1687736054,639704
1687736054,646752
1687736054,660350
1687736054,662079
1687736054,669189
1687736054,670862
1687736054,676907
1687736054,676962
1687736054,678287
1687736054,680982
1687736054,687473
1687736054,689189
1687736054,689861
1687736054,690589
1687736055,354072
1687736055,363032
1687736055,365075
1687736055,368427
1687736055,369801
1687736055,370409
1687736055,370805
1687736055,373645
1687736055,375934
1687736055,379067
1687736055,383313
1687736055,390457
1687736055,392352
1687736055,398853
1687736055,399662
1687736055,412059
1687736055,415465
1687736055,423464
1687736055,432255
1687736055,435496
1687736055,436635
1687736055,438856
1687736055,463140
1687736055,472956
1687736055,473021
1687736055,489817
1687736055,499102
1687736055,506743
1687736055,512517
1687736055,532159
1687736055,532469
1687736055,537456
1687736055,538310
1687736055,541215
1687736055,549839
1687736055,572341
1687736055,572792
1687736055,575996
1687736055,581498
1687736055,597149
1687736055,604890
1687736055,607962
1687736055,608231
1687736055,635194
1687736055,637690
1687736055,640122
1687736055,651238
1687736055,659568
1687736055,663013
1687736055,669622
1687736055,670730
1687736055,681586
1687736055,684257
1687736055,687581
1687736055,696704
1687736056,357669
1687736056,364374
1687736056,368978
1687736056,370517
1687736056,371810
1687736056,381809
1687736056,383535
1687736056,399575
1687736056,406797
1687736056,408549
1687736056,441755
1687736056,448343
1687736056,462874
1687736056,473275
1687736056,486831
1687736056,489238
1687736056,493630
1687736056,499827
1687736056,504720
1687736056,505048
1687736056,506436
1687736056,515230
1687736056,528772
1687736056,539702
1687736056,549822
1687736056,552795
1687736056,560692
1687736056,570004
1687736056,571567
1687736056,579554
1687736056,591316
1687736056,600406
1687736056,604501
1687736056,608533
1687736056,609454
1687736056,612743
1687736056,616005
1687736056,627984
1687736056,644481
1687736056,653463
1687736056,657342
1687736056,658518
1687736056,661726
1687736056,665079
1687736056,673201
1687736056,673343
1687736056,677542
1687736056,677799
1687736056,680501
1687736056,684115
1687736056,684704
1687736056,686872
1687736056,687478
1687736056,692736
1687736057,354105
1687736057,361200
1687736057,361382
1687736057,364206
1687736057,365639
1687736057,365843
1687736057,368446
1687736057,369899
1687736057,370302
1687736057,372247
1687736057,372753
1687736057,380236
1687736057,382994
1687736057,383834
1687736057,388337
1687736057,393587
1687736057,398593
1687736057,398675
1687736057,400305
1687736057,401398
1687736057,409570
1687736057,409937
1687736057,412852
1687736057,417266
1687736057,424221
1687736057,428639
1687736057,430572
1687736057,447951
1687736057,456392
1687736057,468025
1687736057,476656
1687736057,481077
1687736057,512613
1687736057,547301
1687736057,556518
1687736057,556853
1687736057,560501
1687736057,564222
1687736057,576376
1687736057,580924
1687736057,586413
1687736057,593180
1687736057,599472
1687736057,629688
1687736057,631796
1687736057,638091
1687736057,655065
1687736057,656092
1687736057,656365
1687736057,658008
1687736057,660877
1687736057,675708
1687736057,681011
1687736057,687890
1687736057,689956
1687736058,357175
1687736058,365093
1687736058,365340
1687736058,366230
1687736058,366481
1687736058,375384
1687736058,377182
1687736058,380375
1687736058,381716
1687736058,388972
1687736058,396458
1687736058,418443
1687736058,420932
1687736058,424213
1687736058,431590
1687736058,447594
1687736058,456090
1687736058,458613
1687736058,488847
1687736058,490235
1687736058,491515
1687736058,505690
1687736058,514058
1687736058,519541
1687736058,524289
1687736058,526588
1687736058,532803
1687736058,534376
1687736058,552069
1687736058,554858
1687736058,558328
1687736058,574722
1687736058,586113
1687736058,588476
1687736058,591272
1687736058,595828
1687736058,612679
1687736058,619991
1687736058,621707
1687736058,624875
1687736058,625014
1687736058,637760
1687736058,640241
1687736058,649562
1687736058,661504
1687736058,667828
1687736058,668356
1687736058,675168
1687736058,675926
1687736058,678256
1687736058,681728
1687736058,682553
1687736058,687118
1687736058,691215
1687736058,691359
1687736058,691928
1687736058,695000
1687736059,363353
1687736059,364590
1687736059,367557
1687736059,371963
1687736059,372610
1687736059,374427
1687736059,378127
1687736059,380539
1687736059,383039
1687736059,383499
1687736059,384930
1687736059,391260
1687736059,395419
1687736059,408209
1687736059,411132
1687736059,421665
1687736059,421948
1687736059,448616
1687736059,453130
1687736059,464402
1687736059,473420
1687736059,478145
1687736059,483407
1687736059,484259
1687736059,490425
1687736059,510884
1687736059,516875
1687736059,525491
1687736059,529618
1687736059,547193
1687736059,552379
1687736059,556763
1687736059,562731
1687736059,578444
1687736059,578765
1687736059,589245
1687736059,596482
1687736059,614978
1687736059,615737
1687736059,621485
1687736059,639940
1687736059,642026
1687736059,644723
1687736059,648853
1687736059,666463
1687736059,671825
1687736059,672110
1687736059,684464
1687736059,690965
1687736059,691155
1687736059,692698
1687736060,352750
1687736060,359408
1687736060,364622
1687736060,367058
1687736060,370433
1687736060,374916
1687736060,389489
1687736060,392326
1687736060,393176
1687736060,397623
1687736060,399483
1687736060,401264
1687736060,403652
1687736060,409468
1687736060,422024
1687736060,446519
1687736060,457489
1687736060,464275
1687736060,479880
1687736060,488635
1687736060,496159
1687736060,503205
1687736060,508355
1687736060,513129
1687736060,526142
1687736060,541019
1687736060,555668
1687736060,562699
1687736060,564442
1687736060,569450
1687736060,577353
1687736060,578632
1687736060,600253
1687736060,601293
1687736060,609290
1687736060,611669
1687736060,623765
1687736060,624008
1687736060,636711
1687736060,637184
1687736060,644184
1687736060,646349
1687736060,648388
1687736060,651242
1687736060,667393
1687736060,671934
1687736060,674038
1687736060,680040
1687736060,681675
1687736060,682141
1687736060,682869
1687736060,684577
1687736060,686377
1687736060,688410
1687736060,693246
1687736061,359343
1687736061,363137
1687736061,371338
1687736061,374273
1687736061,377599
1687736061,377842
1687736061,384262
1687736061,388029
1687736061,403443
1687736061,410512
1687736061,413546
1687736061,427391
1687736061,432809
1687736061,437803
1687736061,438030
1687736061,438921
1687736061,442300
1687736061,443103
1687736061,460186
1687736061,463342
1687736061,465414
1687736061,485220
1687736061,500196
1687736061,501302
1687736061,505339
1687736061,511345
1687736061,532600
1687736061,539581
1687736061,547320
1687736061,551896
1687736061,572031
1687736061,601701
1687736061,605309
1687736061,606959
1687736061,614365
1687736061,625472
1687736061,628178
1687736061,636395
1687736061,653263
1687736061,660929
1687736061,663237
1687736061,667126
1687736061,668726
1687736061,673951
1687736061,675854
1687736061,678383
1687736061,680725
1687736061,682279
1687736061,687760
1687736061,687854
1687736061,690379
1687736061,692802
1687736062,360386
1687736062,363066
1687736062,363710
1687736062,364001
1687736062,366574
1687736062,369111
1687736062,376950
1687736062,378719
1687736062,380744
1687736062,382429
1687736062,385480
1687736062,389459
1687736062,401204
1687736062,402453
1687736062,405823
1687736062,430504
1687736062,438321
1687736062,471498
1687736062,473410
1687736062,474294
1687736062,479058
1687736062,479689
1687736062,501781
1687736062,503723
1687736062,525498
1687736062,532351
1687736062,536270
1687736062,537513
1687736062,546733
1687736062,574004
1687736062,577578
1687736062,577859
1687736062,586603
1687736062,589354
1687736062,603031
1687736062,603718
1687736062,623050
1687736062,625408
1687736062,632542
1687736062,636552
1687736062,638424
1687736062,661871
1687736062,662726
1687736062,663653
1687736062,664192
1687736062,664471
1687736062,683796
1687736062,687343
1687736062,687446
1687736062,690986
1687736063,360468
1687736063,368674
1687736063,368687
1687736063,370923
1687736063,371099
1687736063,372711
1687736063,372791
1687736063,376838
1687736063,382122
1687736063,384575
1687736063,402751
1687736063,411732
1687736063,412776
1687736063,413989
1687736063,423418
1687736063,428427
1687736063,438662
1687736063,468090
1687736063,485622
1687736063,496872
1687736063,502863
1687736063,506324
1687736063,513204
1687736063,518628
1687736063,523262
1687736063,528939
1687736063,543699
1687736063,544989
1687736063,563749
1687736063,576894
1687736063,581225
1687736063,587522
1687736063,601805
1687736063,610200
1687736063,611371
1687736063,613246
1687736063,631085
1687736063,639690
1687736063,652858
1687736063,656044
1687736063,662036
1687736063,669602
1687736063,671413
1687736063,672428
1687736063,676294
1687736063,676748
1687736063,681049
1687736063,685085
1687736063,691415
1687736063,694851
1687736063,696422
1687736064,350910
1687736064,362635
1687736064,362645
1687736064,367890
1687736064,370271
1687736064,371219
1687736064,371279
1687736064,377868
1687736064,379879
1687736064,388321
1687736064,398103
1687736064,402587
1687736064,409957
1687736064,420435
1687736064,425805
1687736064,431992
1687736064,450685
1687736064,452237
1687736064,455213
1687736064,455700
1687736064,477770
1687736064,511872
1687736064,537627
1687736064,551155
1687736064,552831
1687736064,555630
1687736064,556814
1687736064,557865
1687736064,560225
1687736064,564932
1687736064,582994
1687736064,588679
1687736064,600026
1687736064,602329
1687736064,627269
1687736064,636596
1687736064,644879
1687736064,647814
1687736064,648194
1687736064,651078
1687736064,656319
1687736064,658644
1687736064,678496
1687736064,681422
1687736064,681474
1687736064,687942
1687736064,691661
1687736064,692614
1687736065,362050
1687736065,363336
1687736065,366282
1687736065,367378
1687736065,368222
1687736065,374731
1687736065,376175
1687736065,378730
1687736065,379634
1687736065,391076
1687736065,392568
1687736065,393717
1687736065,398032
1687736065,424233
1687736065,433281
1687736065,444626
1687736065,444774
1687736065,446659
1687736065,449089
1687736065,450295
1687736065,456064
1687736065,482172
1687736065,490567
1687736065,492963
1687736065,517831
1687736065,519737
1687736065,524782
1687736065,543854
1687736065,565622
1687736065,587452
1687736065,589518
1687736065,599257
1687736065,599473
1687736065,621272
1687736065,625258
1687736065,640514
1687736065,646997
1687736065,652730
1687736065,656669
1687736065,663395
1687736065,664577
1687736065,664818
1687736065,676169
1687736065,681266
1687736065,681534
1687736065,684037
1687736065,694912
1687736066,352477
1687736066,354622
1687736066,362717
1687736066,364220
1687736066,373803
1687736066,375276
1687736066,378355
1687736066,385981
1687736066,390746
1687736066,390993
1687736066,410427
1687736066,416533
1687736066,421377
1687736066,421995
1687736066,427394
1687736066,429222
1687736066,472685
1687736066,479508
1687736066,484860
1687736066,495359
1687736066,520963
1687736066,521610
1687736066,528064
1687736066,531688
1687736066,538722
1687736066,550687
1687736066,560068
1687736066,564324
1687736066,575990
1687736066,581387
1687736066,592048
1687736066,618322
1687736066,620843
1687736066,623677
1687736066,625388
1687736066,625454
1687736066,626434
1687736066,633528
1687736066,641928
1687736066,650422
1687736066,662262
1687736066,670356
1687736066,677205
1687736066,681898
1687736066,684678
1687736066,685526
1687736066,687568
1687736066,688341
1687736066,695256
1687736066,702692
1687736067,359215
1687736067,365710
1687736067,371481
1687736067,372767
1687736067,373769
1687736067,376387
1687736067,376731
1687736067,383823
1687736067,386467
1687736067,392829
1687736067,396674
1687736067,411333
1687736067,414728
1687736067,421459
1687736067,433799
1687736067,442084
1687736067,452311
1687736067,456553
1687736067,468052
1687736067,470568
1687736067,479144
1687736067,494089
1687736067,503829
1687736067,506388
1687736067,514656
1687736067,515485
1687736067,527888
1687736067,537429
1687736067,547950
1687736067,569998
1687736067,573463
1687736067,583063
1687736067,598414
1687736067,600153
1687736067,611505
1687736067,629837
1687736067,645667
1687736067,647451
1687736067,649421
1687736067,652151
1687736067,652217
1687736067,666629
1687736067,669075
1687736067,669447
1687736067,674507
1687736067,674597
1687736067,676000
1687736067,677805
1687736067,677994
1687736067,687948
1687736068,345331
1687736068,361252
1687736068,365367
1687736068,365836
1687736068,369377
1687736068,369720
1687736068,372650
1687736068,373106
1687736068,373210
1687736068,374271
1687736068,388354
1687736068,388395
1687736068,388684
1687736068,404186
1687736068,404988
1687736068,406091
1687736068,408050
1687736068,428628
1687736068,437051
1687736068,441365
1687736068,445525
1687736068,450564
1687736068,468829
1687736068,471574
1687736068,475547
1687736068,497214
1687736068,502972
1687736068,513907
1687736068,533502
1687736068,535124
1687736068,544636
1687736068,545061
1687736068,570903
1687736068,574855
1687736068,575600
1687736068,600087
1687736068,604380
1687736068,606675
1687736068,609400
1687736068,612882
1687736068,625296
1687736068,634684
1687736068,643466
1687736068,669484
1687736068,674863
1687736068,677646
1687736068,678745
1687736068,678764
1687736068,681295
1687736068,684565
1687736068,687903
1687736068,688472
1687736068,695522
1687736069,360173
1687736069,361763
1687736069,365192
1687736069,366827
1687736069,367921
1687736069,376499
1687736069,383645
1687736069,386067
1687736069,393003
1687736069,401668
1687736069,403221
1687736069,404641
1687736069,404779
1687736069,436163
1687736069,442520
1687736069,448385
1687736069,468462
1687736069,471309
1687736069,490207
1687736069,493677
1687736069,504278
1687736069,512610
1687736069,538109
1687736069,547792
1687736069,569629
1687736069,593139
1687736069,599361
1687736069,608747
1687736069,612769
1687736069,633191
1687736069,637622
1687736069,651767
1687736069,655708
1687736069,660685
1687736069,661788
1687736069,662864
1687736069,664927
1687736069,680147
1687736069,680222
1687736069,685825
1687736070,352387
1687736070,355682
1687736070,363428
1687736070,364666
1687736070,365405
1687736070,368794
1687736070,376296
1687736070,377906
1687736070,379915
1687736070,381183
1687736070,382605
1687736070,385596
1687736070,391195
1687736070,402623
1687736070,414899
1687736070,417341
1687736070,419741
1687736070,420350
1687736070,424534
1687736070,427260
1687736070,427912
1687736070,444505
1687736070,460286
1687736070,461391
1687736070,462661
1687736070,478783
1687736070,484053
1687736070,496838
1687736070,522684
1687736070,529592
1687736070,534764
1687736070,550003
1687736070,567728
1687736070,586082
1687736070,589011
1687736070,591989
1687736070,599346
1687736070,608944
1687736070,623849
1687736070,628494
1687736070,657713
1687736070,663882
1687736070,664831
1687736070,675804
1687736070,676507
1687736070,681972
1687736070,682230
1687736070,684512
1687736070,691883
1687736070,697248
1687736071,345232
1687736071,359825
1687736071,361383
1687736071,365659
1687736071,367403
1687736071,367882
1687736071,374733
1687736071,376431
1687736071,387560
1687736071,388101
1687736071,397081
1687736071,423390
1687736071,436120
1687736071,445724
1687736071,449733
1687736071,461571
1687736071,466634
1687736071,487651
1687736071,489854
1687736071,495707
1687736071,514862
1687736071,521246
1687736071,521626
1687736071,527343
1687736071,537932
1687736071,552819
1687736071,556480
1687736071,560857
1687736071,569155
1687736071,589974
1687736071,592699
1687736071,614984
1687736071,620182
1687736071,623890
1687736071,629648
1687736071,630449
1687736071,633848
1687736071,638307
1687736071,647650
1687736071,654740
1687736071,667196
1687736071,674910
1687736071,675368
1687736071,679004
1687736071,680114
1687736071,689361
1687736071,689613
1687736071,690336
1687736071,699184
1687736072,362282
1687736072,365594
1687736072,369676
1687736072,370177
1687736072,395018
1687736072,397914
1687736072,398088
1687736072,398368
1687736072,418698
1687736072,421921
1687736072,445986
1687736072,447543
1687736072,455583
1687736072,484841
1687736072,485559
1687736072,485818
1687736072,520592
1687736072,522537
1687736072,549794
1687736072,553725
1687736072,562308
1687736072,588272
1687736072,593180
1687736072,614247
1687736072,620595
1687736072,622228
1687736072,636322
1687736072,641909
1687736072,645987
1687736072,647126
1687736072,650185
1687736072,650780
1687736072,661695
1687736072,661757
1687736072,663682
1687736072,682271
1687736072,683262
1687736072,683823
1687736072,684468
1687736072,685868
1687736072,689027
1687736073,366161
1687736073,366196
1687736073,373539
1687736073,373858
1687736073,374731
1687736073,376359
1687736073,376596
1687736073,378228
1687736073,380838
1687736073,386515
1687736073,397073
1687736073,416514
1687736073,422170
1687736073,430768
1687736073,438035
1687736073,444342
1687736073,445510
1687736073,459438
1687736073,462681
1687736073,465795
1687736073,478379
1687736073,478393
1687736073,497295
1687736073,503614
1687736073,510727
1687736073,511013
1687736073,526932
1687736073,536380
1687736073,542370
1687736073,548893
1687736073,564265
1687736073,570306
1687736073,582716
1687736073,596738
1687736073,614963
1687736073,623559
1687736073,628379
1687736073,643315
1687736073,649100
1687736073,651105
1687736073,651693
1687736073,661258
1687736073,668409
1687736073,669637
1687736073,670231
1687736073,683363
1687736073,691124
1687736073,694645
1687736073,697984
1687736074,349081
1687736074,356074
1687736074,357741
1687736074,360230
1687736074,362637
1687736074,369692
1687736074,378400
1687736074,382368
1687736074,384766
1687736074,385538
1687736074,387345
1687736074,391173
1687736074,399219
1687736074,409767
1687736074,410234
1687736074,415395
1687736074,418389
1687736074,435902
1687736074,439534
1687736074,467332
1687736074,474294
1687736074,476132
1687736074,476538
1687736074,499664
1687736074,502028
1687736074,507753
1687736074,508557
1687736074,533826
1687736074,542114
1687736074,545314
1687736074,566800
1687736074,566800
1687736074,569536
1687736074,575060
1687736074,576746
1687736074,577450
1687736074,598722
1687736074,602476
1687736074,607573
1687736074,613282
1687736074,615698
1687736074,630579
1687736074,631775
1687736074,637668
1687736074,648026
1687736074,670103
1687736074,677472
1687736074,677647
1687736074,679514
1687736074,681589
1687736074,687307
1687736074,689183
1687736074,691318
1687736075,353891
1687736075,363193
1687736075,368665
1687736075,369314
1687736075,370953
1687736075,371017
1687736075,376192
1687736075,380089
1687736075,382310
1687736075,389450
1687736075,393746
1687736075,397192
1687736075,401119
1687736075,413942
1687736075,417011
1687736075,434275
1687736075,437105
1687736075,438701
1687736075,461150
1687736075,470819
1687736075,475160
1687736075,501137
1687736075,504620
1687736075,514364
1687736075,530162
1687736075,535337
1687736075,536221
1687736075,543249
1687736075,573954
1687736075,574436
1687736075,574867
1687736075,583539
1687736075,598778
1687736075,606195
1687736075,606439
1687736075,609473
1687736075,635606
1687736075,636547
1687736075,638539
1687736075,652281
1687736075,660899
1687736075,661632
1687736075,667911
1687736075,669513
1687736075,672041
1687736075,681129
1687736075,684324
1687736075,687590
1687736075,697274
1687736076,356597
1687736076,357340
1687736076,362097
1687736076,365751
1687736076,369864
1687736076,369918
1687736076,372648
1687736076,380713
1687736076,384548
1687736076,398360
1687736076,399003
1687736076,405524
1687736076,408490
1687736076,409977
1687736076,436468
1687736076,443829
1687736076,450345
1687736076,460554
1687736076,475296
1687736076,492321
1687736076,495953
1687736076,497912
1687736076,502450
1687736076,502905
1687736076,508459
1687736076,516007
1687736076,517288
1687736076,541894
1687736076,551833
1687736076,568245
1687736076,581554
1687736076,588366
1687736076,597720
1687736076,598353
1687736076,602727
1687736076,610810
1687736076,611207
1687736076,629419
1687736076,659998
1687736076,660362
1687736076,666091
1687736076,672736
1687736076,674039
1687736076,678759
1687736076,679095
1687736076,679384
1687736076,679845
1687736076,683216
1687736076,684920
1687736076,685815
1687736076,688910
1687736076,691076
1687736077,354808
1687736077,360322
1687736077,361512
1687736077,366055
1687736077,368529
1687736077,369972
1687736077,370124
1687736077,372048
1687736077,377483
1687736077,379112
1687736077,383707
1687736077,389172
1687736077,390582
1687736077,394470
1687736077,397507
1687736077,399957
1687736077,399965
1687736077,411454
1687736077,414700
1687736077,415441
1687736077,422502
1687736077,428858
1687736077,449748
1687736077,453944
1687736077,454255
1687736077,470196
1687736077,478702
1687736077,487244
1687736077,488780
1687736077,508558
1687736077,510758
1687736077,526831
1687736077,549475
1687736077,554244
1687736077,554280
1687736077,558526
1687736077,559158
1687736077,562138
1687736077,578335
1687736077,582986
1687736077,589288
1687736077,591238
1687736077,629722
1687736077,639510
1687736077,640233
1687736077,654276
1687736077,655702
1687736077,656468
1687736077,656494
1687736077,657217
1687736077,662325
1687736077,674792
1687736077,679216
1687736077,681529
1687736077,687316
1687736077,689968
1687736078,357315
1687736078,364578
1687736078,365780
1687736078,365816
1687736078,365979
1687736078,370975
1687736078,376079
1687736078,376174
1687736078,379410
1687736078,383747
1687736078,397478
1687736078,419075
1687736078,423818
1687736078,426167
1687736078,429889
1687736078,456694
1687736078,483094
1687736078,486630
1687736078,492269
1687736078,493585
1687736078,516211
1687736078,521821
1687736078,522498
1687736078,528551
1687736078,530860
1687736078,553022
1687736078,583940
1687736078,590410
1687736078,592935
1687736078,619756
1687736078,621590
1687736078,622899
1687736078,623315
1687736078,635737
1687736078,641139
1687736078,641642
1687736078,650836
1687736078,662594
1687736078,674469
1687736078,674783
1687736078,681472
1687736078,690698
1687736078,690751
1687736078,691660
1687736078,694828
1687736078,695510
1687736079,364914
1687736079,367406
1687736079,370831
1687736079,371270
1687736079,372213
1687736079,373433
1687736079,373611
1687736079,379095
1687736079,379647
1687736079,384026
1687736079,385831
1687736079,392432
1687736079,394198
1687736079,420171
1687736079,420346
1687736079,421892
1687736079,446446
1687736079,466408
1687736079,476381
1687736079,481197
1687736079,481996
1687736079,513097
1687736079,514939
1687736079,523472
1687736079,531764
1687736079,545092
1687736079,550478
1687736079,558882
1687736079,564754
1687736079,576066
1687736079,586657
1687736079,587234
1687736079,598239
1687736079,610899
1687736079,612957
1687736079,613810
1687736079,623062
1687736079,625633
1687736079,643234
1687736079,646078
1687736079,649452
1687736079,667844
1687736079,668415
1687736079,670949
1687736079,672614
1687736079,672709
1687736079,683268
1687736079,691209
1687736079,691919
1687736079,692599
1687736080,352694
1687736080,358991
1687736080,365094
1687736080,367608
1687736080,368510
1687736080,369758
1687736080,372698
1687736080,373931
1687736080,374456
1687736080,388007
1687736080,391179
1687736080,393924
1687736080,401033
1687736080,405402
1687736080,408221
1687736080,423981
1687736080,444641
1687736080,450296
1687736080,459403
1687736080,466498
1687736080,477689
1687736080,490640
1687736080,498101
1687736080,505211
1687736080,506370
1687736080,511335
1687736080,528353
1687736080,541686
1687736080,553703
1687736080,566557
1687736080,571348
1687736080,576436
1687736080,599457
1687736080,602112
1687736080,609650
1687736080,625409
1687736080,625490
1687736080,634702
1687736080,638478
1687736080,644626
1687736080,646945
1687736080,652778
1687736080,668801
1687736080,672587
1687736080,681419
1687736080,681777
1687736080,682007
1687736080,682303
1687736080,685322
1687736080,687309
1687736080,688725
1687736080,693222
1687736081,355964
1687736081,359257
1687736081,363018
1687736081,370809
1687736081,374242
1687736081,377339
1687736081,378289
1687736081,384803
1687736081,387314
1687736081,389836
1687736081,401761
1687736081,402926
1687736081,409223
1687736081,412073
1687736081,429154
1687736081,434662
1687736081,439861
1687736081,440257
1687736081,440963
1687736081,441011
1687736081,458413
1687736081,465510
1687736081,467582
1687736081,473352
1687736081,487228
1687736081,497977
1687736081,499046
1687736081,507490
1687736081,509098
1687736081,520801
1687736081,534720
1687736081,549848
1687736081,573084
1687736081,574324
1687736081,575188
1687736081,603223
1687736081,608606
1687736081,612335
1687736081,626839
1687736081,629597
1687736081,634884
1687736081,642266
1687736081,654038
1687736081,663680
1687736081,667646
1687736081,674792
1687736081,677030
1687736081,678926
1687736081,687170
1687736081,688265
1687736081,691997
1687736082,360707
1687736082,364021
1687736082,366484
1687736082,368375
1687736082,370242
1687736082,374448
1687736082,379544
1687736082,379898
1687736082,383890
1687736082,386431
1687736082,388220
1687736082,400526
1687736082,404431
1687736082,408224
1687736082,428640
1687736082,440385
1687736082,469298
1687736082,471459
1687736082,476311
1687736082,481037
1687736082,487819
1687736082,501642
1687736082,503759
1687736082,527614
1687736082,530456
1687736082,534200
1687736082,535610
1687736082,539661
1687736082,548988
1687736082,555059
1687736082,571972
1687736082,575628
1687736082,579805
1687736082,584338
1687736082,591227
1687736082,601718
1687736082,604596
1687736082,623351
1687736082,624559
1687736082,634057
1687736082,634422
1687736082,653135
1687736082,662129
1687736082,662988
1687736082,663118
1687736082,663310
1687736082,663721
1687736082,673380
1687736082,675575
1687736082,686385
1687736082,687120
1687736082,690014
1687736082,691470
1687736083,360613
1687736083,362623
1687736083,367993
1687736083,369263
1687736083,370507
1687736083,371425
1687736083,371456
1687736083,373873
1687736083,377317
1687736083,378497
1687736083,381051
1687736083,385852
1687736083,401184
1687736083,413118
1687736083,414366
1687736083,416065
1687736083,421616
1687736083,426739
1687736083,440774
1687736083,452808
1687736083,463716
1687736083,465799
1687736083,481919
1687736083,483387
1687736083,494900
1687736083,500687
1687736083,508426
1687736083,513974
1687736083,515184
1687736083,521001
1687736083,526883
1687736083,535844
1687736083,545991
1687736083,547243
1687736083,561490
1687736083,574829
1687736083,583122
1687736083,589380
1687736083,599765
1687736083,609997
1687736083,611868
1687736083,612811
1687736083,628968
1687736083,634463
1687736083,640992
1687736083,651513
1687736083,656974
1687736083,663221
1687736083,670641
1687736083,670877
1687736083,676127
1687736083,677356
1687736083,682004
1687736083,683886
1687736083,691513
1687736083,694832
1687736083,695232
1687736083,696207
1687736084,351353
1687736084,361839
1687736084,362497
1687736084,363572
1687736084,365240
1687736084,369124
1687736084,371283
1687736084,372758
1687736084,378874
1687736084,389456
1687736084,396387
1687736084,401044
1687736084,419726
1687736084,421693
1687736084,424095
1687736084,433608
1687736084,450157
1687736084,452869
1687736084,457735
1687736084,479763
1687736084,549256
1687736084,553489
1687736084,558942
1687736084,559962
1687736084,567149
1687736084,585005
1687736084,597236
1687736084,598213
1687736084,600455
1687736084,614975
1687736084,617494
1687736084,625258
1687736084,638032
1687736084,641741
1687736084,646390
1687736084,646577
1687736084,649431
1687736084,656910
1687736084,657633
1687736084,681197
1687736084,682412
1687736084,688125
1687736084,690644
1687736084,692991
1687736085,362786
1687736085,366460
1687736085,367870
1687736085,368103
1687736085,374053
1687736085,377738
1687736085,379996
1687736085,391154
1687736085,392555
1687736085,395142
1687736085,398913
1687736085,411419
1687736085,416779
1687736085,422395
1687736085,435348
1687736085,442886
1687736085,444529
1687736085,447070
1687736085,452536
1687736085,458195
1687736085,484253
1687736085,487955
1687736085,494824
1687736085,519860
1687736085,521828
1687736085,522701
1687736085,525768
1687736085,541565
1687736085,567888
1687736085,579237
1687736085,585178
1687736085,591510
1687736085,601370
1687736085,614060
1687736085,622957
1687736085,623309
1687736085,635058
1687736085,648435
1687736085,650918
1687736085,655071
1687736085,664166
1687736085,665709
1687736085,675873
1687736085,677563
1687736085,681514
1687736085,681968
1687736085,683530
1687736086,353487
1687736086,353695
1687736086,362482
1687736086,364526
1687736086,372731
1687736086,373499
1687736086,375495
1687736086,377432
1687736086,380793
1687736086,382837
1687736086,387085
1687736086,389544
1687736086,396162
1687736086,397949
1687736086,414968
1687736086,419548
1687736086,429362
1687736086,431356
1687736086,442901
1687736086,444582
1687736086,451292
1687736086,470536
1687736086,476213
1687736086,477366
1687736086,487023
1687736086,497252
1687736086,518772
1687736086,519653
1687736086,530445
1687736086,533700
1687736086,540787
1687736086,548965
1687736086,562267
1687736086,566401
1687736086,573937
1687736086,594013
1687736086,618864
1687736086,619900
1687736086,621773
1687736086,623282
1687736086,626896
1687736086,627940
1687736086,643278
1687736086,648683
1687736086,661223
1687736086,671613
1687736086,675823
1687736086,682524
1687736086,686521
1687736086,687700
1687736086,687930
1687736086,702850
1687736087,359506
1687736087,360589
1687736087,370563
1687736087,373064
1687736087,373657
1687736087,376524
1687736087,377562
1687736087,379344
1687736087,385201
1687736087,391605
1687736087,413098
1687736087,413129
1687736087,435805
1687736087,440046
1687736087,458624
1687736087,462826
1687736087,465798
1687736087,472724
1687736087,476705
1687736087,496208
1687736087,501523
1687736087,513022
1687736087,516738
1687736087,533189
1687736087,539496
1687736087,546077
1687736087,567808
1687736087,570081
1687736087,575663
1687736087,580995
1687736087,600199
1687736087,601866
1687736087,603171
1687736087,603217
1687736087,609697
1687736087,631123
1687736087,644015
1687736087,653252
1687736087,653262
1687736087,665199
1687736087,667986
1687736087,670700
1687736087,673394
1687736087,675472
1687736087,676556
1687736087,677067
1687736087,677733
1687736087,684602
1687736087,687794
1687736088,345722
1687736088,362172
1687736088,364352
1687736088,365865
1687736088,368523
1687736088,370150
1687736088,373692
1687736088,380170
1687736088,387299
1687736088,389682
1687736088,403023
1687736088,403304
1687736088,405767
1687736088,407922
1687736088,409923
1687736088,420313
1687736088,430701
1687736088,435379
1687736088,439373
1687736088,447611
1687736088,450575
1687736088,469400
1687736088,470881
1687736088,495269
1687736088,501584
1687736088,505017
1687736088,508356
1687736088,535718
1687736088,536565
1687736088,542365
1687736088,542972
1687736088,549849
1687736088,572821
1687736088,577519
1687736088,597633
1687736088,598192
1687736088,602331
1687736088,608338
1687736088,611130
1687736088,614505
1687736088,626623
1687736088,635444
1687736088,636208
1687736088,638254
1687736088,641577
1687736088,656588
1687736088,669060
1687736088,670282
1687736088,675577
1687736088,676854
1687736088,679930
1687736088,681416
1687736088,684960
1687736088,687222
1687736088,687834
1687736088,691329
1687736088,696567
1687736089,359760
1687736089,361704
1687736089,366716
1687736089,368265
1687736089,368375
1687736089,375786
1687736089,376893
1687736089,382717
1687736089,386921
1687736089,394372
1687736089,400062
1687736089,401675
1687736089,403262
1687736089,406375
1687736089,408439
1687736089,433697
1687736089,434237
1687736089,438035
1687736089,439509
1687736089,466369
1687736089,473547
1687736089,491689
1687736089,492192
1687736089,494618
1687736089,501984
1687736089,514714
1687736089,540404
1687736089,544076
1687736089,567717
1687736089,594828
1687736089,597328
1687736089,597569
1687736089,606557
1687736089,614342
1687736089,631341
1687736089,638992
1687736089,650699
1687736089,657027
1687736089,660411
1687736089,661540
1687736089,662342
1687736089,663636
1687736089,679015
1687736089,680155
1687736089,681219
1687736089,685018
1687736089,688295
1687736090,351698
1687736090,356420
1687736090,364301
1687736090,365143
1687736090,369079
1687736090,377261
1687736090,378442
1687736090,380073
1687736090,380933
1687736090,386902
1687736090,392006
1687736090,401176
1687736090,417996
1687736090,418818
1687736090,422518
1687736090,422651
1687736090,425638
1687736090,426238
1687736090,430719
1687736090,446600
1687736090,458334
1687736090,459593
1687736090,460614
1687736090,480734
1687736090,486042
1687736090,510645
1687736090,520512
1687736090,527753
1687736090,539046
1687736090,552305
1687736090,559590
1687736090,565567
1687736090,588156
1687736090,590973
1687736090,610406
1687736090,621812
1687736090,626454
1687736090,638719
1687736090,655271
1687736090,658746
1687736090,665021
1687736090,665894
1687736090,675017
1687736090,677550
1687736090,680879
1687736090,684241
1687736090,691490
1687736090,692012
1687736090,696996
1687736091,359730
1687736091,361220
1687736091,364784
1687736091,367210
1687736091,367339
1687736091,369344
1687736091,371237
1687736091,375066
1687736091,375900
1687736091,379530
1687736091,381360
1687736091,384315
1687736091,388898
1687736091,389376
1687736091,395800
1687736091,417653
1687736091,421521
1687736091,423787
1687736091,447800
1687736091,447801
1687736091,463646
1687736091,468795
1687736091,487882
1687736091,489766
1687736091,493324
1687736091,516803
1687736091,519470
1687736091,523637
1687736091,525316
1687736091,548007
1687736091,554633
1687736091,554812
1687736091,560827
1687736091,567575
1687736091,587904
1687736091,590895
1687736091,593818
1687736091,616415
1687736091,621615
1687736091,621850
1687736091,627622
1687736091,639659
1687736091,648878
1687736091,651325
1687736091,653374
1687736091,668406
1687736091,674198
1687736091,674615
1687736091,679144
1687736091,680725
1687736091,682928
1687736091,685391
1687736091,689051
1687736091,689381
1687736091,699391
1687736092,362328
1687736092,365553
1687736092,370759
1687736092,378057
1687736092,393536
1687736092,396459
1687736092,399737
1687736092,399740
1687736092,420319
1687736092,420811
1687736092,443639
1687736092,445271
1687736092,457555
1687736092,483267
1687736092,483691
1687736092,487064
1687736092,494203
1687736092,518600
1687736092,524718
1687736092,551935
1687736092,563043
1687736092,564453
1687736092,578780
1687736092,590148
1687736092,590785
1687736092,592149
1687736092,600511
1687736092,619278
1687736092,620150
1687736092,622219
1687736092,643346
1687736092,645391
1687736092,647122
1687736092,649020
1687736092,659926
1687736092,662979
1687736092,670199
1687736092,682710
1687736092,683098
1687736092,685031
1687736092,686598
1687736092,689197
1687736093,365832
1687736093,366511
1687736093,368371
1687736093,373507
1687736093,374129
1687736093,374961
1687736093,375332
1687736093,375506
1687736093,378622
1687736093,380041
1687736093,385505
1687736093,389993
1687736093,398801
1687736093,414753
1687736093,423996
1687736093,432891
1687736093,440182
1687736093,442323
1687736093,443550
1687736093,461683
1687736093,463841
1687736093,464719
1687736093,476133
1687736093,504171
1687736093,508816
1687736093,529149
1687736093,538335
1687736093,540394
1687736093,546984
1687736093,562418
1687736093,572390
1687736093,580572
1687736093,598536
1687736093,612239
1687736093,613015
1687736093,624953
1687736093,626734
1687736093,641638
1687736093,645734
1687736093,647215
1687736093,649398
1687736093,653012
1687736093,663682
1687736093,667220
1687736093,668818
1687736093,671473
1687736093,681154
1687736093,682813
1687736093,683029
1687736093,691836
1687736093,694776
1687736093,697840
1687736094,348657
1687736094,358444
1687736094,362240
1687736094,363353
1687736094,378915
1687736094,383787
1687736094,385699
1687736094,389934
1687736094,400719
1687736094,408616
1687736094,413888
1687736094,420185
1687736094,437227
1687736094,438030
1687736094,469320
1687736094,473662
1687736094,474323
1687736094,476213
1687736094,501704
1687736094,503177
1687736094,506699
1687736094,508627
1687736094,536051
1687736094,543325
1687736094,544234
1687736094,558279
1687736094,564571
1687736094,568792
1687736094,573118
1687736094,575518
1687736094,584618
1687736094,604114
1687736094,617243
1687736094,632242
1687736094,633378
1687736094,635605
1687736094,649286
1687736094,670987
1687736094,677947
1687736094,678382
1687736094,682192
1687736094,687084
1687736094,688489
1687736094,691991
1687736095,353771
1687736095,365658
1687736095,368916
1687736095,368941
1687736095,371282
1687736095,371521
1687736095,376425
1687736095,376604
1687736095,381137
1687736095,381327
1687736095,386389
1687736095,388450
1687736095,395199
1687736095,395562
1687736095,415849
1687736095,418554
1687736095,435357
1687736095,436349
1687736095,440734
1687736095,459202
1687736095,468727
1687736095,477292
1687736095,484230
1687736095,485840
1687736095,502522
1687736095,516194
1687736095,528148
1687736095,533182
1687736095,534112
1687736095,545273
1687736095,571941
1687736095,576519
1687736095,576962
1687736095,585547
1687736095,604171
1687736095,611021
1687736095,633538
1687736095,636913
1687736095,637876
1687736095,653306
1687736095,659133
1687736095,660198
1687736095,662231
1687736095,666151
1687736095,673334
1687736095,679182
1687736095,680669
1687736095,684343
1687736095,687579
1687736095,697763
1687736096,357044
1687736096,361173
1687736096,367162
1687736096,369327
1687736096,370750
1687736096,373477
1687736096,379641
1687736096,385623
1687736096,397192
1687736096,397724
1687736096,404244
1687736096,407063
1687736096,445872
1687736096,452328
1687736096,458224
1687736096,477317
1687736096,495998
1687736096,498268
1687736096,500232
1687736096,510513
1687736096,518096
1687736096,519338
1687736096,544100
1687736096,553850
1687736096,566490
1687736096,583546
1687736096,596360
1687736096,600956
1687736096,608897
1687736096,611437
1687736096,612895
1687736096,626296
1687736096,630876
1687736096,658925
1687736096,661466
1687736096,667077
1687736096,669664
1687736096,672115
1687736096,679738
1687736096,680583
1687736096,682021
1687736096,682260
1687736096,685135
1687736096,690422
1687736097,357557
1687736097,359480
1687736097,361671
1687736097,364715
1687736097,366289
1687736097,368661
1687736097,369646
1687736097,370347
1687736097,371871
1687736097,378033
1687736097,384479
1687736097,389990
1687736097,392223
1687736097,395407
1687736097,396411
1687736097,398615
1687736097,413360
1687736097,413606
1687736097,416573
1687736097,420782
1687736097,428169
1687736097,451770
1687736097,451912
1687736097,452170
1687736097,452691
1687736097,472358
1687736097,480727
1687736097,485270
1687736097,490718
1687736097,500749
1687736097,508875
1687736097,524903
1687736097,551601
1687736097,552048
1687736097,556531
1687736097,560089
1687736097,561422
1687736097,580245
1687736097,585105
1687736097,587206
1687736097,589262
1687736097,590293
1687736097,595954
1687736097,619006
1687736097,627649
1687736097,640917
1687736097,652414
1687736097,654009
1687736097,654924
1687736097,657908
1687736097,658070
1687736097,663720
1687736097,673855
1687736097,684629
1687736097,686704
1687736097,689959
1687736097,690306
1687736098,355582
1687736098,364067
1687736098,365488
1687736098,365495
1687736098,366291
1687736098,371283
1687736098,372692
1687736098,373630
1687736098,374989
1687736098,376991
1687736098,378498
1687736098,398588
1687736098,417245
1687736098,428210
1687736098,449454
1687736098,454809
1687736098,455057
1687736098,484375
1687736098,485128
1687736098,494296
1687736098,495630
1687736098,517098
1687736098,518383
1687736098,520735
1687736098,524097
1687736098,528869
1687736098,530514
1687736098,551199
1687736098,571248
1687736098,581733
1687736098,592260
1687736098,594554
1687736098,615441
1687736098,617866
1687736098,620946
1687736098,621579
1687736098,623211
1687736098,633681
1687736098,639707
1687736098,643093
1687736098,652128
1687736098,663673
1687736098,673697
1687736098,680133
1687736098,681195
1687736098,689980
1687736098,691297
1687736098,694696
1687736098,695984
1687736099,345634
1687736099,365261
1687736099,365318
1687736099,367290
1687736099,370511
1687736099,371787
1687736099,372833
1687736099,374928
1687736099,378761
1687736099,380116
1687736099,384594
1687736099,386724
1687736099,393664
1687736099,394719
1687736099,418342
1687736099,418673
1687736099,426015
1687736099,444280
1687736099,461324
1687736099,468404
1687736099,474631
1687736099,478964
1687736099,479762
1687736099,499108
1687736099,512975
1687736099,521455
1687736099,522979
1687736099,533598
1687736099,533897
1687736099,548583
1687736099,557266
1687736099,560990
1687736099,566802
1687736099,573686
1687736099,585179
1687736099,599959
1687736099,610910
1687736099,611861
1687736099,624673
1687736099,642329
1687736099,644436
1687736099,647494
1687736099,669740
1687736099,673398
1687736099,673602
1687736099,674852
1687736099,682056
1687736099,691380
1687736099,692410
1687736099,692648
1687736100,352650
1687736100,357014
1687736100,358630
1687736100,365600
1687736100,368178
1687736100,369135
1687736100,370286
1687736100,372943
1687736100,373817
1687736100,375127
1687736100,386566
1687736100,390025
1687736100,394650
1687736100,402621
1687736100,406507
1687736100,407026
1687736100,407191
1687736100,425973
1687736100,438221
1687736100,442798
1687736100,448313
1687736100,468683
1687736100,475527
1687736100,500049
1687736100,504365
1687736100,507204
1687736100,509520
1687736100,530559
1687736100,543013
1687736100,551749
1687736100,568661
1687736100,573222
1687736100,574275
1687736100,603939
1687736100,604754
1687736100,607628
1687736100,611058
1687736100,626779
1687736100,627170
1687736100,632684
1687736100,642857
1687736100,645489
1687736100,654282
1687736100,664731
1687736100,670168
1687736100,671336
1687736100,681144
1687736100,681192
1687736100,682433
1687736100,686011
1687736100,688239
1687736100,688969
1687736100,693149
1687736101,355369
1687736101,362905
1687736101,368931
1687736101,370337
1687736101,374178
1687736101,377101
1687736101,378738
1687736101,384326
1687736101,385351
1687736101,386274
1687736101,407921
1687736101,410580
1687736101,431010
1687736101,431706
1687736101,436518
1687736101,438937
1687736101,441950
1687736101,442994
1687736101,467690
1687736101,469762
1687736101,471160
1687736101,495766
1687736101,506858
1687736101,509648
1687736101,532751
1687736101,536822
1687736101,543772
1687736101,547784
1687736101,573042
1687736101,575250
1687736101,576541
1687736101,601119
1687736101,610267
1687736101,610351
1687736101,628177
1687736101,631022
1687736101,633367
1687736101,640358
1687736101,654852
1687736101,664108
1687736101,666477
1687736101,675629
1687736101,678163
1687736101,679457
1687736101,686539
1687736101,688642
1687736101,691168
1687736101,695164
1687736102,361034
1687736102,364376
1687736102,366449
1687736102,367683
1687736102,377794
1687736102,378404
1687736102,381088
1687736102,385411
1687736102,386965
1687736102,387457
1687736102,398686
1687736102,402658
1687736102,403067
1687736102,411466
1687736102,426790
1687736102,442520
1687736102,446667
1687736102,467065
1687736102,469545
1687736102,478333
1687736102,483019
1687736102,505761
1687736102,528523
1687736102,529699
1687736102,532133
1687736102,541818
1687736102,551204
1687736102,569930
1687736102,573717
1687736102,581718
1687736102,582059
1687736102,599734
1687736102,606098
1687736102,607982
1687736102,626034
1687736102,632262
1687736102,660598
1687736102,661749
1687736102,661760
1687736102,664728
1687736102,674819
1687736102,676334
1687736102,685294
1687736102,689637
1687736102,691913
1687736103,360825
1687736103,367335
1687736103,369828
1687736103,370067
1687736103,371782
1687736103,371932
1687736103,372412
1687736103,379139
1687736103,379522
1687736103,380007
1687736103,387188
1687736103,394738
1687736103,399621
1687736103,414478
1687736103,415944
1687736103,418130
1687736103,422251
1687736103,425097
1687736103,429437
1687736103,442928
1687736103,463487
1687736103,481109
1687736103,484152
1687736103,490885
1687736103,492923
1687736103,498477
1687736103,510517
1687736103,516075
1687736103,517189
1687736103,518706
1687736103,531236
1687736103,533707
1687736103,548280
1687736103,549487
1687736103,559216
1687736103,572772
1687736103,585004
1687736103,591185
1687736103,597704
1687736103,599380
1687736103,605537
1687736103,613516
1687736103,614172
1687736103,626821
1687736103,632618
1687736103,642251
1687736103,650141
1687736103,657927
1687736103,664393
1687736103,670303
1687736103,671611
1687736103,682893
1687736103,683975
1687736103,688462
1687736103,690270
1687736103,691561
1687736103,694721
1687736103,695911
1687736104,351884
1687736104,361001
1687736104,362389
1687736104,363867
1687736104,370346
1687736104,372335
1687736104,377079
1687736104,377876
1687736104,390604
1687736104,399455
1687736104,401292
1687736104,417992
1687736104,422367
1687736104,422978
1687736104,448098
1687736104,450523
1687736104,452759
1687736104,456642
1687736104,459771
1687736104,481750
1687736104,485363
1687736104,505617
1687736104,523628
1687736104,551376
1687736104,562015
1687736104,587034
1687736104,595227
1687736104,596387
1687736104,598573
1687736104,616720
1687736104,623247
1687736104,639466
1687736104,642925
1687736104,648265
1687736104,651936
1687736104,655123
1687736104,658942
1687736104,669303
1687736104,676218
1687736104,680908
1687736104,683357
1687736104,690903
1687736104,693329
1687736105,363566
1687736105,366659
1687736105,367519
1687736105,368808
1687736105,373421
1687736105,376735
1687736105,380368
1687736105,389808
1687736105,394123
1687736105,396630
1687736105,399797
1687736105,420552
1687736105,434924
1687736105,437437
1687736105,441197
1687736105,445149
1687736105,460335
1687736105,486345
1687736105,496688
1687736105,520597
1687736105,521900
1687736105,523917
1687736105,539332
1687736105,556410
1687736105,570121
1687736105,582877
1687736105,593465
1687736105,603247
1687736105,604800
1687736105,621405
1687736105,624610
1687736105,637035
1687736105,649056
1687736105,649853
1687736105,653451
1687736105,660205
1687736105,664907
1687736105,666827
1687736105,670249
1687736105,675585
1687736105,681453
1687736105,682626
1687736105,683003
1687736106,352859
1687736106,354549
1687736106,362269
1687736106,364711
1687736106,364869
1687736106,371680
1687736106,375702
1687736106,376555
1687736106,388166
1687736106,388356
1687736106,388978
1687736106,412434
1687736106,413413
1687736106,417722
1687736106,431327
1687736106,432376
1687736106,433506
1687736106,441014
1687736106,454775
1687736106,468408
1687736106,474034
1687736106,475193
1687736106,489152
1687736106,492645
1687736106,499160
1687736106,516596
1687736106,517691
1687736106,532841
1687736106,535760
1687736106,537100
1687736106,542878
1687736106,547217
1687736106,564438
1687736106,568512
1687736106,571897
1687736106,577013
1687736106,595938
1687736106,616863
1687736106,619868
1687736106,621143
1687736106,621444
1687736106,628411
1687736106,629477
1687736106,636535
1687736106,642024
1687736106,643954
1687736106,644640
1687736106,646938
1687736106,672862
1687736106,674398
1687736106,683134
1687736106,687042
1687736106,687497
1687736106,688270
1687736106,702879
1687736107,359831
1687736107,360990
1687736107,369736
1687736107,373065
1687736107,373358
1687736107,376691
1687736107,378468
1687736107,380302
1687736107,381931
1687736107,383982
1687736107,390406
1687736107,399297
1687736107,404821
1687736107,411548
1687736107,414879
1687736107,437410
1687736107,437809
1687736107,438029
1687736107,460685
1687736107,463531
1687736107,464830
1687736107,474251
1687736107,474908
1687736107,498346
1687736107,499254
1687736107,510578
1687736107,518801
1687736107,540101
1687736107,540920
1687736107,541591
1687736107,544233
1687736107,565681
1687736107,572236
1687736107,577859
1687736107,578935
1687736107,602021
1687736107,603565
1687736107,607858
1687736107,632425
1687736107,642351
1687736107,654334
1687736107,654343
1687736107,654479
1687736107,663770
1687736107,666875
1687736107,668156
1687736107,671982
1687736107,672124
1687736107,676289
1687736107,676438
1687736107,677070
1687736107,677485
1687736107,684508
1687736107,686521
1687736107,687568
1687736107,691021
1687736107,697560
1687736108,346179
1687736108,363120
1687736108,365895
1687736108,367691
1687736108,370592
1687736108,374753
1687736108,385931
1687736108,390992
1687736108,401687
1687736108,407431
1687736108,409788
1687736108,411806
1687736108,427152
1687736108,433743
1687736108,449747
1687736108,467235
1687736108,472934
1687736108,493319
1687736108,499580
1687736108,507077
1687736108,510379
1687736108,534482
1687736108,537948
1687736108,558954
1687736108,565654
1687736108,570798
1687736108,579420
1687736108,596288
1687736108,600301
1687736108,609955
1687736108,612802
1687736108,616103
1687736108,627936
1687736108,636655
1687736108,637741
1687736108,639669
1687736108,647802
1687736108,658014
1687736108,671059
1687736108,676035
1687736108,676302
1687736108,678282
1687736108,681048
1687736108,685308
1687736109,359395
1687736109,361667
1687736109,366658
1687736109,367625
1687736109,375962
1687736109,377225
1687736109,381815
1687736109,387861
1687736109,392984
1687736109,395776
1687736109,398471
1687736109,400157
1687736109,401770
1687736109,404683
1687736109,408154
1687736109,432004
1687736109,439921
1687736109,441349
1687736109,464277
1687736109,475782
1687736109,489711
1687736109,494142
1687736109,499591
1687736109,499715
1687736109,516825
1687736109,542707
1687736109,546235
1687736109,565842
1687736109,595247
1687736109,595756
1687736109,596488
1687736109,604311
1687736109,615895
1687736109,629453
1687736109,635560
1687736109,640350
1687736109,658318
1687736109,659013
1687736109,660165
1687736109,660446
1687736109,662290
1687736109,663955
1687736109,666954
1687736109,674252
1687736109,678616
1687736109,680175
1687736109,682237
1687736109,684165
1687736109,688019
1687736110,351039
1687736110,357141
1687736110,364093
1687736110,365610
1687736110,369416
1687736110,378229
1687736110,378956
1687736110,378997
1687736110,380167
1687736110,381979
1687736110,388295
1687736110,392861
1687736110,399731
1687736110,416264
1687736110,420303
1687736110,420774
1687736110,424555
1687736110,424663
1687736110,448688
1687736110,456387
1687736110,457365
1687736110,458591
1687736110,482673
1687736110,488026
1687736110,492399
1687736110,512739
1687736110,518336
1687736110,525893
1687736110,554604
1687736110,556298
1687736110,563428
1687736110,590204
1687736110,592854
1687736110,600373
1687736110,611867
1687736110,619804
1687736110,624400
1687736110,640373
1687736110,641044
1687736110,653752
1687736110,659761
1687736110,662531
1687736110,666138
1687736110,674198
1687736110,678591
1687736110,679750
1687736110,683937
1687736110,691070
1687736110,692186
1687736110,696647
1687736111,359704
1687736111,361063
1687736111,363889
1687736111,365626
1687736111,366535
1687736111,369058
1687736111,371787
1687736111,373728
1687736111,377042
1687736111,378336
1687736111,384909
1687736111,390320
1687736111,390687
1687736111,394556
1687736111,419659
1687736111,425654
1687736111,445920
1687736111,449878
1687736111,459504
1687736111,465715
1687736111,470904
1687736111,485939
1687736111,491875
1687736111,517687
1687736111,518764
1687736111,519179
1687736111,523268
1687736111,525656
1687736111,552775
1687736111,556805
1687736111,560586
1687736111,573366
1687736111,585804
1687736111,589087
1687736111,595621
1687736111,617897
1687736111,619817
1687736111,623021
1687736111,625609
1687736111,650084
1687736111,651946
1687736111,652459
1687736111,669585
1687736111,673444
1687736111,673817
1687736111,675408
1687736111,679268
1687736111,681286
1687736111,683595
1687736111,686065
1687736111,688463
1687736111,689383
1687736111,699518
1687736112,346099
1687736112,362410
1687736112,365528
1687736112,371342
1687736112,372853
1687736112,392054
1687736112,395008
1687736112,401139
1687736112,401402
1687736112,418723
1687736112,422968
1687736112,441360
1687736112,443052
1687736112,454686
1687736112,480981
1687736112,481551
1687736112,482123
1687736112,500943
1687736112,516589
1687736112,526871
1687736112,546287
1687736112,550152
1687736112,561072
1687736112,565209
1687736112,566559
1687736112,588351
1687736112,590370
1687736112,592004
1687736112,602287
1687736112,618117
1687736112,620884
1687736112,623838
1687736112,643623
1687736112,644779
1687736112,647209
1687736112,648204
1687736112,657285
1687736112,658151
1687736112,664165
1687736112,668946
1687736112,682263
1687736112,682343
1687736112,683095
1687736112,685557
1687736112,687207
1687736112,689285
1687736113,358046
1687736113,365512
1687736113,366922
1687736113,368236
1687736113,373431
1687736113,373538
1687736113,374064
1687736113,374708
1687736113,376088
1687736113,378993
1687736113,379317
1687736113,384524
1687736113,400608
1687736113,403275
1687736113,407044
1687736113,413026
1687736113,425856
1687736113,435020
1687736113,440299
1687736113,441657
1687736113,442353
1687736113,461887
1687736113,463852
1687736113,466773
1687736113,473876
1687736113,489552
1687736113,506662
1687736113,531389
1687736113,538416
1687736113,540362
1687736113,545103
1687736113,574451
1687736113,578398
1687736113,590433
1687736113,600340
1687736113,608797
1687736113,610270
1687736113,611064
1687736113,626322
1687736113,627821
1687736113,639966
1687736113,645311
1687736113,647630
1687736113,654300
1687736113,665775
1687736113,666019
1687736113,667947
1687736113,672677
1687736113,682314
1687736113,682646
1687736113,692529
1687736113,694835
1687736113,697611
1687736114,348261
1687736114,359175
1687736114,361896
1687736114,363534
1687736114,368191
1687736114,376636
1687736114,379462
1687736114,383117
1687736114,385267
1687736114,386637
1687736114,402271
1687736114,412373
1687736114,416439
1687736114,421985
1687736114,434927
1687736114,440151
1687736114,471229
1687736114,471309
1687736114,472124
1687736114,478168
1687736114,500405
1687736114,503794
1687736114,505223
1687736114,506521
1687736114,514340
1687736114,525165
1687736114,538282
1687736114,541347
1687736114,546311
1687736114,562363
1687736114,570755
1687736114,571201
1687736114,573600
1687736114,605712
1687736114,614533
1687736114,618825
1687736114,633520
1687736114,633858
1687736114,634960
1687736114,650520
1687736114,659603
1687736114,667475
1687736114,671843
1687736114,678411
1687736114,679132
1687736114,680195
1687736114,682782
1687736114,686810
1687736114,692628
1687736115,353721
1687736115,367492
1687736115,368610
1687736115,369283
1687736115,371313
1687736115,371605
1687736115,372075
1687736115,380334
1687736115,382193
1687736115,385464
1687736115,387456
1687736115,391206
1687736115,393986
1687736115,396684
1687736115,404250
1687736115,404822
1687736115,413001
1687736115,417800
1687736115,418685
1687736115,420150
1687736115,433602
1687736115,438426
1687736115,442736
1687736115,457284
1687736115,466062
1687736115,466675
1687736115,479413
1687736115,483863
1687736115,518033
1687736115,526130
1687736115,531022
1687736115,532009
1687736115,547306
1687736115,569316
1687736115,569937
1687736115,578560
1687736115,579031
1687736115,587509
1687736115,602168
1687736115,609484
1687736115,612530
1687736115,631438
1687736115,635239
1687736115,639178
1687736115,654319
1687736115,658750
1687736115,663548
1687736115,664338
1687736115,674587
1687736115,678500
1687736115,680161
1687736115,682013
1687736115,684335
1687736115,687530
1687736115,698147
1687736116,356835
1687736116,360249
1687736116,363350
1687736116,368606
1687736116,368763
1687736116,371649
1687736116,372755
1687736116,374276
1687736116,378588
1687736116,386725
1687736116,396049
1687736116,402984
1687736116,405647
1687736116,429784
1687736116,430691
1687736116,447912
1687736116,454317
1687736116,455894
1687736116,479346
1687736116,492657
1687736116,494068
1687736116,498051
1687736116,498557
1687736116,500557
1687736116,512602
1687736116,520199
1687736116,521381
1687736116,540520
1687736116,546286
1687736116,551873
1687736116,555857
1687736116,564735
1687736116,585547
1687736116,594376
1687736116,599173
1687736116,606996
1687736116,612914
1687736116,614567
1687736116,624226
1687736116,632366
1687736116,636923
1687736116,657388
1687736116,659325
1687736116,662925
1687736116,668067
1687736116,671456
1687736116,675644
1687736116,680688
1687736116,681258
1687736116,681507
1687736116,682489
1687736116,683335
1687736116,683356
1687736116,685326
1687736116,695029
1687736117,358689
1687736117,361854
1687736117,366550
1687736117,368849
1687736117,369332
1687736117,370326
1687736117,370570
1687736117,371739
1687736117,377009
1687736117,377830
1687736117,385273
1687736117,385374
1687736117,390839
1687736117,393904
1687736117,395328
1687736117,396400
1687736117,397308
1687736117,402681
1687736117,411764
1687736117,415257
1687736117,418469
1687736117,419082
1687736117,424243
1687736117,432754
1687736117,449601
1687736117,450143
1687736117,482726
1687736117,483333
1687736117,496336
1687736117,506981
1687736117,522982
1687736117,541960
1687736117,549835
1687736117,553695
1687736117,554551
1687736117,558069
1687736117,563645
1687736117,582132
1687736117,585075
1687736117,587243
1687736117,587249
1687736117,592135
1687736117,594167
1687736117,619022
1687736117,620534
1687736117,625546
1687736117,636832
1687736117,642263
1687736117,650513
1687736117,652264
1687736117,653352
1687736117,658910
1687736117,665073
1687736117,672876
1687736117,686088
1687736117,689945
1687736117,691652
1687736118,357910
1687736118,363568
1687736118,365014
1687736118,365216
1687736118,366850
1687736118,373926
1687736118,374155
1687736118,377636
1687736118,399790
1687736118,415434
1687736118,424047
1687736118,426485
1687736118,430239
1687736118,430515
1687736118,447592
1687736118,452935
1687736118,474486
1687736118,482101
1687736118,487194
1687736118,489233
1687736118,497664
1687736118,518994
1687736118,520547
1687736118,526391
1687736118,526840
1687736118,531588
1687736118,532487
1687736118,549411
1687736118,558589
1687736118,579530
1687736118,580827
1687736118,594078
1687736118,596158
1687736118,601112
1687736118,616782
1687736118,619841
1687736118,624850
1687736118,631614
1687736118,643475
1687736118,644590
1687736118,653433
1687736118,664778
1687736118,671439
1687736118,672865
1687736118,680926
1687736118,680980
1687736118,687017
1687736118,689025
1687736118,689237
1687736118,690843
1687736118,694479
1687736119,365639
1687736119,367209
1687736119,367306
1687736119,368798
1687736119,371337
1687736119,372072
1687736119,372096
1687736119,376393
1687736119,377882
1687736119,381204
1687736119,385185
1687736119,387615
1687736119,393316
1687736119,394963
1687736119,407111
1687736119,416496
1687736119,416969
1687736119,419317
1687736119,428250
1687736119,442126
1687736119,463259
1687736119,470370
1687736119,472852
1687736119,476736
1687736119,477543
1687736119,494671
1687736119,503471
1687736119,510975
1687736119,530758
1687736119,536039
1687736119,546729
1687736119,559408
1687736119,563098
1687736119,568867
1687736119,571312
1687736119,583122
1687736119,601655
1687736119,603466
1687736119,608883
1687736119,609904
1687736119,616000
1687736119,626263
1687736119,645604
1687736119,648963
1687736119,668509
1687736119,670863
1687736119,672407
1687736119,674199
1687736119,680856
1687736119,691483
1687736120,352624
1687736120,358316
1687736120,366156
1687736120,368552
1687736120,368855
1687736120,371974
1687736120,375777
1687736120,378881
1687736120,385164
1687736120,388870
1687736120,395356
1687736120,404257
1687736120,405894
1687736120,409021
1687736120,428014
1687736120,440965
1687736120,446321
1687736120,448742
1687736120,470828
1687736120,473414
1687736120,502037
1687736120,502333
1687736120,504854
1687736120,507666
1687736120,509203
1687736120,529232
1687736120,532815
1687736120,540973
1687736120,545719
1687736120,549763
1687736120,557221
1687736120,570768
1687736120,570922
1687736120,572173
1687736120,575058
1687736120,605592
1687736120,605720
1687736120,606305
1687736120,628150
1687736120,628804
1687736120,630667
1687736120,638446
1687736120,640908
1687736120,641080
1687736120,644009
1687736120,653120
1687736120,655761
1687736120,669952
1687736120,671494
1687736120,680526
1687736120,680842
1687736120,682497
1687736120,686631
1687736120,689151
1687736120,689162
1687736120,693030
1687736121,354824
1687736121,362830
1687736121,365174
1687736121,369886
1687736121,374076
1687736121,376862
1687736121,379174
1687736121,385203
1687736121,385922
1687736121,386952
1687736121,406626
1687736121,409108
1687736121,432918
1687736121,433373
1687736121,436210
1687736121,436872
1687736121,438372
1687736121,444029
1687736121,445010
1687736121,454905
1687736121,468986
1687736121,469843
1687736121,471956
1687736121,493552
1687736121,504620
1687736121,511767
1687736121,535146
1687736121,538930
1687736121,577382
1687736121,578671
1687736121,599016
1687736121,608403
1687736121,611918
1687736121,629483
1687736121,631796
1687736121,632475
1687736121,655714
1687736121,655842
1687736121,664539
1687736121,665243
1687736121,676451
1687736121,679278
1687736121,679937
1687736121,685873
1687736121,688972
1687736121,689780
1687736121,690322
1687736122,361355
1687736122,364789
1687736122,366450
1687736122,367023
1687736122,372422
1687736122,377303
1687736122,378706
1687736122,382314
1687736122,385707
1687736122,388554
1687736122,396917
1687736122,401725
1687736122,424952
1687736122,444702
1687736122,445098
1687736122,454862
1687736122,464850
1687736122,467647
1687736122,480324
1687736122,485024
1687736122,496098
1687736122,497558
1687736122,507768
1687736122,526550
1687736122,530090
1687736122,531746
1687736122,543976
1687736122,553376
1687736122,567882
1687736122,571841
1687736122,579767
1687736122,583633
1687736122,597752
1687736122,607580
1687736122,637051
1687736122,643811
1687736122,659046
1687736122,660367
1687736122,666108
1687736122,674048
1687736122,675050
1687736122,684175
1687736122,687760
1687736122,689254
1687736122,692293
1687736123,361087
1687736123,366682
1687736123,369651
1687736123,370375
1687736123,370604
1687736123,372082
1687736123,378284
1687736123,378994
1687736123,388579
1687736123,388697
1687736123,393165
1687736123,398126
1687736123,415857
1687736123,417544
1687736123,420193
1687736123,423537
1687736123,428123
1687736123,461163
1687736123,486379
1687736123,488408
1687736123,490944
1687736123,496268
1687736123,512627
1687736123,516405
1687736123,518142
1687736123,519211
1687736123,531513
1687736123,550574
1687736123,551696
1687736123,556938
1687736123,570722
1687736123,582635
1687736123,586818
1687736123,592934
1687736123,595681
1687736123,615164
1687736123,615479
1687736123,624621
1687736123,630762
1687736123,643475
1687736123,648743
1687736123,658846
1687736123,665539
1687736123,669686
1687736123,672503
1687736123,674644
1687736123,683734
1687736123,684063
1687736123,691568
1687736123,694530
1687736123,695525
1687736124,352512
1687736124,360140
1687736124,362316
1687736124,364215
1687736124,371566
1687736124,373408
1687736124,376915
1687736124,377630
1687736124,391744
1687736124,391776
1687736124,396475
1687736124,397828
1687736124,406635
1687736124,416280
1687736124,420641
1687736124,424323
1687736124,442949
1687736124,446053
1687736124,448196
1687736124,461809
1687736124,483757
1687736124,521441
1687736124,549236
1687736124,557083
1687736124,563204
1687736124,564026
1687736124,589071
1687736124,593183
1687736124,594535
1687736124,596695
1687736124,618459
1687736124,621280
1687736124,638629
1687736124,640895
1687736124,646109
1687736124,651439
1687736124,653293
1687736124,660262
1687736124,666749
1687736124,675033
1687736124,677023
1687736124,680571
1687736124,689665
1687736124,693637
1687736125,356448
1687736125,366893
1687736125,367199
1687736125,369484
1687736125,371087
1687736125,375723
1687736125,380752
1687736125,388526
1687736125,390841
1687736125,395771
1687736125,400702
1687736125,418735
1687736125,439555
1687736125,443340
1687736125,454111
1687736125,462477
1687736125,482827
1687736125,488406
1687736125,498590
1687736125,518464
1687736125,523957
1687736125,526012
1687736125,537113
1687736125,554314
1687736125,580593
1687736125,595375
1687736125,605050
1687736125,606397
1687736125,619532
1687736125,626253
1687736125,647152
1687736125,651234
1687736125,651806
1687736125,661350
1687736125,665633
1687736125,667937
1687736125,675302
1687736125,681342
1687736125,682448
1687736125,683249
1687736125,691117
1687736125,692128
1687736126,352129
1687736126,355657
1687736126,362099
1687736126,365263
1687736126,368994
1687736126,370652
1687736126,375700
1687736126,375905
1687736126,376870
1687736126,388003
1687736126,389229
1687736126,400710
1687736126,411887
1687736126,413425
1687736126,415920
1687736126,433286
1687736126,435640
1687736126,439107
1687736126,457038
1687736126,471857
1687736126,472985
1687736126,491269
1687736126,501102
1687736126,514462
1687736126,515729
1687736126,535264
1687736126,537838
1687736126,545439
1687736126,566561
1687736126,570597
1687736126,574717
1687736126,597835
1687736126,614853
1687736126,617957
1687736126,619003
1687736126,622986
1687736126,629923
1687736126,631052
1687736126,642148
1687736126,645181
1687736126,645957
1687736126,672941
1687736126,674069
1687736126,675498
1687736126,686317
1687736126,688447
1687736126,688562
1687736126,696401
1687736126,702800
1687736127,361434
1687736127,365413
1687736127,365634
1687736127,370254
1687736127,372500
1687736127,373626
1687736127,379418
1687736127,381327
1687736127,382800
1687736127,389209
1687736127,409972
1687736127,425447
1687736127,435493
1687736127,436062
1687736127,439808
1687736127,461262
1687736127,462746
1687736127,471767
1687736127,477085
1687736127,497011
1687736127,500482
1687736127,508175
1687736127,538844
1687736127,542377
1687736127,543720
1687736127,563623
1687736127,572313
1687736127,574370
1687736127,576878
1687736127,580032
1687736127,601964
1687736127,603836
1687736127,605250
1687736127,606003
1687736127,614440
1687736127,633746
1687736127,640677
1687736127,649935
1687736127,655382
1687736127,655427
1687736127,662316
1687736127,665746
1687736127,670797
1687736127,673277
1687736127,677278
1687736127,677374
1687736127,677548
1687736127,685784
1687736127,687277
1687736128,346673
1687736128,362391
1687736128,364096
1687736128,365921
1687736128,366860
1687736128,371036
1687736128,375781
1687736128,375843
1687736128,384546
1687736128,392233
1687736128,400125
1687736128,409177
1687736128,411672
1687736128,413696
1687736128,432152
1687736128,457305
1687736128,465054
1687736128,475023
1687736128,497568
1687736128,506315
1687736128,509101
1687736128,512404
1687736128,532398
1687736128,545865
1687736128,568793
1687736128,581335
1687736128,598279
1687736128,611545
1687736128,635002
1687736128,637779
1687736128,639259
1687736128,659410
1687736128,660503
1687736128,671797
1687736128,682062
1687736128,685620
1687736128,698509
1687736129,359083
1687736129,366668
1687736129,367003
1687736129,376145
1687736129,377463
1687736129,380959
1687736129,388880
1687736129,398301
1687736129,398664
1687736129,400307
1687736129,406484
1687736129,409978
1687736129,430302
1687736129,441805
1687736129,443236
1687736129,451880
1687736129,462212
1687736129,478030
1687736129,487736
1687736129,490183
1687736129,497431
1687736129,518963
1687736129,545012
1687736129,548409
1687736129,553861
1687736129,563716
1687736129,563951
1687736129,593141
1687736129,593887
1687736129,602044
1687736129,617440
1687736129,627541
1687736129,629239
1687736129,641671
1687736129,657601
1687736129,658751
1687736129,659616
1687736129,660898
1687736129,665553
1687736129,670897
1687736129,678116
1687736129,680198
1687736129,681564
1687736129,683245
1687736129,683270
1687736129,683397
1687736129,687640
1687736129,693316
1687736130,350442
1687736130,357861
1687736130,363515
1687736130,366098
1687736130,377862
1687736130,379022
1687736130,379198
1687736130,379562
1687736130,383070
1687736130,389745
1687736130,393788
1687736130,414528
1687736130,418855
1687736130,420611
1687736130,422901
1687736130,426792
1687736130,450775
1687736130,454471
1687736130,455151
1687736130,456615
1687736130,456671
1687736130,478782
1687736130,484639
1687736130,489991
1687736130,493985
1687736130,514814
1687736130,516175
1687736130,524005
1687736130,556854
1687736130,561330
1687736130,592216
1687736130,594642
1687736130,613337
1687736130,617815
1687736130,622394
1687736130,627499
1687736130,642035
1687736130,642477
1687736130,652202
1687736130,655426
1687736130,660810
1687736130,667209
1687736130,673376
1687736130,678548
1687736130,679616
1687736130,690635
1687736130,692306
1687736130,696231
1687736131,359701
1687736131,360950
1687736131,362991
1687736131,365859
1687736131,368807
1687736131,372284
1687736131,372424
1687736131,377162
1687736131,378160
1687736131,385492
1687736131,392027
1687736131,393340
1687736131,393605
1687736131,417832
1687736131,420986
1687736131,422488
1687736131,427488
1687736131,444082
1687736131,451961
1687736131,461444
1687736131,467758
1687736131,473030
1687736131,484025
1687736131,491406
1687736131,515865
1687736131,520743
1687736131,521197
1687736131,521301
1687736131,527667
1687736131,540192
1687736131,550886
1687736131,558781
1687736131,567352
1687736131,575481
1687736131,583665
1687736131,587253
1687736131,597397
1687736131,617778
1687736131,619402
1687736131,623622
1687736131,624373
1687736131,644096
1687736131,650444
1687736131,651269
1687736131,670726
1687736131,672633
1687736131,672968
1687736131,679365
1687736131,681821
1687736131,684248
1687736131,684283
1687736131,686719
1687736131,687871
1687736131,689367
1687736131,699579
1687736132,346623
1687736132,362542
1687736132,365477
1687736132,371110
1687736132,371932
1687736132,379812
1687736132,389362
1687736132,390550
1687736132,398145
1687736132,402532
1687736132,403081
1687736132,417153
1687736132,425121
1687736132,439180
1687736132,440881
1687736132,478708
1687736132,479418
1687736132,480035
1687736132,502771
1687736132,514575
1687736132,519423
1687736132,529031
1687736132,543228
1687736132,544589
1687736132,548351
1687736132,568659
1687736132,588556
1687736132,593831
1687736132,604042
1687736132,608364
1687736132,616093
1687736132,622524
1687736132,625427
1687736132,641846
1687736132,645408
1687736132,645814
1687736132,646188
1687736132,649275
1687736132,653568
1687736132,656362
1687736132,665314
1687736132,667655
1687736132,681583
1687736132,683435
1687736132,686045
1687736132,687745
1687736132,689306
1687736133,359118
1687736133,365227
1687736133,367375
1687736133,369775
1687736133,372824
1687736133,372992
1687736133,373300
1687736133,373968
1687736133,377256
1687736133,378685
1687736133,379366
1687736133,383606
1687736133,387178
1687736133,402484
1687736133,411334
1687736133,427746
1687736133,437166
1687736133,438317
1687736133,439789
1687736133,444529
1687736133,459947
1687736133,465986
1687736133,468817
1687736133,471633
1687736133,491867
1687736133,503022
1687736133,504411
1687736133,504573
1687736133,533655
1687736133,536414
1687736133,542423
1687736133,576146
1687736133,576489
1687736133,592226
1687736133,602152
1687736133,606514
1687736133,609045
1687736133,627705
1687736133,628904
1687736133,638294
1687736133,643349
1687736133,655586
1687736133,664776
1687736133,666791
1687736133,667022
1687736133,673814
1687736133,681762
1687736133,682218
1687736133,684421
1687736133,693176
1687736133,694862
1687736133,697317
1687736134,347932
1687736134,359911
1687736134,361607
1687736134,367464
1687736134,369211
1687736134,376838
1687736134,380049
1687736134,381945
1687736134,386788
1687736134,387574
1687736134,403860
1687736134,405495
1687736134,405785
1687736134,410861
1687736134,414926
1687736134,423754
1687736134,432616
1687736134,442278
1687736134,466853
1687736134,468826
1687736134,469927
1687736134,473294
1687736134,480117
1687736134,505866
1687736134,507267
1687736134,511914
1687736134,527363
1687736134,539366
1687736134,540510
1687736134,548373
1687736134,560168
1687736134,569286
1687736134,571702
1687736134,572686
1687736134,582894
1687736134,607307
1687736134,613052
1687736134,620411
1687736134,631437
1687736134,635427
1687736134,636490
1687736134,651752
1687736134,658714
1687736134,668471
1687736134,678856
1687736134,679584
1687736134,683388
1687736134,686485
1687736134,693249
1687736135,353733
1687736135,363757
1687736135,367327
1687736135,367438
1687736135,368367
1687736135,369654
1687736135,371368
1687736135,371975
1687736135,372624
1687736135,375080
1687736135,379326
1687736135,384560
1687736135,391966
1687736135,392485
1687736135,398235
1687736135,405903
1687736135,414547
1687736135,419786
1687736135,421774
1687736135,431800
1687736135,431847
1687736135,434786
1687736135,440511
1687736135,455342
1687736135,464653
1687736135,467842
1687736135,481514
1687736135,481901
1687736135,498267
1687736135,519827
1687736135,524108
1687736135,528823
1687736135,529935
1687736135,537867
1687736135,549354
1687736135,567955
1687736135,571373
1687736135,580594
1687736135,581096
1687736135,592406
1687736135,600146
1687736135,610973
1687736135,614042
1687736135,629334
1687736135,633488
1687736135,640442
1687736135,655326
1687736135,655756
1687736135,657239
1687736135,662475
1687736135,664830
1687736135,675057
1687736135,675770
1687736135,677783
1687736135,679626
1687736135,683386
1687736135,684265
1687736135,687430
1687736135,690666
1687736135,698446
1687736136,356705
1687736136,359378
1687736136,368200
1687736136,370043
1687736136,370349
1687736136,372521
1687736136,372868
1687736136,377568
1687736136,385920
1687736136,386470
1687736136,387889
1687736136,394947
1687736136,401739
1687736136,404222
1687736136,421837
1687736136,427846
1687736136,429117
1687736136,449937
1687736136,453595
1687736136,456322
1687736136,481405
1687736136,492124
1687736136,494606
1687736136,495917
1687736136,496338
1687736136,502805
1687736136,514743
1687736136,522314
1687736136,523407
1687736136,538394
1687736136,548450
1687736136,554891
1687736136,557876
1687736136,562962
1687736136,587536
1687736136,597370
1687736136,605078
1687736136,614450
1687736136,616227
1687736136,622178
1687736136,633867
1687736136,635242
1687736136,645571
1687736136,664336
1687736136,669054
1687736136,670738
1687736136,676412
1687736136,680218
1687736136,681614
1687736136,682016
1687736136,682928
1687736136,682991
1687736136,685491
1687736137,357962
1687736137,366828
1687736137,369061
1687736137,370790
1687736137,371651
1687736137,376065
1687736137,378271
1687736137,378656
1687736137,386099
1687736137,391705
1687736137,391826
1687736137,394233
1687736137,395251
1687736137,395645
1687736137,396016
1687736137,397466
1687736137,404113
1687736137,409942
1687736137,417172
1687736137,417423
1687736137,420434
1687736137,426261
1687736137,444978
1687736137,447425
1687736137,448188
1687736137,484726
1687736137,489266
1687736137,497980
1687736137,505064
1687736137,521046
1687736137,528746
1687736137,544121
1687736137,547617
1687736137,552591
1687736137,555819
1687736137,556045
1687736137,565822
1687736137,582930
1687736137,585187
1687736137,589356
1687736137,593883
1687736137,597721
1687736137,617120
1687736137,622112
1687736137,623465
1687736137,630101
1687736137,638236
1687736137,643580
1687736137,650478
1687736137,651750
1687736137,659764
1687736137,660750
1687736137,666398
1687736137,671856
1687736137,685416
1687736137,689925
1687736137,692935
1687736138,357387
1687736138,358343
1687736138,363106
1687736138,364535
1687736138,364963
1687736138,367454
1687736138,372881
1687736138,376811
1687736138,379411
1687736138,390550
1687736138,401052
1687736138,413657
1687736138,424738
1687736138,432359
1687736138,445755
1687736138,451113
1687736138,454708
1687736138,456307
1687736138,457023
1687736138,476575
1687736138,479822
1687736138,499714
1687736138,501316
1687736138,517269
1687736138,522721
1687736138,524802
1687736138,527207
1687736138,528643
1687736138,534484
1687736138,547656
1687736138,557494
1687736138,560792
1687736138,577342
1687736138,583972
1687736138,585896
1687736138,595854
1687736138,602818
1687736138,618086
1687736138,618141
1687736138,626513
1687736138,644391
1687736138,644619
1687736138,652907
1687736138,654723
1687736138,665833
1687736138,671948
1687736138,672573
1687736138,680597
1687736138,681766
1687736138,687009
1687736138,688438
1687736138,689237
1687736138,690308
1687736138,691789
1687736138,694200
1687736139,365549
1687736139,366025
1687736139,367164
1687736139,370843
1687736139,371385
1687736139,371738
1687736139,377026
1687736139,377825
1687736139,381106
1687736139,382320
1687736139,385792
1687736139,388515
1687736139,391943
1687736139,396319
1687736139,414637
1687736139,421971
1687736139,430475
1687736139,440018
1687736139,450835
1687736139,471070
1687736139,472281
1687736139,474488
1687736139,475332
1687736139,496727
1687736139,508955
1687736139,519208
1687736139,529567
1687736139,538200
1687736139,538979
1687736139,544834
1687736139,561531
1687736139,565192
1687736139,568962
1687736139,570898
1687736139,580675
1687736139,581069
1687736139,603303
1687736139,606855
1687736139,607953
1687736139,614117
1687736139,618777
1687736139,627813
1687736139,646717
1687736139,650473
1687736139,663881
1687736139,667267
1687736139,671202
1687736139,672472
1687736139,674987
1687736139,679689
1687736139,686979
1687736139,691550
1687736140,352654
1687736140,358050
1687736140,366773
1687736140,368003
1687736140,368137
1687736140,369007
1687736140,369568
1687736140,370011
1687736140,371032
1687736140,376426
1687736140,383827
1687736140,387692
1687736140,389891
1687736140,396058
1687736140,404725
1687736140,404813
1687736140,405938
1687736140,410873
1687736140,430064
1687736140,439142
1687736140,444333
1687736140,471333
1687736140,472936
1687736140,481558
1687736140,493363
1687736140,500297
1687736140,504038
1687736140,511242
1687736140,535096
1687736140,547734
1687736140,570121
1687736140,576859
1687736140,581965
1687736140,596584
1687736140,603539
1687736140,607424
1687736140,607911
1687736140,608002
1687736140,628631
1687736140,629502
1687736140,630373
1687736140,636579
1687736140,639267
1687736140,642052
1687736140,642516
1687736140,653016
1687736140,654253
1687736140,657197
1687736140,668526
1687736140,672789
1687736140,675756
1687736140,680518
1687736140,682505
1687736140,683214
1687736140,687129
1687736140,689290
1687736140,690063
1687736140,692853
1687736141,354342
1687736141,362803
1687736141,369465
1687736141,372126
1687736141,373904
1687736141,376647
1687736141,379609
1687736141,384150
1687736141,386504
1687736141,387474
1687736141,405341
1687736141,407676
1687736141,408183
1687736141,408308
1687736141,434213
1687736141,434840
1687736141,434864
1687736141,440226
1687736141,444730
1687736141,446113
1687736141,447014
1687736141,466800
1687736141,471953
1687736141,474137
1687736141,491331
1687736141,502416
1687736141,513906
1687736141,533159
1687736141,541026
1687736141,547942
1687736141,555207
1687736141,568843
1687736141,579474
1687736141,580776
1687736141,596902
1687736141,606463
1687736141,613539
1687736141,630175
1687736141,630754
1687736141,633952
1687736141,640186
1687736141,656620
1687736141,657235
1687736141,663955
1687736141,664980
1687736141,674707
1687736141,677298
1687736141,679829
1687736141,679854
1687736141,680369
1687736141,680413
1687736141,685170
1687736141,688810
1687736141,689242
1687736141,689461
1687736142,361674
1687736142,365271
1687736142,366402
1687736142,366482
1687736142,372876
1687736142,376245
1687736142,383556
1687736142,384470
1687736142,388515
1687736142,389742
1687736142,395194
1687736142,400418
1687736142,403192
1687736142,408456
1687736142,409469
1687736142,423166
1687736142,446957
1687736142,447258
1687736142,462667
1687736142,465719
1687736142,476453
1687736142,482308
1687736142,495570
1687736142,502712
1687736142,509778
1687736142,524527
1687736142,528081
1687736142,533778
1687736142,546151
1687736142,555546
1687736142,565823
1687736142,569990
1687736142,577456
1687736142,585502
1687736142,588624
1687736142,595775
1687736142,601385
1687736142,604279
1687736142,609070
1687736142,627926
1687736142,638543
1687736142,657451
1687736142,658981
1687736142,665307
1687736142,667482
1687736142,672675
1687736142,673246
1687736142,674242
1687736142,675786
1687736142,683030
1687736142,688876
1687736142,692644
1687736143,361405
1687736143,366078
1687736143,368540
1687736143,369275
1687736143,370896
1687736143,372396
1687736143,378044
1687736143,378801
1687736143,383313
1687736143,390043
1687736143,391627
1687736143,396365
1687736143,396679
1687736143,417275
1687736143,419135
1687736143,422031
1687736143,422262
1687736143,423753
1687736143,426759
1687736143,458836
1687736143,471903
1687736143,485884
1687736143,488618
1687736143,488972
1687736143,494077
1687736143,514074
1687736143,514741
1687736143,521261
1687736143,529255
1687736143,552854
1687736143,553924
1687736143,554655
1687736143,568699
1687736143,593680
1687736143,594643
1687736143,616771
1687736143,616792
1687736143,622377
1687736143,628893
1687736143,644683
1687736143,647310
1687736143,659741
1687736143,666656
1687736143,669061
1687736143,673349
1687736143,673784
1687736143,684532
1687736143,694254
1687736143,694817
1687736143,695113
1687736143,696745
1687736144,353199
1687736144,359240
1687736144,362025
1687736144,362266
1687736144,364619
1687736144,369073
1687736144,370034
1687736144,372771
1687736144,374484
1687736144,375991
1687736144,376448
1687736144,378261
1687736144,392889
1687736144,396173
1687736144,414610
1687736144,418959
1687736144,425728
1687736144,444064
1687736144,445892
1687736144,458660
1687736144,459582
1687736144,463806
1687736144,480330
1687736144,481348
1687736144,485783
1687736144,519278
1687736144,547110
1687736144,558774
1687736144,565312
1687736144,566000
1687736144,589446
1687736144,591062
1687736144,591100
1687736144,592632
1687736144,594797
1687736144,619368
1687736144,620279
1687736144,642376
1687736144,645259
1687736144,651432
1687736144,661568
1687736144,673822
1687736144,680189
1687736144,691330
1687736144,693881
1687736145,366864
1687736145,367187
1687736145,370153
1687736145,374711
1687736145,381197
1687736145,387308
1687736145,397508
1687736145,401622
1687736145,416959
1687736145,422573
1687736145,437941
1687736145,441594
1687736145,464630
1687736145,490461
1687736145,498374
1687736145,500534
1687736145,508482
1687736145,516367
1687736145,526040
1687736145,528110
1687736145,534928
1687736145,552337
1687736145,574468
1687736145,578338
1687736145,597224
1687736145,603556
1687736145,606812
1687736145,617653
1687736145,627822
1687736145,645205
1687736145,646109
1687736145,650129
1687736145,651594
1687736145,652575
1687736145,660178
1687736145,666372
1687736145,669010
1687736145,675015
1687736145,681194
1687736145,681862
1687736145,683833
1687736145,684554
1687736145,693924
1687736146,351472
1687736146,356796
1687736146,365682
1687736146,368314
1687736146,369624
1687736146,374874
1687736146,376123
1687736146,377085
1687736146,385983
1687736146,387057
1687736146,390263
1687736146,402201
1687736146,410378
1687736146,414133
1687736146,434124
1687736146,435263
1687736146,437204
1687736146,437806
1687736146,459287
1687736146,465198
1687736146,469667
1687736146,470762
1687736146,493385
1687736146,503009
1687736146,512307
1687736146,513750
1687736146,537701
1687736146,539929
1687736146,543648
1687736146,568637
1687736146,572392
1687736146,572668
1687736146,592343
1687736146,599734
1687736146,605613
1687736146,612842
1687736146,615996
1687736146,616877
1687736146,624513
1687736146,631415
1687736146,632633
1687736146,640297
1687736146,643380
1687736146,647212
1687736146,648550
1687736146,671444
1687736146,672125
1687736146,675184
1687736146,678228
1687736146,684331
1687736146,685540
1687736146,688859
1687736146,689360
1687736146,702658
1687736147,361933
1687736147,365655
1687736147,371963
1687736147,373856
1687736147,380427
1687736147,381596
1687736147,382393
1687736147,388032
1687736147,408415
1687736147,441818
1687736147,458987
1687736147,464800
1687736147,468891
1687736147,469265
1687736147,479237
1687736147,494765
1687736147,505803
1687736147,505804
1687736147,536751
1687736147,540521
1687736147,543630
1687736147,545864
1687736147,561621
1687736147,572840
1687736147,574834
1687736147,576492
1687736147,582163
1687736147,604173
1687736147,606897
1687736147,628948
1687736147,629516
1687736147,635097
1687736147,656399
1687736147,656511
1687736147,664569
1687736147,669380
1687736147,674572
1687736147,674670
1687736147,677137
1687736147,677979
1687736147,684992
1687736147,686914
1687736148,347231
1687736148,361476
1687736148,365104
1687736148,365952
1687736148,366047
1687736148,371499
1687736148,376895
1687736148,383127
1687736148,393431
1687736148,398620
1687736148,410974
1687736148,413596
1687736148,415257
1687736148,415583
1687736148,430619
1687736148,436791
1687736148,443688
1687736148,453962
1687736148,462888
1687736148,477117
1687736148,495565
1687736148,511111
1687736148,514439
1687736148,517393
1687736148,530344
1687736148,535636
1687736148,542474
1687736148,566775
1687736148,583278
1687736148,596256
1687736148,613111
1687736148,616098
1687736148,630521
1687736148,633316
1687736148,635920
1687736148,640740
1687736148,653509
1687736148,660761
1687736148,672517
1687736148,682997
1687736148,689531
1687736148,690290
1687736148,699407
1687736149,358568
1687736149,358837
1687736149,366423
1687736149,366713
1687736149,369587
1687736149,376368
1687736149,377636
1687736149,380146
1687736149,380527
1687736149,389926
1687736149,397207
1687736149,398907
1687736149,404455
1687736149,411792
1687736149,428600
1687736149,445144
1687736149,452588
1687736149,460131
1687736149,480261
1687736149,485782
1687736149,487049
1687736149,487987
1687736149,495114
1687736149,521113
1687736149,547317
1687736149,550577
1687736149,561749
1687736149,562094
1687736149,584943
1687736149,591987
1687736149,599752
1687736149,618987
1687736149,625587
1687736149,642985
1687736149,656158
1687736149,657306
1687736149,659193
1687736149,659446
1687736149,660912
1687736149,667087
1687736149,677528
1687736149,680219
1687736149,681578
1687736149,682323
1687736149,684230
1687736149,687173
1687736150,349907
1687736150,362986
1687736150,365714
1687736150,366606
1687736150,370149
1687736150,376764
1687736150,377920
1687736150,380121
1687736150,380181
1687736150,391261
1687736150,393410
1687736150,394814
1687736150,396888
1687736150,414423
1687736150,416954
1687736150,421254
1687736150,423416
1687736150,428904
1687736150,452860
1687736150,452965
1687736150,454668
1687736150,486617
1687736150,491967
1687736150,516875
1687736150,520190
1687736150,522114
1687736150,552585
1687736150,559078
1687736150,559286
1687736150,591002
1687736150,594160
1687736150,596325
1687736150,614810
1687736150,620425
1687736150,625647
1687736150,643674
1687736150,643978
1687736150,650611
1687736150,661857
1687736150,668256
1687736150,672535
1687736150,677322
1687736150,679463
1687736150,680629
1687736150,685163
1687736150,690188
1687736150,691519
1687736150,692396
1687736150,695755
1687736151,360847
1687736151,362105
1687736151,362703
1687736151,365203
1687736151,367402
1687736151,368584
1687736151,371146
1687736151,372761
1687736151,376042
1687736151,379273
1687736151,386103
1687736151,392155
1687736151,392209
1687736151,393375
1687736151,416041
1687736151,420949
1687736151,422642
1687736151,429328
1687736151,442289
1687736151,454055
1687736151,463375
1687736151,469778
1687736151,482095
1687736151,493559
1687736151,496095
1687736151,514006
1687736151,519089
1687736151,522753
1687736151,523432
1687736151,529686
1687736151,548981
1687736151,560793
1687736151,569492
1687736151,581541
1687736151,583419
1687736151,585414
1687736151,599159
1687736151,615683
1687736151,621634
1687736151,648890
1687736151,671762
1687736151,671793
1687736151,672096
1687736151,682323
1687736151,684146
1687736151,684848
1687736151,687276
1687736151,687321
1687736151,689321
1687736151,699595
1687736152,347212
1687736152,365425
1687736152,368062
1687736152,371164
1687736152,372516
1687736152,387925
1687736152,389065
1687736152,403925
1687736152,404777
1687736152,415568
1687736152,427279
1687736152,428680
1687736152,437078
1687736152,476433
1687736152,477256
1687736152,477951
1687736152,499874
1687736152,504605
1687736152,512540
1687736152,531229
1687736152,546570
1687736152,570760
1687736152,586701
1687736152,595593
1687736152,605786
1687736152,606465
1687736152,614075
1687736152,624159
1687736152,626972
1687736152,643644
1687736152,643959
1687736152,650358
1687736152,654552
1687736152,654664
1687736152,666315
1687736152,666437
1687736152,680848
1687736152,683747
1687736152,686488
1687736152,688207
1687736153,360238
1687736153,364981
1687736153,367894
1687736153,372442
1687736153,373116
1687736153,377689
1687736153,378124
1687736153,378475
1687736153,380179
1687736153,382748
1687736153,399666
1687736153,404003
1687736153,404423
1687736153,409652
1687736153,429668
1687736153,436315
1687736153,437938
1687736153,439290
1687736153,458007
1687736153,468143
1687736153,469410
1687736153,470887
1687736153,494219
1687736153,501183
1687736153,502327
1687736153,502499
1687736153,534388
1687736153,535907
1687736153,541372
1687736153,573865
1687736153,578485
1687736153,594000
1687736153,603957
1687736153,604254
1687736153,606996
1687736153,629085
1687736153,636593
1687736153,641353
1687736153,656890
1687736153,663507
1687736153,666058
1687736153,667772
1687736153,673747
1687736153,674881
1687736153,681125
1687736153,681737
1687736153,693805
1687736153,694850
1687736153,696973
1687736154,347677
1687736154,360663
1687736154,361327
1687736154,366796
1687736154,374513
1687736154,377027
1687736154,380685
1687736154,380827
1687736154,388333
1687736154,388519
1687736154,405502
1687736154,409382
1687736154,413459
1687736154,425507
1687736154,430310
1687736154,444404
1687736154,446725
1687736154,453033
1687736154,466429
1687736154,475323
1687736154,482066
1687736154,496120
1687736154,502623
1687736154,507954
1687736154,509466
1687736154,529545
1687736154,537374
1687736154,542733
1687736154,550410
1687736154,557983
1687736154,569794
1687736154,574609
1687736154,608870
1687736154,611588
1687736154,622004
1687736154,629311
1687736154,636939
1687736154,637972
1687736154,652975
1687736154,663837
1687736154,669482
1687736154,673516
1687736154,678909
1687736154,680587
1687736154,683988
1687736154,686115
1687736154,693819
1687736155,353821
1687736155,367456
1687736155,368195
1687736155,370055
1687736155,373183
1687736155,375882
1687736155,378347
1687736155,383650
1687736155,384514
1687736155,391063
1687736155,392787
1687736155,393881
1687736155,399806
1687736155,407634
1687736155,416126
1687736155,421787
1687736155,430077
1687736155,430190
1687736155,433609
1687736155,442628
1687736155,453428
1687736155,462682
1687736155,469650
1687736155,479977
1687736155,483612
1687736155,499179
1687736155,522084
1687736155,526619
1687736155,527843
1687736155,551404
1687736155,566017
1687736155,573461
1687736155,578743
1687736155,582593
1687736155,583150
1687736155,598118
1687736155,612452
1687736155,615525
1687736155,620195
1687736155,627212
1687736155,631674
1687736155,641697
1687736155,655715
1687736155,656319
1687736155,660611
1687736155,660888
1687736155,666082
1687736155,676912
1687736155,677014
1687736155,679040
1687736155,684121
1687736155,687275
1687736155,694578
1687736155,698667
1687736156,358550
1687736156,361937
1687736156,362243
1687736156,367653
1687736156,368901
1687736156,371479
1687736156,373378
1687736156,376572
1687736156,389083
1687736156,400469
1687736156,402808
1687736156,406186
1687736156,425886
1687736156,427619
1687736156,451321
1687736156,451954
1687736156,458339
1687736156,479321
1687736156,483482
1687736156,486715
1687736156,490166
1687736156,493805
1687736156,494118
1687736156,505041
1687736156,516886
1687736156,524469
1687736156,525150
1687736156,525434
1687736156,526655
1687736156,536267
1687736156,550632
1687736156,557910
1687736156,559897
1687736156,561154
1687736156,589543
1687736156,590442
1687736156,595527
1687736156,603130
1687736156,616029
1687736156,617886
1687736156,633500
1687736156,635356
1687736156,654066
1687736156,665717
1687736156,669949
1687736156,670003
1687736156,677205
1687736156,679138
1687736156,680604
1687736156,682562
1687736156,682625
1687736156,685631
1687736157,357272
1687736157,367156
1687736157,369284
1687736157,371035
1687736157,371438
1687736157,371591
1687736157,375189
1687736157,386474
1687736157,386934
1687736157,393134
1687736157,394084
1687736157,394758
1687736157,397440
1687736157,398614
1687736157,405594
1687736157,408167
1687736157,415795
1687736157,419098
1687736157,422448
1687736157,445224
1687736157,446268
1687736157,447024
1687736157,459106
1687736157,491336
1687736157,503178
1687736157,519086
1687736157,545380
1687736157,546299
1687736157,550641
1687736157,554036
1687736157,567978
1687736157,580815
1687736157,583120
1687736157,591441
1687736157,595537
1687736157,609613
1687736157,615208
1687736157,619523
1687736157,621402
1687736157,623672
1687736157,639579
1687736157,644888
1687736157,647641
1687736157,648685
1687736157,650096
1687736157,660585
1687736157,662174
1687736157,667684
1687736157,670821
1687736157,683338
1687736157,684727
1687736157,686183
1687736157,694181
1687736158,358404
1687736158,358852
1687736158,362677
1687736158,364065
1687736158,364710
1687736158,368141
1687736158,370386
1687736158,371903
1687736158,376024
1687736158,402359
1687736158,411889
1687736158,422984
1687736158,428305
1687736158,443941
1687736158,449330
1687736158,452488
1687736158,458481
1687736158,477543
1687736158,478665
1687736158,500428
1687736158,501740
1687736158,515545
1687736158,522746
1687736158,524911
1687736158,530893
1687736158,536494
1687736158,545951
1687736158,555201
1687736158,562950
1687736158,575164
1687736158,585797
1687736158,597577
1687736158,599289
1687736158,604543
1687736158,616359
1687736158,628208
1687736158,645755
1687736158,647585
1687736158,651716
1687736158,654655
1687736158,655976
1687736158,666859
1687736158,670953
1687736158,673666
1687736158,680152
1687736158,682492
1687736158,686973
1687736158,687562
1687736158,687892
1687736158,688656
1687736158,689695
1687736158,691381
1687736158,693873
1687736159,366417
1687736159,369850
1687736159,370344
1687736159,370726
1687736159,371412
1687736159,376192
1687736159,377111
1687736159,379266
1687736159,380098
1687736159,383426
1687736159,386408
1687736159,389407
1687736159,390597
1687736159,392622
1687736159,396729
1687736159,412786
1687736159,423468
1687736159,432130
1687736159,432694
1687736159,437318
1687736159,437956
1687736159,452965
1687736159,461856
1687736159,467121
1687736159,469264
1687736159,472222
1687736159,473108
1687736159,474143
1687736159,498777
1687736159,503922
1687736159,506855
1687736159,521237
1687736159,527521
1687736159,540341
1687736159,542900
1687736159,563613
1687736159,566642
1687736159,567274
1687736159,572917
1687736159,578997
1687736159,604840
1687736159,604894
1687736159,606024
1687736159,612245
1687736159,620481
1687736159,629347
1687736159,643182
1687736159,647801
1687736159,652018
1687736159,665997
1687736159,669976
1687736159,674150
1687736159,674424
1687736159,675753
1687736159,678532
1687736159,682467
1687736159,691537
1687736160,352767
1687736160,357825
1687736160,365704
1687736160,367427
1687736160,367492
1687736160,369386
1687736160,370114
1687736160,370352
1687736160,373259
1687736160,377083
1687736160,382543
1687736160,386235
1687736160,386488
1687736160,388764
1687736160,407662
1687736160,412766
1687736160,442378
1687736160,469263
1687736160,475023
1687736160,479724
1687736160,498282
1687736160,506079
1687736160,513275
1687736160,537017
1687736160,537368
1687736160,541535
1687736160,545712
1687736160,553299
1687736160,568135
1687736160,574909
1687736160,578642
1687736160,579738
1687736160,598493
1687736160,601493
1687736160,609096
1687736160,609540
1687736160,626633
1687736160,630866
1687736160,631885
1687736160,634745
1687736160,637462
1687736160,641001
1687736160,655343
1687736160,658614
1687736160,662673
1687736160,667048
1687736160,674074
1687736160,680191
1687736160,683762
1687736160,687528
1687736160,689373
1687736160,690913
1687736160,692664
1687736160,694457
1687736161,353889
1687736161,362837
1687736161,369068
1687736161,373705
1687736161,376423
1687736161,380038
1687736161,383111
1687736161,387134
1687736161,401607
1687736161,404076
1687736161,406248
1687736161,409317
1687736161,410157
1687736161,410291
1687736161,432252
1687736161,432893
1687736161,436840
1687736161,442064
1687736161,448201
1687736161,449015
1687736161,464652
1687736161,474076
1687736161,476308
1687736161,489064
1687736161,495524
1687736161,500245
1687736161,516092
1687736161,531156
1687736161,543163
1687736161,550029
1687736161,555793
1687736161,566755
1687736161,581565
1687736161,582827
1687736161,591334
1687736161,594789
1687736161,599303
1687736161,604505
1687736161,615099
1687736161,628497
1687736161,631988
1687736161,635411
1687736161,638989
1687736161,640020
1687736161,641719
1687736161,657562
1687736161,658696
1687736161,662616
1687736161,665454
1687736161,675702
1687736161,678141
1687736161,679093
1687736161,680856
1687736161,681402
1687736161,684441
1687736161,685867
1687736161,688567
1687736161,689451
1687736161,697011
1687736162,356658
1687736162,361956
1687736162,365821
1687736162,365832
1687736162,366529
1687736162,373346
1687736162,375230
1687736162,383235
1687736162,384852
1687736162,390086
1687736162,391000
1687736162,393510
1687736162,399147
1687736162,408006
1687736162,421432
1687736162,449256
1687736162,449443
1687736162,460495
1687736162,463794
1687736162,474116
1687736162,484311
1687736162,489102
1687736162,493606
1687736162,500733
1687736162,509321
1687736162,511782
1687736162,522507
1687736162,526066
1687736162,548363
1687736162,555147
1687736162,556953
1687736162,557701
1687736162,563748
1687736162,568103
1687736162,575157
1687736162,587349
1687736162,590435
1687736162,590462
1687736162,593813
1687736162,602611
1687736162,610578
1687736162,625766
1687736162,645859
1687736162,655838
1687736162,657542
1687736162,668846
1687736162,672419
1687736162,673568
1687736162,676496
1687736162,681849
1687736162,684679
1687736162,685712
1687736162,688528
1687736162,692963
1687736163,361783
1687736163,362256
1687736163,365556
1687736163,368739
1687736163,368928
1687736163,369486
1687736163,371409
1687736163,371468
1687736163,372720
1687736163,377147
1687736163,379344
1687736163,390130
1687736163,391549
1687736163,395303
1687736163,397302
1687736163,403799
1687736163,418694
1687736163,420742
1687736163,422059
1687736163,424308
1687736163,425374
1687736163,456503
1687736163,473922
1687736163,483318
1687736163,486950
1687736163,490863
1687736163,491891
1687736163,510654
1687736163,511736
1687736163,516865
1687736163,522236
1687736163,523299
1687736163,526951
1687736163,552379
1687736163,556171
1687736163,566681
1687736163,584795
1687736163,591705
1687736163,596320
1687736163,605146
1687736163,618042
1687736163,618416
1687736163,620090
1687736163,626987
1687736163,627418
1687736163,660617
1687736163,667751
1687736163,668401
1687736163,672843
1687736163,673580
1687736163,674110
1687736163,685279
1687736163,685840
1687736163,691405
1687736163,693879
1687736163,694636
1687736164,353927
1687736164,358339
1687736164,360085
1687736164,365053
1687736164,367147
1687736164,373987
1687736164,375081
1687736164,375584
1687736164,378977
1687736164,380151
1687736164,381260
1687736164,394019
1687736164,394509
1687736164,412978
1687736164,417306
1687736164,420623
1687736164,427193
1687736164,442116
1687736164,443560
1687736164,460672
1687736164,465823
1687736164,477861
1687736164,487828
1687736164,517117
1687736164,526166
1687736164,544974
1687736164,550348
1687736164,560074
1687736164,567380
1687736164,567942
1687736164,588985
1687736164,590686
1687736164,592871
1687736164,592987
1687736164,617481
1687736164,621428
1687736164,622132
1687736164,643890
1687736164,646395
1687736164,646570
1687736164,649518
1687736164,653270
1687736164,662840
1687736164,672561
1687736164,679747
1687736164,689884
1687736164,690022
1687736164,691541
1687736164,694048
1687736165,366544
1687736165,367537
1687736165,370802
1687736165,373680
1687736165,379495
1687736165,381693
1687736165,399302
1687736165,401200
1687736165,402554
1687736165,415190
1687736165,434495
1687736165,436343
1687736165,439932
1687736165,456191
1687736165,466819
1687736165,492482
1687736165,502504
1687736165,514275
1687736165,528160
1687736165,530206
1687736165,532768
1687736165,535809
1687736165,576068
1687736165,576524
1687736165,599027
1687736165,608566
1687736165,615775
1687736165,620964
1687736165,629351
1687736165,643197
1687736165,651143
1687736165,653917
1687736165,658993
1687736165,667117
1687736165,670062
1687736165,673329
1687736165,674690
1687736165,681031
1687736165,681230
1687736165,684369
1687736165,688478
1687736166,350865
1687736166,357970
1687736166,366124
1687736166,366353
1687736166,367727
1687736166,368610
1687736166,369379
1687736166,373055
1687736166,374061
1687736166,376335
1687736166,377332
1687736166,384768
1687736166,386140
1687736166,391291
1687736166,403749
1687736166,408889
1687736166,412363
1687736166,413530
1687736166,415413
1687736166,431817
1687736166,435274
1687736166,437243
1687736166,439987
1687736166,441321
1687736166,443823
1687736166,461549
1687736166,467440
1687736166,468525
1687736166,495523
1687736166,504907
1687736166,510153
1687736166,511737
1687736166,515381
1687736166,540150
1687736166,541818
1687736166,542079
1687736166,547105
1687736166,570041
1687736166,570681
1687736166,574766
1687736166,584285
1687736166,601628
1687736166,607375
1687736166,610835
1687736166,614006
1687736166,614701
1687736166,626003
1687736166,632880
1687736166,634247
1687736166,636527
1687736166,638410
1687736166,642667
1687736166,643967
1687736166,648460
1687736166,651556
1687736166,669879
1687736166,673787
1687736166,676251
1687736166,684239
1687736166,684707
1687736166,689134
1687736166,690201
1687736166,702437
1687736167,362464
1687736167,363981
1687736167,365691
1687736167,371418
1687736167,374065
1687736167,374070
1687736167,380406
1687736167,381533
1687736167,383487
1687736167,386887
1687736167,397727
1687736167,406899
1687736167,420553
1687736167,432191
1687736167,456755
1687736167,466773
1687736167,466877
1687736167,470955
1687736167,481366
1687736167,492542
1687736167,493531
1687736167,503452
1687736167,504802
1687736167,531004
1687736167,534674
1687736167,538677
1687736167,548020
1687736167,559638
1687736167,572792
1687736167,578606
1687736167,594231
1687736167,602355
1687736167,608536
1687736167,632050
1687736167,637299
1687736167,647312
1687736167,657386
1687736167,657397
1687736167,657604
1687736167,663313
1687736167,667910
1687736167,675843
1687736167,677020
1687736167,678399
1687736167,679029
1687736167,684196
1687736167,685993
1687736167,686512
1687736167,691641
1687736168,347834
1687736168,360581
1687736168,365273
1687736168,366000
1687736168,366174
1687736168,369956
1687736168,371979
1687736168,377955
1687736168,381680
1687736168,389317
1687736168,394624
1687736168,397185
1687736168,397536
1687736168,412808
1687736168,415547
1687736168,417485
1687736168,429116
1687736168,431748
1687736168,438778
1687736168,456046
1687736168,460704
1687736168,468720
1687736168,479229
1687736168,513166
1687736168,516507
1687736168,528307
1687736168,533397
1687736168,544740
1687736168,557707
1687736168,564751
1687736168,585222
1687736168,614665
1687736168,617745
1687736168,631620
1687736168,631798
1687736168,634088
1687736168,662102
1687736168,673221
1687736168,683919
1687736168,684135
1687736168,686065
1687736168,689860
1687736168,700258
1687736169,358616
1687736169,365891
1687736169,366798
1687736169,376601
1687736169,377737
1687736169,379347
1687736169,391015
1687736169,395796
1687736169,413635
1687736169,426880
1687736169,426929
1687736169,445609
1687736169,447069
1687736169,458046
1687736169,482446
1687736169,483857
1687736169,485819
1687736169,492788
1687736169,523255
1687736169,524536
1687736169,549591
1687736169,552733
1687736169,559735
1687736169,560276
1687736169,590025
1687736169,597440
1687736169,620541
1687736169,623611
1687736169,644293
1687736169,654698
1687736169,655805
1687736169,657869
1687736169,662213
1687736169,668556
1687736169,676829
1687736169,680231
1687736169,681320
1687736169,681560
1687736169,685187
1687736169,686657
1687736170,349412
1687736170,359247
1687736170,362525
1687736170,367153
1687736170,370523
1687736170,375641
1687736170,376866
1687736170,377164
1687736170,380642
1687736170,381140
1687736170,392830
1687736170,395058
1687736170,395479
1687736170,395895
1687736170,415049
1687736170,419646
1687736170,425044
1687736170,430996
1687736170,450726
1687736170,450847
1687736170,452733
1687736170,454946
1687736170,488635
1687736170,493966
1687736170,518918
1687736170,520227
1687736170,550308
1687736170,557250
1687736170,561291
1687736170,588895
1687736170,596059
1687736170,597973
1687736170,616287
1687736170,618466
1687736170,630372
1687736170,645302
1687736170,645548
1687736170,645853
1687736170,649030
1687736170,662918
1687736170,669294
1687736170,671626
1687736170,672413
1687736170,672846
1687736170,676072
1687736170,679561
1687736170,681592
1687736170,682776
1687736170,689726
1687736170,692437
1687736170,695191
1687736171,360757
1687736171,361246
1687736171,361763
1687736171,362892
1687736171,364578
1687736171,367504
1687736171,368401
1687736171,369908
1687736171,373248
1687736171,374903
1687736171,374942
1687736171,380397
1687736171,386747
1687736171,391016
1687736171,394729
1687736171,405336
1687736171,414267
1687736171,419400
1687736171,424306
1687736171,431192
1687736171,440556
1687736171,451184
1687736171,456192
1687736171,465324
1687736171,471794
1687736171,480141
1687736171,495676
1687736171,498229
1687736171,512110
1687736171,516952
1687736171,524782
1687736171,525584
1687736171,531704
1687736171,562838
1687736171,571635
1687736171,579430
1687736171,580956
1687736171,583587
1687736171,600915
1687736171,613567
1687736171,619615
1687736171,626867
1687736171,641535
1687736171,647275
1687736171,649003
1687736171,670816
1687736171,671167
1687736171,685375
1687736171,686671
1687736171,687896
1687736171,689274
1687736171,699517
1687736172,347861
1687736172,365380
1687736172,367999
1687736172,370806
1687736172,371259
1687736172,373094
1687736172,386151
1687736172,386533
1687736172,387575
1687736172,406502
1687736172,407683
1687736172,413954
1687736172,435020
1687736172,474191
1687736172,475090
1687736172,475864
1687736172,506503
1687736172,510493
1687736172,533438
1687736172,544789
1687736172,572874
1687736172,584811
1687736172,597328
1687736172,604567
1687736172,607525
1687736172,612069
1687736172,625805
1687736172,628455
1687736172,641863
1687736172,642066
1687736172,648428
1687736172,651410
1687736172,652711
1687736172,655749
1687736172,664927
1687736172,667563
1687736172,680124
1687736172,683993
1687736172,686903
1687736172,688567
1687736173,361418
1687736173,364777
1687736173,368475
1687736173,371877
1687736173,372599
1687736173,372899
1687736173,377622
1687736173,379696
1687736173,380975
1687736173,381922
1687736173,385011
1687736173,406418
1687736173,407979
1687736173,431684
1687736173,434299
1687736173,436115
1687736173,441383
1687736173,456046
1687736173,467192
1687736173,470281
1687736173,472959
1687736173,496549
1687736173,499345
1687736173,500271
1687736173,500435
1687736173,532351
1687736173,538161
1687736173,539533
1687736173,571588
1687736173,580484
1687736173,595785
1687736173,601973
1687736173,604975
1687736173,605720
1687736173,630465
1687736173,634873
1687736173,639321
1687736173,658175
1687736173,662133
1687736173,665018
1687736173,668739
1687736173,675864
1687736173,680395
1687736173,681196
1687736173,694380
1687736173,696572
1687736174,347506
1687736174,361095
1687736174,361442
1687736174,366183
1687736174,377204
1687736174,379724
1687736174,381363
1687736174,389486
1687736174,389913
1687736174,402547
1687736174,407193
1687736174,407926
1687736174,412001
1687736174,427267
1687736174,428015
1687736174,446528
1687736174,448757
1687736174,464032
1687736174,477369
1687736174,484034
1687736174,497055
1687736174,507011
1687736174,510018
1687736174,531747
1687736174,535384
1687736174,544944
1687736174,552406
1687736174,555834
1687736174,567887
1687736174,576495
1687736174,610126
1687736174,610400
1687736174,611220
1687736174,623567
1687736174,627173
1687736174,638407
1687736174,639423
1687736174,654187
1687736174,659432
1687736174,662323
1687736174,670456
1687736174,674364
1687736174,678180
1687736174,681313
1687736174,684564
1687736174,685724
1687736174,694329
1687736175,353970
1687736175,356674
1687736175,367531
1687736175,368068
1687736175,370449
1687736175,370488
1687736175,371590
1687736175,373735
1687736175,376715
1687736175,377389
1687736175,382766
1687736175,385789
1687736175,389724
1687736175,393650
1687736175,401437
1687736175,409388
1687736175,417779
1687736175,423808
1687736175,424528
1687736175,428322
1687736175,428592
1687736175,444758
1687736175,451522
1687736175,460746
1687736175,471465
1687736175,478066
1687736175,485711
1687736175,493949
1687736175,511381
1687736175,520057
1687736175,524413
1687736175,525729
1687736175,553503
1687736175,564101
1687736175,568277
1687736175,575553
1687736175,576817
1687736175,584564
1687736175,585188
1687736175,613915
1687736175,618252
1687736175,625073
1687736175,629785
1687736175,642889
1687736175,654206
1687736175,657291
1687736175,657929
1687736175,658735
1687736175,667268
1687736175,676225
1687736175,678003
1687736175,678394
1687736175,683943
1687736175,685339
1687736175,685929
1687736175,687099
1687736175,694270
1687736175,698810
1687736176,357783
1687736176,362508
1687736176,367121
1687736176,368815
1687736176,372943
1687736176,374224
1687736176,375622
1687736176,390312
1687736176,392839
1687736176,393578
1687736176,399203
1687736176,423920
1687736176,426182
1687736176,449052
1687736176,453941
1687736176,460404
1687736176,477279
1687736176,485581
1687736176,488200
1687736176,491915
1687736176,501282
1687736176,507245
1687736176,519014
1687736176,523035
1687736176,526647
1687736176,527435
1687736176,534133
1687736176,552820
1687736176,559308
1687736176,561930
1687736176,588401
1687736176,588512
1687736176,591491
1687736176,593150
1687736176,601173
1687736176,617632
1687736176,619598
1687736176,631721
1687736176,636824
1687736176,642229
1687736176,652323
1687736176,667050
1687736176,673059
1687736176,677991
1687736176,677997
1687736176,679098
1687736176,682255
1687736176,683529
1687736176,685726
1687736177,356642
1687736177,369508
1687736177,371266
1687736177,371520
1687736177,374364
1687736177,387019
1687736177,387813
1687736177,392021
1687736177,392944
1687736177,393522
1687736177,399818
1687736177,400056
1687736177,406458
1687736177,414193
1687736177,421028
1687736177,424472
1687736177,443009
1687736177,444387
1687736177,449100
1687736177,461164
1687736177,488690
1687736177,493415
1687736177,517098
1687736177,525490
1687736177,543164
1687736177,548488
1687736177,548720
1687736177,552006
1687736177,560013
1687736177,570145
1687736177,578712
1687736177,581026
1687736177,593463
1687736177,613275
1687736177,619335
1687736177,625211
1687736177,640943
1687736177,646164
1687736177,646864
1687736177,648407
1687736177,649151
1687736177,663630
1687736177,668955
1687736177,669749
1687736177,683707
1687736177,684061
1687736177,686948
1687736177,689842
1687736177,695330
1687736177,697187
1687736178,359453
1687736178,359492
1687736178,362296
1687736178,363596
1687736178,368852
1687736178,370953
1687736178,375272
1687736178,377937
1687736178,403699
1687736178,410139
1687736178,430300
1687736178,436641
1687736178,442104
1687736178,447595
1687736178,450290
1687736178,460630
1687736178,475241
1687736178,480767
1687736178,502475
1687736178,503733
1687736178,513849
1687736178,527096
1687736178,533175
1687736178,538532
1687736178,544275
1687736178,547079
1687736178,552896
1687736178,565102
1687736178,572998
1687736178,587625
1687736178,597215
1687736178,600858
1687736178,606306
1687736178,620912
1687736178,625332
1687736178,629887
1687736178,630875
1687736178,646898
1687736178,650453
1687736178,657201
1687736178,667862
1687736178,669871
1687736178,674742
1687736178,683141
1687736178,686647
1687736178,686911
1687736178,688010
1687736178,689010
1687736178,690925
1687736178,693506
1687736179,366858
1687736179,369716
1687736179,369810
1687736179,370090
1687736179,371105
1687736179,375390
1687736179,379111
1687736179,380716
1687736179,384558
1687736179,387046
1687736179,389269
1687736179,390827
1687736179,402819
1687736179,403123
1687736179,410968
1687736179,411816
1687736179,420374
1687736179,424987
1687736179,429448
1687736179,434904
1687736179,435962
1687736179,455123
1687736179,467452
1687736179,469959
1687736179,470898
1687736179,500830
1687736179,501998
1687736179,504711
1687736179,513351
1687736179,523261
1687736179,540963
1687736179,542484
1687736179,564368
1687736179,565687
1687736179,569362
1687736179,576922
1687736179,586980
1687736179,602841
1687736179,604080
1687736179,606457
1687736179,610377
1687736179,622218
1687736179,653533
1687736179,656385
1687736179,664679
1687736179,668706
1687736179,675889
1687736179,676515
1687736179,677390
1687736179,690472
1687736179,691449
1687736179,694780
1687736180,352950
1687736180,367007
1687736180,368088
1687736180,369807
1687736180,371198
1687736180,377755
1687736180,381327
1687736180,385274
1687736180,387709
1687736180,397388
1687736180,409381
1687736180,414647
1687736180,434187
1687736180,435508
1687736180,467214
1687736180,477124
1687736180,477841
1687736180,496256
1687736180,508135
1687736180,515300
1687736180,535096
1687736180,539403
1687736180,539656
1687736180,551398
1687736180,555102
1687736180,566175
1687736180,576979
1687736180,577518
1687736180,580367
1687736180,599444
1687736180,600389
1687736180,610742
1687736180,611136
1687736180,624652
1687736180,632275
1687736180,632897
1687736180,633358
1687736180,635621
1687736180,660017
1687736180,661497
1687736180,665558
1687736180,675350
1687736180,679840
1687736180,684282
1687736180,687806
1687736180,689423
1687736180,691710
1687736180,692478
1687736181,362917
1687736181,368703
1687736181,373468
1687736181,376226
1687736181,380491
1687736181,382047
1687736181,387812
1687736181,402828
1687736181,404862
1687736181,410479
1687736181,412118
1687736181,430329
1687736181,430984
1687736181,438825
1687736181,443928
1687736181,450302
1687736181,451038
1687736181,462539
1687736181,476180
1687736181,478451
1687736181,486809
1687736181,497697
1687736181,498114
1687736181,512844
1687736181,518285
1687736181,529128
1687736181,545354
1687736181,552071
1687736181,564689
1687736181,583662
1687736181,584854
1687736181,592697
1687736181,602554
1687736181,606731
1687736181,616607
1687736181,622547
1687736181,626734
1687736181,633195
1687736181,636852
1687736181,644575
1687736181,658502
1687736181,660193
1687736181,661250
1687736181,665959
1687736181,674470
1687736181,676639
1687736181,678331
1687736181,678990
1687736181,681243
1687736181,682390
1687736181,683679
1687736181,687663
1687736181,689609
1687736182,362233
1687736182,365319
1687736182,366405
1687736182,366593
1687736182,367074
1687736182,367141
1687736182,373299
1687736182,373812
1687736182,374258
1687736182,382009
1687736182,386182
1687736182,391662
1687736182,391846
1687736182,392275
1687736182,397875
1687736182,406594
1687736182,419128
1687736182,419733
1687736182,426336
1687736182,451573
1687736182,458355
1687736182,461873
1687736182,471766
1687736182,486300
1687736182,491188
1687736182,491645
1687736182,498741
1687736182,501785
1687736182,513781
1687736182,520467
1687736182,524069
1687736182,550563
1687736182,557432
1687736182,559828
1687736182,561670
1687736182,564676
1687736182,566206
1687736182,572881
1687736182,589160
1687736182,591834
1687736182,592211
1687736182,596051
1687736182,600939
1687736182,612080
1687736182,623619
1687736182,641509
1687736182,644407
1687736182,649048
1687736182,654219
1687736182,656056
1687736182,656560
1687736182,670185
1687736182,671050
1687736182,672866
1687736182,677222
1687736182,680649
1687736182,684204
1687736182,688174
1687736182,693237
1687736182,693435
1687736183,357456
1687736183,362198
1687736183,362275
1687736183,365088
1687736183,368584
1687736183,368958
1687736183,369008
1687736183,371897
1687736183,373064
1687736183,376301
1687736183,379922
1687736183,388076
1687736183,388658
1687736183,393132
1687736183,393970
1687736183,398240
1687736183,420136
1687736183,422348
1687736183,423953
1687736183,454163
1687736183,475969
1687736183,480763
1687736183,484895
1687736183,489719
1687736183,493134
1687736183,519039
1687736183,524328
1687736183,524584
1687736183,525326
1687736183,537861
1687736183,550096
1687736183,558397
1687736183,586763
1687736183,589741
1687736183,597978
1687736183,617791
1687736183,619316
1687736183,620062
1687736183,625035
1687736183,647013
1687736183,667729
1687736183,668843
1687736183,671819
1687736183,674798
1687736183,674839
1687736183,685167
1687736183,685948
1687736183,691208
1687736183,694100
1687736184,354722
1687736184,359884
1687736184,364203
1687736184,365535
1687736184,374176
1687736184,375183
1687736184,376705
1687736184,379770
1687736184,382021
1687736184,392828
1687736184,395119
1687736184,399182
1687736184,403530
1687736184,411373
1687736184,418999
1687736184,428759
1687736184,440198
1687736184,441251
1687736184,462700
1687736184,467818
1687736184,475423
1687736184,489871
1687736184,509401
1687736184,514915
1687736184,523901
1687736184,542872
1687736184,562368
1687736184,569430
1687736184,569853
1687736184,586781
1687736184,588675
1687736184,590906
1687736184,594863
1687736184,615564
1687736184,624049
1687736184,645436
1687736184,647513
1687736184,647610
1687736184,649571
1687736184,654964
1687736184,664052
1687736184,671266
1687736184,679317
1687736184,686781
1687736184,691735
1687736184,694164
1687736185,361613
1687736185,366246
1687736185,371442
1687736185,372655
1687736185,380331
1687736185,382238
1687736185,385069
1687736185,401147
1687736185,402760
1687736185,413451
1687736185,434757
1687736185,457929
1687736185,469018
1687736185,494490
1687736185,497673
1687736185,504490
1687736185,512180
1687736185,530316
1687736185,530602
1687736185,532306
1687736185,548370
1687736185,573801
1687736185,578507
1687736185,599308
1687736185,600795
1687736185,610275
1687736185,613874
1687736185,630872
1687736185,639643
1687736185,641120
1687736185,646666
1687736185,649691
1687736185,652982
1687736185,655245
1687736185,656281
1687736185,657795
1687736185,667871
1687736185,671090
1687736185,674348
1687736185,677293
1687736185,680566
1687736185,680873
1687736185,684868
1687736185,688182
1687736186,350315
1687736186,359166
1687736186,366600
1687736186,367213
1687736186,367613
1687736186,368345
1687736186,376565
1687736186,377606
1687736186,382691
1687736186,383544
1687736186,385253
1687736186,392337
1687736186,407453
1687736186,410624
1687736186,416425
1687736186,433578
1687736186,438330
1687736186,439253
1687736186,439306
1687736186,442179
1687736186,445829
1687736186,463829
1687736186,465179
1687736186,466264
1687736186,506835
1687736186,508020
1687736186,509676
1687736186,542601
1687736186,544231
1687736186,545561
1687736186,550176
1687736186,567703
1687736186,572684
1687736186,576847
1687736186,603545
1687736186,608806
1687736186,609096
1687736186,611998
1687736186,612488
1687736186,627483
1687736186,634349
1687736186,635849
1687736186,636471
1687736186,640924
1687736186,642292
1687736186,668254
1687736186,672871
1687736186,683793
1687736186,684156
1687736186,689399
1687736186,690995
1687736186,702178
1687736187,363058
1687736187,365768
1687736187,370865
1687736187,374273
1687736187,374734
1687736187,379234
1687736187,380221
1687736187,384642
1687736187,385741
1687736187,405389
1687736187,425107
1687736187,430305
1687736187,449311
1687736187,454580
1687736187,464306
1687736187,468972
1687736187,473036
1687736187,483421
1687736187,490345
1687736187,501125
1687736187,506984
1687736187,532577
1687736187,533168
1687736187,536839
1687736187,539927
1687736187,557675
1687736187,566312
1687736187,570790
1687736187,580712
1687736187,586402
1687736187,600500
1687736187,610165
1687736187,631742
1687736187,633519
1687736187,635603
1687736187,637989
1687736187,656380
1687736187,657942
1687736187,658366
1687736187,658708
1687736187,661996
1687736187,666416
1687736187,676950
1687736187,677108
1687736187,678812
1687736187,679766
1687736187,686072
1687736187,691914
1687736188,348485
1687736188,359744
1687736188,364544
1687736188,365751
1687736188,366076
1687736188,367286
1687736188,372432
1687736188,377792
1687736188,379027
1687736188,395819
1687736188,395832
1687736188,399282
1687736188,414686
1687736188,417504
1687736188,418472
1687736188,419398
1687736188,427665
1687736188,429928
1687736188,447521
1687736188,458132
1687736188,458514
1687736188,464083
1687736188,466703
1687736188,481332
1687736188,491500
1687736188,515225
1687736188,518592
1687736188,526284
1687736188,531146
1687736188,547009
1687736188,559670
1687736188,562771
1687736188,587160
1687736188,616212
1687736188,619433
1687736188,629889
1687736188,632280
1687736188,663407
1687736188,673881
1687736188,684790
1687736188,686190
1687736188,689376
1687736188,701037
1687736189,365398
1687736189,365893
1687736189,366919
1687736189,370315
1687736189,375336
1687736189,376866
1687736189,377774
1687736189,378569
1687736189,392147
1687736189,394429
1687736189,396202
1687736189,412040
1687736189,415468
1687736189,425255
1687736189,448979
1687736189,455948
1687736189,481949
1687736189,483703
1687736189,484604
1687736189,490443
1687736189,508179
1687736189,522356
1687736189,525374
1687736189,551844
1687736189,554923
1687736189,557697
1687736189,588018
1687736189,595136
1687736189,612088
1687736189,621645
1687736189,622091
1687736189,645600
1687736189,653232
1687736189,654287
1687736189,661447
1687736189,663515
1687736189,669964
1687736189,671467
1687736189,676028
1687736189,680229
1687736189,680249
1687736189,681512
1687736189,683186
1687736189,686051
1687736189,686088
1687736189,694886
1687736190,348984
1687736190,353426
1687736190,359920
1687736190,362131
1687736190,364622
1687736190,367635
1687736190,367777
1687736190,374467
1687736190,375840
1687736190,376698
1687736190,381170
1687736190,382101
1687736190,393742
1687736190,394092
1687736190,394453
1687736190,396777
1687736190,397075
1687736190,397172
1687736190,413156
1687736190,418054
1687736190,426505
1687736190,426699
1687736190,433069
1687736190,448784
1687736190,448941
1687736190,450845
1687736190,451625
1687736190,456998
1687736190,486478
1687736190,490707
1687736190,495966
1687736190,510194
1687736190,518346
1687736190,520988
1687736190,548090
1687736190,555222
1687736190,563475
1687736190,586786
1687736190,592785
1687736190,597992
1687736190,599588
1687736190,602679
1687736190,616507
1687736190,617768
1687736190,646870
1687736190,647123
1687736190,647411
1687736190,663975
1687736190,670319
1687736190,670647
1687736190,671564
1687736190,673882
1687736190,674786
1687736190,679647
1687736190,682522
1687736190,689237
1687736190,692424
1687736190,694557
1687736191,360383
1687736191,360692
1687736191,364008
1687736191,368261
1687736191,368730
1687736191,373699
1687736191,373862
1687736191,381518
1687736191,387373
1687736191,389904
1687736191,396104
1687736191,412519
1687736191,417872
1687736191,425981
1687736191,438884
1687736191,458353
1687736191,467301
1687736191,473791
1687736191,478144
1687736191,482980
1687736191,497809
1687736191,508467
1687736191,514793
1687736191,515713
1687736191,526817
1687736191,527732
1687736191,533746
1687736191,545188
1687736191,564912
1687736191,577355
1687736191,578492
1687736191,581753
1687736191,592257
1687736191,611468
1687736191,613751
1687736191,617566
1687736191,628047
1687736191,643212
1687736191,645581
1687736191,650425
1687736191,668824
1687736191,670170
1687736191,680354
1687736191,683200
1687736191,685854
1687736191,686027
1687736191,688457
1687736191,689217
1687736191,699347
1687736192,348548
1687736192,359447
1687736192,363123
1687736192,365343
1687736192,367924
1687736192,367926
1687736192,370202
1687736192,371395
1687736192,373683
1687736192,381277
1687736192,385155
1687736192,386110
1687736192,389479
1687736192,406768
1687736192,408273
1687736192,409186
1687736192,412310
1687736192,414890
1687736192,431640
1687736192,432985
1687736192,461309
1687736192,472011
1687736192,472946
1687736192,473778
1687736192,498208
1687736192,508422
1687736192,535679
1687736192,542984
1687736192,558466
1687736192,574986
1687736192,582845
1687736192,602688
1687736192,609240
1687736192,627395
1687736192,629930
1687736192,631845
1687736192,640076
1687736192,640171
1687736192,644319
1687736192,650852
1687736192,652438
1687736192,656812
1687736192,663507
1687736192,668711
1687736192,679405
1687736192,684186
1687736192,687294
1687736192,688857
1687736192,694677
1687736193,357642
1687736193,362648
1687736193,364561
1687736193,369131
1687736193,371326
1687736193,371984
1687736193,372656
1687736193,377034
1687736193,377181
1687736193,380946
1687736193,381070
1687736193,381199
1687736193,381811
1687736193,383781
1687736193,406327
1687736193,432282
1687736193,433772
1687736193,434302
1687736193,443459
1687736193,454065
1687736193,464976
1687736193,469067
1687736193,472448
1687736193,475046
1687736193,497483
1687736193,498355
1687736193,498821
1687736193,530336
1687736193,537664
1687736193,540407
1687736193,553242
1687736193,566126
1687736193,569310
1687736193,582453
1687736193,597572
1687736193,599704
1687736193,602970
1687736193,607474
1687736193,612816
1687736193,619544
1687736193,633132
1687736193,637162
1687736193,637245
1687736193,651224
1687736193,659493
1687736193,660706
1687736193,663922
1687736193,669650
1687736193,676818
1687736193,679628
1687736193,680593
1687736193,684490
1687736193,688390
1687736193,694884
1687736193,696129
1687736194,347418
1687736194,360900
1687736194,362244
1687736194,364436
1687736194,365614
1687736194,377418
1687736194,378634
1687736194,382059
1687736194,390486
1687736194,391502
1687736194,401138
1687736194,405323
1687736194,406513
1687736194,408926
1687736194,410499
1687736194,425703
1687736194,429028
1687736194,433324
1687736194,440770
1687736194,448673
1687736194,450830
1687736194,461660
1687736194,479430
1687736194,485981
1687736194,494904
1687736194,504585
1687736194,512077
1687736194,533408
1687736194,533992
1687736194,547153
1687736194,553730
1687736194,554349
1687736194,566008
1687736194,578330
1687736194,588996
1687736194,608687
1687736194,611892
1687736194,625066
1687736194,625102
1687736194,639795
1687736194,640848
1687736194,655366
1687736194,660806
1687736194,671427
1687736194,671665
1687736194,675208
1687736194,677426
1687736194,682013
1687736194,685114
1687736194,685292
1687736194,694772
1687736195,354209
1687736195,356759
1687736195,358453
1687736195,367666
1687736195,367962
1687736195,370538
1687736195,370947
1687736195,374280
1687736195,376486
1687736195,381898
1687736195,387143
1687736195,388450
1687736195,391782
1687736195,394578
1687736195,397894
1687736195,398544
1687736195,401780
1687736195,403143
1687736195,411192
1687736195,419464
1687736195,425806
1687736195,426548
1687736195,427010
1687736195,446905
1687736195,449655
1687736195,458839
1687736195,473302
1687736195,476183
1687736195,487820
1687736195,491783
1687736195,513479
1687736195,518014
1687736195,522179
1687736195,523561
1687736195,555629
1687736195,562205
1687736195,574874
1687736195,577641
1687736195,586581
1687736195,587188
1687736195,592189
1687736195,593954
1687736195,595138
1687736195,615401
1687736195,622962
1687736195,627834
1687736195,633106
1687736195,644070
1687736195,652674
1687736195,656868
1687736195,658230
1687736195,668405
1687736195,675409
1687736195,675583
1687736195,677718
1687736195,679049
1687736195,683217
1687736195,683736
1687736195,686841
1687736195,686905
1687736195,687113
1687736195,693895
1687736195,698888
1687736196,357058
1687736196,362791
1687736196,366613
1687736196,368827
1687736196,374395
1687736196,374722
1687736196,374997
1687736196,377571
1687736196,391581
1687736196,394584
1687736196,415618
1687736196,421942
1687736196,424739
1687736196,446807
1687736196,455922
1687736196,462476
1687736196,475218
1687736196,486261
1687736196,487671
1687736196,489719
1687736196,490701
1687736196,499360
1687736196,509434
1687736196,520894
1687736196,521120
1687736196,528872
1687736196,529451
1687736196,531962
1687736196,555018
1687736196,557452
1687736196,562127
1687736196,563990
1687736196,586394
1687736196,593378
1687736196,594915
1687736196,599189
1687736196,619234
1687736196,621339
1687736196,629908
1687736196,638253
1687736196,643686
1687736196,650557
1687736196,650716
1687736196,656382
1687736196,668306
1687736196,669762
1687736196,676820
1687736196,677548
1687736196,678751
1687736196,681865
1687736196,684516
1687736196,685785
1687736197,356056
1687736197,369729
1687736197,371490
1687736197,373586
1687736197,373627
1687736197,381194
1687736197,387548
1687736197,388748
1687736197,390886
1687736197,391840
1687736197,392327
1687736197,401059
1687736197,401141
1687736197,404792
1687736197,412605
1687736197,422986
1687736197,426494
1687736197,440785
1687736197,442526
1687736197,451151
1687736197,463199
1687736197,503694
1687736197,515101
1687736197,540927
1687736197,546827
1687736197,549992
1687736197,550735
1687736197,572272
1687736197,576600
1687736197,578861
1687736197,595409
1687736197,601003
1687736197,611330
1687736197,617281
1687736197,626751
1687736197,642295
1687736197,645044
1687736197,646705
1687736197,647439
1687736197,650612
1687736197,665090
1687736197,668635
1687736197,683387
1687736197,684027
1687736197,689782
1687736197,696384
1687736198,360120
1687736198,360641
1687736198,361935
1687736198,363131
1687736198,369567
1687736198,370015
1687736198,374548
1687736198,386808
1687736198,405077
1687736198,408411
1687736198,408463
1687736198,409172
1687736198,418695
1687736198,432295
1687736198,438771
1687736198,440251
1687736198,445925
1687736198,448106
1687736198,462766
1687736198,472915
1687736198,482877
1687736198,500400
1687736198,504533
1687736198,505691
1687736198,512135
1687736198,515051
1687736198,523446
1687736198,529312
1687736198,535469
1687736198,540593
1687736198,542630
1687736198,550619
1687736198,567204
1687736198,570818
1687736198,589450
1687736198,602399
1687736198,608093
1687736198,610058
1687736198,622332
1687736198,631538
1687736198,632386
1687736198,639178
1687736198,648122
1687736198,649154
1687736198,658423
1687736198,668703
1687736198,668799
1687736198,675729
1687736198,683741
1687736198,686825
1687736198,687333
1687736198,688260
1687736198,690425
1687736198,693089
1687736199,357506
1687736199,367140
1687736199,367321
1687736199,369248
1687736199,369487
1687736199,369631
1687736199,370849
1687736199,374616
1687736199,378153
1687736199,382208
1687736199,385677
1687736199,387708
1687736199,387966
1687736199,400701
1687736199,401831
1687736199,410105
1687736199,426532
1687736199,433080
1687736199,434030
1687736199,437133
1687736199,457294
1687736199,465626
1687736199,467673
1687736199,468733
1687736199,471039
1687736199,500066
1687736199,502543
1687736199,502864
1687736199,511320
1687736199,525291
1687736199,533189
1687736199,539014
1687736199,544626
1687736199,562142
1687736199,567811
1687736199,571439
1687736199,573757
1687736199,574841
1687736199,599063
1687736199,600843
1687736199,602113
1687736199,607997
1687736199,608252
1687736199,608515
1687736199,623256
1687736199,623975
1687736199,655025
1687736199,660347
1687736199,663333
1687736199,667360
1687736199,676258
1687736199,677239
1687736199,677679
1687736199,691311
1687736200,353241
1687736200,366562
1687736200,368570
1687736200,368767
1687736200,370283
1687736200,372054
1687736200,380176
1687736200,384059
1687736200,386672
1687736200,398093
1687736200,411107
1687736200,416519
1687736200,433735
1687736200,436258
1687736200,465158
1687736200,475914
1687736200,479247
1687736200,494205
1687736200,510194
1687736200,517332
1687736200,537220
1687736200,549465
1687736200,564229
1687736200,575310
1687736200,582084
1687736200,597360
1687736200,612410
1687736200,612723
1687736200,622706
1687736200,624108
1687736200,631054
1687736200,633690
1687736200,633716
1687736200,634815
1687736200,647560
1687736200,657373
1687736200,657904
1687736200,659824
1687736200,661388
1687736200,664010
1687736200,676604
1687736200,679481
1687736200,684722
1687736200,687979
1687736200,689403
1687736200,692259
1687736201,363036
1687736201,368377
1687736201,373215
1687736201,373295
1687736201,376055
1687736201,380968
1687736201,380984
1687736201,388553
1687736201,401593
1687736201,403542
1687736201,411668
1687736201,413977
1687736201,428445
1687736201,429127
1687736201,440841
1687736201,445816
1687736201,452437
1687736201,456238
1687736201,460435
1687736201,478335
1687736201,480586
1687736201,484564
1687736201,496006
1687736201,499880
1687736201,520501
1687736201,527080
1687736201,539920
1687736201,547549
1687736201,562627
1687736201,585754
1687736201,586896
1687736201,590577
1687736201,600600
1687736201,618115
1687736201,624944
1687736201,638254
1687736201,659475
1687736201,661728
1687736201,666485
1687736201,677527
1687736201,677556
1687736201,679832
1687736201,682849
1687736201,683339
1687736201,686747
1687736201,689699
1687736202,362539
1687736202,364655
1687736202,364837
1687736202,366668
1687736202,367047
1687736202,367911
1687736202,373344
1687736202,374281
1687736202,387486
1687736202,390200
1687736202,393266
1687736202,393563
1687736202,396612
1687736202,405200
1687736202,413960
1687736202,417712
1687736202,418078
1687736202,453937
1687736202,469423
1687736202,488311
1687736202,489712
1687736202,493279
1687736202,495403
1687736202,496741
1687736202,507041
1687736202,515802
1687736202,518420
1687736202,521244
1687736202,522075
1687736202,552768
1687736202,559587
1687736202,561918
1687736202,570659
1687736202,589823
1687736202,590957
1687736202,593957
1687736202,599238
1687736202,613569
1687736202,615497
1687736202,621496
1687736202,642927
1687736202,642997
1687736202,652604
1687736202,654488
1687736202,662284
1687736202,671528
1687736202,672142
1687736202,677958
1687736202,679424
1687736202,684173
1687736202,687814
1687736202,692964
1687736202,693484
1687736203,362629
1687736203,368258
1687736203,369189
1687736203,373444
1687736203,375490
1687736203,380535
1687736203,387224
1687736203,392662
1687736203,394771
1687736203,399204
1687736203,413948
1687736203,421585
1687736203,422497
1687736203,423959
1687736203,430417
1687736203,451842
1687736203,478028
1687736203,482794
1687736203,487543
1687736203,522180
1687736203,526446
1687736203,547811
1687736203,560641
1687736203,562673
1687736203,587736
1687736203,588714
1687736203,599617
1687736203,616329
1687736203,621718
1687736203,623100
1687736203,648159
1687736203,669900
1687736203,670731
1687736203,670732
1687736203,676042
1687736203,684417
1687736203,686500
1687736203,690929
1687736203,693513
1687736204,359756
1687736204,366084
1687736204,370860
1687736204,371438
1687736204,371760
1687736204,373272
1687736204,376394
1687736204,377829
1687736204,378492
1687736204,380637
1687736204,382811
1687736204,396227
1687736204,409779
1687736204,417400
1687736204,428518
1687736204,438313
1687736204,438960
1687736204,464735
1687736204,466279
1687736204,469789
1687736204,473030
1687736204,491919
1687736204,512710
1687736204,521618
1687736204,540792
1687736204,564648
1687736204,571404
1687736204,571723
1687736204,584552
1687736204,586592
1687736204,596681
1687736204,613606
1687736204,625964
1687736204,645677
1687736204,646994
1687736204,648659
1687736204,656643
1687736204,665218
1687736204,669930
1687736204,670233
1687736204,678880
1687736204,685696
1687736204,691870
1687736204,694228
1687736205,361445
1687736205,365934
1687736205,366121
1687736205,368338
1687736205,371633
1687736205,372094
1687736205,382835
1687736205,384064
1687736205,404357
1687736205,411708
1687736205,423350
1687736205,433193
1687736205,447437
1687736205,459649
1687736205,471227
1687736205,499799
1687736205,510107
1687736205,528498
1687736205,532499
1687736205,534448
1687736205,538017
1687736205,546378
1687736205,571527
1687736205,580476
1687736205,602526
1687736205,605486
1687736205,611974
1687736205,632360
1687736205,633097
1687736205,637726
1687736205,639001
1687736205,644861
1687736205,654828
1687736205,656573
1687736205,656610
1687736205,668633
1687736205,678316
1687736205,679848
1687736205,680734
1687736205,685293
1687736205,687827
1687736205,695242
1687736206,360399
1687736206,366606
1687736206,366774
1687736206,367111
1687736206,367348
1687736206,375350
1687736206,375829
1687736206,377922
1687736206,382326
1687736206,383921
1687736206,384367
1687736206,393376
1687736206,406057
1687736206,408893
1687736206,435405
1687736206,437262
1687736206,441292
1687736206,444390
1687736206,447869
1687736206,462870
1687736206,464001
1687736206,466081
1687736206,498789
1687736206,505860
1687736206,508755
1687736206,543997
1687736206,545053
1687736206,546370
1687736206,565381
1687736206,574614
1687736206,578920
1687736206,586539
1687736206,606767
1687736206,609972
1687736206,610808
1687736206,628939
1687736206,634483
1687736206,635816
1687736206,637436
1687736206,640562
1687736206,650942
1687736206,666588
1687736206,682850
1687736206,684075
1687736206,689655
1687736206,691728
1687736206,692450
1687736206,701867
1687736207,352966
1687736207,363699
1687736207,365872
1687736207,370330
1687736207,374476
1687736207,378065
1687736207,384615
1687736207,385837
1687736207,403882
1687736207,406908
1687736207,428464
1687736207,442740
1687736207,452498
1687736207,461868
1687736207,471054
1687736207,475112
1687736207,485445
1687736207,488198
1687736207,495456
1687736207,509192
1687736207,530517
1687736207,535001
1687736207,535374
1687736207,541927
1687736207,552339
1687736207,555736
1687736207,564353
1687736207,568807
1687736207,582790
1687736207,588513
1687736207,598592
1687736207,611766
1687736207,633877
1687736207,634991
1687736207,639489
1687736207,644659
1687736207,655336
1687736207,656468
1687736207,659266
1687736207,659792
1687736207,660593
1687736207,664874
1687736207,676926
1687736207,678353
1687736207,679218
1687736207,680429
1687736207,685612
1687736207,692115
1687736208,349183
1687736208,358347
1687736208,358946
1687736208,363876
1687736208,366174
1687736208,366369
1687736208,368448
1687736208,372861
1687736208,378800
1687736208,380112
1687736208,381978
1687736208,394518
1687736208,397089
1687736208,416625
1687736208,419499
1687736208,419835
1687736208,421338
1687736208,426257
1687736208,428105
1687736208,449430
1687736208,456350
1687736208,460205
1687736208,464664
1687736208,480081
1687736208,483409
1687736208,486724
1687736208,489471
1687736208,517313
1687736208,520717
1687736208,524285
1687736208,528892
1687736208,549250
1687736208,560816
1687736208,561664
1687736208,589099
1687736208,590114
1687736208,602251
1687736208,617740
1687736208,628124
1687736208,630456
1687736208,634422
1687736208,654796
1687736208,664699
1687736208,674493
1687736208,682253
1687736208,685631
1687736208,686272
1687736208,688847
1687736208,690843
1687736209,364966
1687736209,367101
1687736209,370665
1687736209,377167
1687736209,377789
1687736209,393106
1687736209,393279
1687736209,394927
1687736209,400455
1687736209,417317
1687736209,423614
1687736209,450893
1687736209,453825
1687736209,488090
1687736209,510165
1687736209,520136
1687736209,527477
1687736209,554063
1687736209,555650
1687736209,557129
1687736209,559720
1687736209,579067
1687736209,585954
1687736209,590964
1687736209,592850
1687736209,613803
1687736209,614543
1687736209,617650
1687736209,619642
1687736209,623644
1687736209,645125
1687736209,646905
1687736209,648395
1687736209,651743
1687736209,652715
1687736209,664809
1687736209,670347
1687736209,671261
1687736209,675170
1687736209,679130
1687736209,680217
1687736209,681426
1687736209,683430
1687736209,683884
1687736209,685459
1687736209,685995
1687736209,686879
1687736210,348650
1687736210,360575
1687736210,361818
1687736210,364989
1687736210,367756
1687736210,368471
1687736210,371222
1687736210,373234
1687736210,374853
1687736210,376243
1687736210,381704
1687736210,392403
1687736210,392698
1687736210,396149
1687736210,398325
1687736210,398554
1687736210,398603
1687736210,411314
1687736210,416447
1687736210,428390
1687736210,435131
1687736210,446783
1687736210,447174
1687736210,448987
1687736210,459021
1687736210,481623
1687736210,484506
1687736210,492779
1687736210,497975
1687736210,516481
1687736210,523095
1687736210,545936
1687736210,553187
1687736210,565662
1687736210,584677
1687736210,590999
1687736210,599922
1687736210,601193
1687736210,615471
1687736210,619241
1687736210,645452
1687736210,645763
1687736210,648721
1687736210,665007
1687736210,669628
1687736210,669637
1687736210,671374
1687736210,673508
1687736210,679712
1687736210,688704
1687736210,692381
1687736210,693853
1687736211,356581
1687736211,359525
1687736211,360632
1687736211,362311
1687736211,363462
1687736211,367621
1687736211,368179
1687736211,372816
1687736211,374122
1687736211,382647
1687736211,388039
1687736211,388820
1687736211,397510
1687736211,404547
1687736211,410660
1687736211,416333
1687736211,427692
1687736211,431414
1687736211,435007
1687736211,437273
1687736211,453796
1687736211,460546
1687736211,469297
1687736211,475801
1687736211,476138
1687736211,484822
1687736211,496531
1687736211,499944
1687736211,502604
1687736211,512626
1687736211,513452
1687736211,528877
1687736211,529884
1687736211,535827
1687736211,537902
1687736211,543318
1687736211,556658
1687736211,567004
1687736211,575312
1687736211,576030
1687736211,579930
1687736211,594190
1687736211,604452
1687736211,608025
1687736211,609345
1687736211,611781
1687736211,629231
1687736211,643846
1687736211,651840
1687736211,669105
1687736211,670180
1687736211,674893
1687736211,683573
1687736211,685383
1687736211,686270
1687736211,688939
1687736211,689129
1687736211,697330
1687736211,699058
1687736212,349254
1687736212,359186
1687736212,363376
1687736212,365364
1687736212,367844
1687736212,369641
1687736212,371566
1687736212,374299
1687736212,382201
1687736212,383795
1687736212,384663
1687736212,388169
1687736212,408250
1687736212,410082
1687736212,410662
1687736212,413246
1687736212,430976
1687736212,452052
1687736212,463307
1687736212,470795
1687736212,505623
1687736212,506417
1687736212,510370
1687736212,541203
1687736212,575883
1687736212,577054
1687736212,580814
1687736212,600797
1687736212,600798
1687736212,610920
1687736212,628982
1687736212,631355
1687736212,638255
1687736212,638274
1687736212,648978
1687736212,653422
1687736212,657841
1687736212,662049
1687736212,669832
1687736212,678699
1687736212,684323
1687736212,687668
1687736212,689093
1687736212,694517
1687736213,363949
1687736213,364380
1687736213,369819
1687736213,370765
1687736213,371450
1687736213,372416
1687736213,376803
1687736213,380516
1687736213,382226
1687736213,382544
1687736213,382723
1687736213,382758
1687736213,404702
1687736213,430215
1687736213,432537
1687736213,435908
1687736213,445505
1687736213,462746
1687736213,474624
1687736213,477133
1687736213,495583
1687736213,496158
1687736213,496257
1687736213,501043
1687736213,517241
1687736213,528327
1687736213,535760
1687736213,542674
1687736213,551386
1687736213,567084
1687736213,568481
1687736213,584402
1687736213,597450
1687736213,599375
1687736213,601053
1687736213,609172
1687736213,614418
1687736213,631394
1687736213,633238
1687736213,635136
1687736213,635437
1687736213,652416
1687736213,659216
1687736213,659236
1687736213,660813
1687736213,662778
1687736213,668622
1687736213,670562
1687736213,677731
1687736213,678823
1687736213,679957
1687736213,687963
1687736213,695331
1687736213,695655
1687736214,347398
1687736214,363070
1687736214,364695
1687736214,365117
1687736214,365643
1687736214,367860
1687736214,373389
1687736214,376153
1687736214,377556
1687736214,377646
1687736214,391535
1687736214,393110
1687736214,397044
1687736214,399788
1687736214,405119
1687736214,408991
1687736214,410717
1687736214,417411
1687736214,423449
1687736214,430660
1687736214,430806
1687736214,450810
1687736214,452932
1687736214,459310
1687736214,481509
1687736214,487905
1687736214,502188
1687736214,514182
1687736214,531471
1687736214,536242
1687736214,549378
1687736214,551679
1687736214,556274
1687736214,564116
1687736214,580149
1687736214,607250
1687736214,613312
1687736214,622976
1687736214,626654
1687736214,640015
1687736214,641123
1687736214,642235
1687736214,649933
1687736214,656519
1687736214,669541
1687736214,671913
1687736214,672372
1687736214,676039
1687736214,676595
1687736214,682686
1687736214,683611
1687736214,684844
1687736214,685643
1687736214,687525
1687736214,687922
1687736214,695123
1687736214,701706
1687736215,354570
1687736215,356916
1687736215,367874
1687736215,371466
1687736215,373836
1687736215,374820
1687736215,375652
1687736215,381022
1687736215,387233
1687736215,388544
1687736215,395557
1687736215,404905
1687736215,410504
1687736215,413026
1687736215,421223
1687736215,424784
1687736215,425447
1687736215,427798
1687736215,440572
1687736215,447843
1687736215,449041
1687736215,456933
1687736215,474291
1687736215,475141
1687736215,489578
1687736215,489947
1687736215,515575
1687736215,515968
1687736215,518696
1687736215,519982
1687736215,521319
1687736215,542294
1687736215,557762
1687736215,560275
1687736215,572941
1687736215,579724
1687736215,588579
1687736215,589175
1687736215,591838
1687736215,593074
1687736215,616901
1687736215,620891
1687736215,625686
1687736215,625891
1687736215,645232
1687736215,651154
1687736215,655012
1687736215,659125
1687736215,659509
1687736215,674575
1687736215,676679
1687736215,676980
1687736215,680080
1687736215,683531
1687736215,686133
1687736215,686718
1687736215,688220
1687736215,693478
1687736215,698904
1687736216,356339
1687736216,363111
1687736216,365306
1687736216,366182
1687736216,368901
1687736216,373597
1687736216,375745
1687736216,375853
1687736216,376821
1687736216,378416
1687736216,392889
1687736216,395635
1687736216,414708
1687736216,419970
1687736216,423298
1687736216,440680
1687736216,444599
1687736216,455723
1687736216,457927
1687736216,464544
1687736216,473172
1687736216,484312
1687736216,487512
1687736216,489746
1687736216,497474
1687736216,511624
1687736216,523233
1687736216,529757
1687736216,531106
1687736216,531500
1687736216,547984
1687736216,555586
1687736216,557207
1687736216,560499
1687736216,564217
1687736216,566060
1687736216,584371
1687736216,595214
1687736216,596618
1687736216,597258
1687736216,597334
1687736216,609754
1687736216,620843
1687736216,623132
1687736216,628100
1687736216,639646
1687736216,644977
1687736216,648764
1687736216,652323
1687736216,666535
1687736216,669539
1687736216,675588
1687736216,675923
1687736216,679487
1687736216,681458
1687736216,682771
1687736216,685487
1687736216,685821
1687736217,355520
1687736217,368197
1687736217,369967
1687736217,371368
1687736217,371705
1687736217,372877
1687736217,374049
1687736217,382087
1687736217,388076
1687736217,389733
1687736217,389758
1687736217,390790
1687736217,391154
1687736217,402338
1687736217,403028
1687736217,411022
1687736217,424977
1687736217,428518
1687736217,438579
1687736217,444282
1687736217,453224
1687736217,465213
1687736217,479558
1687736217,484987
1687736217,492730
1687736217,513110
1687736217,518678
1687736217,538721
1687736217,548372
1687736217,553025
1687736217,574371
1687736217,574470
1687736217,576652
1687736217,586881
1687736217,602680
1687736217,609365
1687736217,609877
1687736217,615213
1687736217,619580
1687736217,628262
1687736217,643219
1687736217,643644
1687736217,648678
1687736217,652062
1687736217,663518
1687736217,667459
1687736217,676728
1687736217,679076
1687736217,684318
1687736217,689699
1687736217,697354
1687736218,359001
1687736218,360884
1687736218,361609
1687736218,361846
1687736218,362687
1687736218,369100
1687736218,370291
1687736218,372578
1687736218,373842
1687736218,377234
1687736218,379190
1687736218,383060
1687736218,385547
1687736218,387430
1687736218,394842
1687736218,406518
1687736218,406691
1687736218,407416
1687736218,410775
1687736218,434288
1687736218,438366
1687736218,440916
1687736218,445932
1687736218,464873
1687736218,470590
1687736218,490416
1687736218,506597
1687736218,507594
1687736218,508273
1687736218,510404
1687736218,531525
1687736218,537785
1687736218,540996
1687736218,542674
1687736218,568626
1687736218,569283
1687736218,591268
1687736218,596469
1687736218,603948
1687736218,621117
1687736218,623779
1687736218,633165
1687736218,637419
1687736218,647846
1687736218,649394
1687736218,659668
1687736218,667469
1687736218,669706
1687736218,684271
1687736218,686610
1687736218,686686
1687736218,687450
1687736218,689892
1687736218,692642
1687736219,367155
1687736219,367810
1687736219,368705
1687736219,368930
1687736219,369602
1687736219,370643
1687736219,373896
1687736219,383743
1687736219,386672
1687736219,386788
1687736219,388381
1687736219,400847
1687736219,402274
1687736219,408404
1687736219,428120
1687736219,432112
1687736219,433864
1687736219,439370
1687736219,459504
1687736219,463764
1687736219,465427
1687736219,466629
1687736219,468445
1687736219,473023
1687736219,498123
1687736219,500376
1687736219,504897
1687736219,509267
1687736219,527333
1687736219,531290
1687736219,537103
1687736219,546747
1687736219,559974
1687736219,569965
1687736219,572785
1687736219,573502
1687736219,595251
1687736219,598835
1687736219,600106
1687736219,606713
1687736219,609513
1687736219,625718
1687736219,635108
1687736219,656518
1687736219,661971
1687736219,665964
1687736219,667211
1687736219,675126
1687736219,677941
1687736219,679516
1687736219,691091
1687736219,693165
1687736220,353587
1687736220,357417
1687736220,366141
1687736220,366368
1687736220,369451
1687736220,370772
1687736220,371967
1687736220,372962
1687736220,377790
1687736220,379070
1687736220,382882
1687736220,385645
1687736220,398800
1687736220,412849
1687736220,418420
1687736220,431950
1687736220,436776
1687736220,438353
1687736220,463091
1687736220,473947
1687736220,481346
1687736220,492127
1687736220,493896
1687736220,512300
1687736220,519339
1687736220,534978
1687736220,537798
1687736220,544181
1687736220,547526
1687736220,562324
1687736220,573069
1687736220,583813
1687736220,614114
1687736220,614262
1687736220,620797
1687736220,629176
1687736220,631783
1687736220,636282
1687736220,645557
1687736220,658302
1687736220,659162
1687736220,662445
1687736220,662719
1687736220,677812
1687736220,679088
1687736220,679655
1687736220,685094
1687736220,688081
1687736220,689339
1687736221,360748
1687736221,363210
1687736221,368104
1687736221,372972
1687736221,375900
1687736221,379909
1687736221,381440
1687736221,389351
1687736221,400369
1687736221,402296
1687736221,412862
1687736221,415858
1687736221,421593
1687736221,426600
1687736221,427326
1687736221,442890
1687736221,447736
1687736221,454587
1687736221,458343
1687736221,480543
1687736221,482301
1687736221,482753
1687736221,494745
1687736221,502061
1687736221,522718
1687736221,525009
1687736221,541980
1687736221,549778
1687736221,560554
1687736221,584565
1687736221,587847
1687736221,588410
1687736221,588881
1687736221,598682
1687736221,604084
1687736221,619653
1687736221,623126
1687736221,639664
1687736221,663304
1687736221,667066
1687736221,671475
1687736221,676651
1687736221,678405
1687736221,680654
1687736221,681988
1687736221,684220
1687736221,685810
1687736221,692004
1687736221,695524
1687736222,352487
1687736222,362867
1687736222,364221
1687736222,364372
1687736222,366763
1687736222,367741
1687736222,372457
1687736222,374756
1687736222,388587
1687736222,388792
1687736222,394922
1687736222,395388
1687736222,396572
1687736222,400199
1687736222,403801
1687736222,415922
1687736222,416327
1687736222,416460
1687736222,445542
1687736222,454138
1687736222,456309
1687736222,487784
1687736222,490358
1687736222,495386
1687736222,497519
1687736222,516373
1687736222,517851
1687736222,520080
1687736222,555006
1687736222,557505
1687736222,560654
1687736222,561991
1687736222,563984
1687736222,587822
1687736222,592712
1687736222,595637
1687736222,597530
1687736222,613169
1687736222,614390
1687736222,615017
1687736222,619410
1687736222,634445
1687736222,644474
1687736222,646098
1687736222,652865
1687736222,660471
1687736222,663158
1687736222,671348
1687736222,672829
1687736222,678191
1687736222,678666
1687736222,684110
1687736222,684743
1687736222,687468
1687736222,692461
1687736222,693678
1687736223,355742
1687736223,363086
1687736223,367976
1687736223,369396
1687736223,373841
1687736223,374699
1687736223,381182
1687736223,385841
1687736223,390722
1687736223,391357
1687736223,396464
1687736223,412290
1687736223,421036
1687736223,423039
1687736223,425605
1687736223,449515
1687736223,455968
1687736223,480115
1687736223,480666
1687736223,485351
1687736223,492724
1687736223,497683
1687736223,504692
1687736223,519730
1687736223,523501
1687736223,528599
1687736223,544919
1687736223,545532
1687736223,585709
1687736223,590617
1687736223,601238
1687736223,621192
1687736223,623392
1687736223,649270
1687736223,669598
1687736223,669904
1687736223,670942
1687736223,677171
1687736223,683639
1687736223,686952
1687736223,690563
1687736223,692826
1687736224,359693
1687736224,362364
1687736224,366654
1687736224,370651
1687736224,372379
1687736224,376419
1687736224,377632
1687736224,378956
1687736224,381559
1687736224,382918
1687736224,383614
1687736224,397367
1687736224,403165
1687736224,405602
1687736224,408206
1687736224,415819
1687736224,430546
1687736224,432139
1687736224,436437
1687736224,436714
1687736224,466758
1687736224,470688
1687736224,493971
1687736224,498630
1687736224,510500
1687736224,519286
1687736224,534690
1687736224,538723
1687736224,573345
1687736224,573551
1687736224,582348
1687736224,584484
1687736224,598487
1687736224,611643
1687736224,615782
1687736224,627820
1687736224,643751
1687736224,648518
1687736224,649793
1687736224,666346
1687736224,668561
1687736224,678426
1687736224,691112
1687736224,691956
1687736224,694245
1687736225,361274
1687736225,365636
1687736225,368768
1687736225,370630
1687736225,372755
1687736225,383117
1687736225,383482
1687736225,405989
1687736225,409940
1687736225,431640
1687736225,461320
1687736225,471659
1687736225,471760
1687736225,473424
1687736225,507994
1687736225,521383
1687736225,526453
1687736225,536039
1687736225,536627
1687736225,544357
1687736225,566934
1687736225,569232
1687736225,582394
1687736225,604232
1687736225,607427
1687736225,610085
1687736225,633843
1687736225,633877
1687736225,635800
1687736225,636839
1687736225,639014
1687736225,643032
1687736225,655420
1687736225,656637
1687736225,657894
1687736225,669398
1687736225,679074
1687736225,680614
1687736225,685692
1687736225,687429
1687736226,361660
1687736226,365596
1687736226,366365
1687736226,366425
1687736226,367656
1687736226,378288
1687736226,381130
1687736226,383491
1687736226,394440
1687736226,407195
1687736226,429505
1687736226,435204
1687736226,437279
1687736226,443337
1687736226,446589
1687736226,449904
1687736226,460553
1687736226,461704
1687736226,468327
1687736226,469863
1687736226,496478
1687736226,510708
1687736226,542402
1687736226,547498
1687736226,548506
1687736226,563086
1687736226,566841
1687736226,568488
1687736226,576503
1687736226,581003
1687736226,604689
1687736226,607950
1687736226,612509
1687736226,630386
1687736226,632502
1687736226,637252
1687736226,638769
1687736226,652259
1687736226,664871
1687736226,679365
1687736226,681878
1687736226,684014
1687736226,685043
1687736226,689889
1687736226,692401
1687736226,701469
1687736227,364359
1687736227,366023
1687736227,369774
1687736227,374693
1687736227,375944
1687736227,376907
1687736227,383492
1687736227,408494
1687736227,426675
1687736227,444708
1687736227,450482
1687736227,459426
1687736227,462618
1687736227,473181
1687736227,477195
1687736227,486111
1687736227,511420
1687736227,528466
1687736227,533178
1687736227,537621
1687736227,553813
1687736227,554516
1687736227,558884
1687736227,562381
1687736227,562862
1687736227,581164
1687736227,584804
1687736227,596643
1687736227,613338
1687736227,632136
1687736227,636466
1687736227,641003
1687736227,646617
1687736227,654252
1687736227,654990
1687736227,659148
1687736227,660135
1687736227,663260
1687736227,668175
1687736227,670947
1687736227,679603
1687736227,679651
1687736227,681059
1687736227,685135
1687736227,692247
1687736227,702280
1687736228,349920
1687736228,358291
1687736228,363275
1687736228,366301
1687736228,366978
1687736228,373277
1687736228,375281
1687736228,377429
1687736228,381227
1687736228,393271
1687736228,393672
1687736228,398367
1687736228,418614
1687736228,421509
1687736228,423296
1687736228,426307
1687736228,485497
1687736228,487421
1687736228,488802
1687736228,519449
1687736228,522318
1687736228,522898
1687736228,551427
1687736228,554796
1687736228,587966
1687736228,591001
1687736228,619264
1687736228,626339
1687736228,635733
1687736228,653164
1687736228,665998
1687736228,670224
1687736228,675084
1687736228,681233
1687736228,686370
1687736228,686447
1687736228,688298
1687736228,689740
1687736229,364568
1687736229,367338
1687736229,377009
1687736229,377529
1687736229,377783
1687736229,391811
1687736229,394435
1687736229,394874
1687736229,399145
1687736229,419205
1687736229,421991
1687736229,451354
1687736229,451720
1687736229,452810
1687736229,478266
1687736229,485768
1687736229,512179
1687736229,517883
1687736229,529576
1687736229,553599
1687736229,556263
1687736229,559347
1687736229,583848
1687736229,590555
1687736229,592958
1687736229,615541
1687736229,617624
1687736229,625187
1687736229,646526
1687736229,649891
1687736229,650244
1687736229,650993
1687736229,666127
1687736229,668530
1687736229,669252
1687736229,672493
1687736229,674279
1687736229,677988
1687736229,681319
1687736229,684546
1687736229,684784
1687736229,687702
1687736229,688234
1687736229,697415
1687736230,348417
1687736230,361591
1687736230,365341
1687736230,369197
1687736230,371549
1687736230,373904
1687736230,375790
1687736230,382294
1687736230,391081
1687736230,391301
1687736230,397900
1687736230,399649
1687736230,400054
1687736230,400399
1687736230,409495
1687736230,414854
1687736230,417035
1687736230,430108
1687736230,444800
1687736230,447157
1687736230,461009
1687736230,479543
1687736230,482534
1687736230,494885
1687736230,500002
1687736230,514599
1687736230,525199
1687736230,543827
1687736230,567853
1687736230,582540
1687736230,589174
1687736230,601843
1687736230,602771
1687736230,612576
1687736230,613379
1687736230,620699
1687736230,621215
1687736230,627227
1687736230,640506
1687736230,641403
1687736230,642558
1687736230,644097
1687736230,650325
1687736230,666013
1687736230,672220
1687736230,672415
1687736230,679741
1687736230,684281
1687736230,688110
1687736230,688954
1687736230,692306
1687736230,693091
1687736231,358643
1687736231,360594
1687736231,362952
1687736231,366555
1687736231,368146
1687736231,371790
1687736231,374524
1687736231,383759
1687736231,384003
1687736231,387751
1687736231,388698
1687736231,398952
1687736231,409026
1687736231,414815
1687736231,418388
1687736231,429461
1687736231,435700
1687736231,436947
1687736231,462748
1687736231,471307
1687736231,474148
1687736231,477823
1687736231,486700
1687736231,502076
1687736231,504796
1687736231,506369
1687736231,510493
1687736231,511193
1687736231,531002
1687736231,532045
1687736231,541433
1687736231,569078
1687736231,573297
1687736231,573605
1687736231,578106
1687736231,596086
1687736231,605976
1687736231,606207
1687736231,607233
1687736231,609821
1687736231,642077
1687736231,653261
1687736231,658316
1687736231,658341
1687736231,667397
1687736231,671502
1687736231,675926
1687736231,677983
1687736231,684718
1687736231,686614
1687736231,689019
1687736231,689387
1687736231,698660
1687736232,350004
1687736232,359011
1687736232,363658
1687736232,365402
1687736232,367749
1687736232,367903
1687736232,369126
1687736232,371785
1687736232,374953
1687736232,382440
1687736232,383215
1687736232,383216
1687736232,386911
1687736232,409020
1687736232,409763
1687736232,411610
1687736232,411934
1687736232,412168
1687736232,429010
1687736232,436104
1687736232,465306
1687736232,468654
1687736232,469514
1687736232,501930
1687736232,503721
1687736232,504371
1687736232,507567
1687736232,512331
1687736232,539440
1687736232,540130
1687736232,578010
1687736232,578756
1687736232,579057
1687736232,598918
1687736232,602534
1687736232,612540
1687736232,630576
1687736232,632742
1687736232,636357
1687736232,636372
1687736232,647096
1687736232,654366
1687736232,658855
1687736232,660586
1687736232,670935
1687736232,684400
1687736232,688033
1687736232,689279
1687736232,694304
1687736233,364203
1687736233,365308
1687736233,368869
1687736233,370203
1687736233,370541
1687736233,370989
1687736233,372189
1687736233,376493
1687736233,377098
1687736233,379844
1687736233,381316
1687736233,383441
1687736233,383536
1687736233,383715
1687736233,402379
1687736233,403126
1687736233,412548
1687736233,412569
1687736233,428146
1687736233,430830
1687736233,432611
1687736233,438087
1687736233,447541
1687736233,450048
1687736233,460486
1687736233,476760
1687736233,479193
1687736233,493679
1687736233,494161
1687736233,503232
1687736233,519416
1687736233,526307
1687736233,533837
1687736233,535975
1687736233,544976
1687736233,564841
1687736233,570832
1687736233,586358
1687736233,595186
1687736233,599144
1687736233,601172
1687736233,610825
1687736233,616008
1687736233,622802
1687736233,629648
1687736233,632991
1687736233,633643
1687736233,634665
1687736233,653600
1687736233,657684
1687736233,661540
1687736233,662118
1687736233,671463
1687736233,677965
1687736233,678608
1687736233,679280
1687736233,687474
1687736233,695113
1687736233,695698
1687736234,347433
1687736234,360649
1687736234,363893
1687736234,364704
1687736234,364937
1687736234,364982
1687736234,374051
1687736234,376477
1687736234,377920
1687736234,392626
1687736234,394736
1687736234,395576
1687736234,398444
1687736234,421246
1687736234,428704
1687736234,442377
1687736234,452941
1687736234,455014
1687736234,457004
1687736234,483588
1687736234,489809
1687736234,499816
1687736234,516315
1687736234,519049
1687736234,529567
1687736234,538513
1687736234,551603
1687736234,558170
1687736234,562238
1687736234,581954
1687736234,605783
1687736234,614717
1687736234,620911
1687736234,628188
1687736234,642393
1687736234,643597
1687736234,657609
1687736234,657652
1687736234,673276
1687736234,675706
1687736234,676179
1687736234,676869
1687736234,682655
1687736234,683320
1687736234,684373
1687736234,686166
1687736234,686449
1687736234,695414
1687736235,355012
1687736235,357159
1687736235,367789
1687736235,368110
1687736235,371913
1687736235,372038
1687736235,372189
1687736235,372954
1687736235,374833
1687736235,375348
1687736235,380149
1687736235,386102
1687736235,389987
1687736235,395231
1687736235,396600
1687736235,406744
1687736235,414898
1687736235,423006
1687736235,423017
1687736235,423877
1687736235,429787
1687736235,442415
1687736235,446086
1687736235,451174
1687736235,454227
1687736235,455010
1687736235,472360
1687736235,477002
1687736235,492090
1687736235,513926
1687736235,517662
1687736235,517780
1687736235,558295
1687736235,559910
1687736235,571005
1687736235,581789
1687736235,589703
1687736235,590562
1687736235,591136
1687736235,598263
1687736235,618428
1687736235,618896
1687736235,623951
1687736235,641534
1687736235,646409
1687736235,648619
1687736235,649612
1687736235,653128
1687736235,659972
1687736235,670669
1687736235,673714
1687736235,677714
1687736235,681073
1687736235,683327
1687736235,686529
1687736235,689263
1687736235,692963
1687736235,698883
1687736236,355657
1687736236,363411
1687736236,365756
1687736236,365793
1687736236,369035
1687736236,370993
1687736236,372591
1687736236,376464
1687736236,377322
1687736236,379256
1687736236,389659
1687736236,394234
1687736236,396731
1687736236,416659
1687736236,418018
1687736236,421152
1687736236,421886
1687736236,435291
1687736236,438893
1687736236,453570
1687736236,459947
1687736236,466636
1687736236,471152
1687736236,482352
1687736236,485271
1687736236,491782
1687736236,495563
1687736236,513795
1687736236,516454
1687736236,525364
1687736236,527537
1687736236,533338
1687736236,533551
1687736236,543038
1687736236,553726
1687736236,558346
1687736236,559378
1687736236,566272
1687736236,568130
1687736236,582353
1687736236,582606
1687736236,595361
1687736236,596991
1687736236,599225
1687736236,622412
1687736236,624944
1687736236,626267
1687736236,641011
1687736236,646914
1687736236,653911
1687736236,667954
1687736236,670726
1687736236,674215
1687736236,674303
1687736236,678975
1687736236,680195
1687736236,681036
1687736236,682161
1687736236,685817
1687736236,686403
1687736237,355026
1687736237,370202
1687736237,371335
1687736237,371913
1687736237,372223
1687736237,382979
1687736237,387068
1687736237,388577
1687736237,388595
1687736237,389751
1687736237,390011
1687736237,390855
1687736237,401564
1687736237,403657
1687736237,404940
1687736237,409453
1687736237,426991
1687736237,430549
1687736237,436421
1687736237,442662
1687736237,455318
1687736237,467225
1687736237,477310
1687736237,487109
1687736237,494779
1687736237,499588
1687736237,511133
1687736237,520795
1687736237,536559
1687736237,545967
1687736237,555307
1687736237,572289
1687736237,574366
1687736237,576446
1687736237,604362
1687736237,607409
1687736237,613130
1687736237,621287
1687736237,629742
1687736237,641367
1687736237,643247
1687736237,644988
1687736237,649858
1687736237,662439
1687736237,666238
1687736237,672666
1687736237,679769
1687736237,684542
1687736237,689592
1687736237,698212
1687736238,359315
1687736238,361319
1687736238,361725
1687736238,362246
1687736238,363085
1687736238,368157
1687736238,370980
1687736238,373149
1687736238,376314
1687736238,379896
1687736238,384301
1687736238,386034
1687736238,396306
1687736238,405035
1687736238,408013
1687736238,429757
1687736238,436267
1687736238,436484
1687736238,443083
1687736238,466967
1687736238,468271
1687736238,492522
1687736238,508662
1687736238,508666
1687736238,509508
1687736238,533736
1687736238,539309
1687736238,540104
1687736238,544777
1687736238,566426
1687736238,571339
1687736238,593026
1687736238,598450
1687736238,605462
1687736238,612444
1687736238,625253
1687736238,634758
1687736238,635285
1687736238,635612
1687736238,646520
1687736238,650685
1687736238,660952
1687736238,666172
1687736238,670587
1687736238,683798
1687736238,684729
1687736238,685848
1687736238,686495
1687736238,686587
1687736238,689353
1687736238,692169
1687736239,367180
1687736239,368137
1687736239,368332
1687736239,368382
1687736239,369620
1687736239,370501
1687736239,373246
1687736239,377066
1687736239,385294
1687736239,385432
1687736239,387934
1687736239,389119
1687736239,399514
1687736239,399857
1687736239,401915
1687736239,403902
1687736239,405741
1687736239,406729
1687736239,417725
1687736239,419862
1687736239,430183
1687736239,441617
1687736239,461742
1687736239,461863
1687736239,463241
1687736239,464624
1687736239,470590
1687736239,475023
1687736239,490503
1687736239,496135
1687736239,498236
1687736239,506943
1687736239,507209
1687736239,529351
1687736239,529388
1687736239,535232
1687736239,548849
1687736239,557838
1687736239,570739
1687736239,572134
1687736239,575583
1687736239,593153
1687736239,596808
1687736239,598059
1687736239,604922
1687736239,606293
1687736239,610989
1687736239,611649
1687736239,627427
1687736239,636550
1687736239,647819
1687736239,657985
1687736239,660584
1687736239,664528
1687736239,668124
1687736239,672599
1687736239,674024
1687736239,678613
1687736239,681387
1687736239,690814
1687736239,691296
1687736239,693837
1687736240,353970
1687736240,355203
1687736240,357368
1687736240,365735
1687736240,366642
1687736240,370134
1687736240,370795
1687736240,371285
1687736240,373906
1687736240,378015
1687736240,381756
1687736240,384289
1687736240,384645
1687736240,403734
1687736240,414635
1687736240,420326
1687736240,430143
1687736240,440464
1687736240,443618
1687736240,461045
1687736240,467091
1687736240,467348
1687736240,471946
1687736240,483443
1687736240,484889
1687736240,489986
1687736240,491786
1687736240,502675
1687736240,514419
1687736240,521350
1687736240,532724
1687736240,545590
1687736240,546469
1687736240,549490
1687736240,560439
1687736240,570820
1687736240,573930
1687736240,583232
1687736240,585559
1687736240,615789
1687736240,615796
1687736240,618914
1687736240,629815
1687736240,637752
1687736240,643535
1687736240,656712
1687736240,657966
1687736240,658383
1687736240,660834
1687736240,663993
1687736240,678639
1687736240,679009
1687736240,682923
1687736240,685435
1687736240,688115
1687736240,689218
1687736240,695772
1687736241,363242
1687736241,363443
1687736241,367879
1687736241,372690
1687736241,375751
1687736241,378823
1687736241,381929
1687736241,390202
1687736241,399157
1687736241,401097
1687736241,414072
1687736241,420605
1687736241,424787
1687736241,425512
1687736241,444972
1687736241,449709
1687736241,452083
1687736241,456209
1687736241,456757
1687736241,480083
1687736241,482769
1687736241,492757
1687736241,494084
1687736241,504236
1687736241,522929
1687736241,524929
1687736241,527045
1687736241,544016
1687736241,544468
1687736241,552029
1687736241,555436
1687736241,558473
1687736241,586179
1687736241,589866
1687736241,590810
1687736241,596776
1687736241,605885
1687736241,621227
1687736241,621303
1687736241,627596
1687736241,635764
1687736241,641089
1687736241,661520
1687736241,664878
1687736241,667660
1687736241,675712
1687736241,679182
1687736241,681085
1687736241,681500
1687736241,684873
1687736241,685031
1687736241,689739
1687736242,352050
1687736242,359935
1687736242,363779
1687736242,363922
1687736242,366892
1687736242,368466
1687736242,371611
1687736242,375215
1687736242,375928
1687736242,387010
1687736242,390097
1687736242,394201
1687736242,396597
1687736242,402404
1687736242,414887
1687736242,414953
1687736242,417925
1687736242,444115
1687736242,458687
1687736242,464784
1687736242,485894
1687736242,497517
1687736242,514342
1687736242,518112
1687736242,519931
1687736242,548339
1687736242,550237
1687736242,557232
1687736242,558603
1687736242,564252
1687736242,566019
1687736242,585816
1687736242,595827
1687736242,597306
1687736242,610864
1687736242,616434
1687736242,617327
1687736242,645976
1687736242,647499
1687736242,649371
1687736242,651160
1687736242,664046
1687736242,670488
1687736242,674057
1687736242,676924
1687736242,679322
1687736242,684015
1687736242,684054
1687736242,687130
1687736242,693836
1687736243,354905
1687736243,363556
1687736243,365576
1687736243,369624
1687736243,373939
1687736243,374250
1687736243,381865
1687736243,384507
1687736243,390058
1687736243,398215
1687736243,401220
1687736243,410634
1687736243,419532
1687736243,424539
1687736243,427248
1687736243,439794
1687736243,447183
1687736243,458107
1687736243,478525
1687736243,482210
1687736243,483146
1687736243,487314
1687736243,499978
1687736243,502337
1687736243,517238
1687736243,525751
1687736243,530782
1687736243,543273
1687736243,565073
1687736243,566348
1687736243,583704
1687736243,592502
1687736243,602846
1687736243,619318
1687736243,625084
1687736243,639816
1687736243,650017
1687736243,650357
1687736243,653491
1687736243,668404
1687736243,669080
1687736243,672007
1687736243,678244
1687736243,682820
1687736243,686064
1687736243,687313
1687736243,688908
1687736243,690136
1687736243,692071
1687736244,359704
1687736244,362443
1687736244,367161
1687736244,367268
1687736244,371510
1687736244,378894
1687736244,380090
1687736244,382532
1687736244,383884
1687736244,384429
1687736244,398547
1687736244,406606
1687736244,406704
1687736244,414241
1687736244,422502
1687736244,432569
1687736244,433926
1687736244,434542
1687736244,434596
1687736244,468424
1687736244,468756
1687736244,473703
1687736244,496031
1687736244,500763
1687736244,508294
1687736244,516900
1687736244,519354
1687736244,536724
1687736244,536921
1687736244,538814
1687736244,575225
1687736244,580145
1687736244,582332
1687736244,600292
1687736244,609703
1687736244,613940
1687736244,629638
1687736244,635291
1687736244,640984
1687736244,641802
1687736244,650916
1687736244,659953
1687736244,667179
1687736244,667477
1687736244,677983
1687736244,686088
1687736244,691985
1687736244,694236
1687736245,361108
1687736245,365326
1687736245,369221
1687736245,369665
1687736245,371308
1687736245,373429
1687736245,382217
1687736245,384180
1687736245,407630
1687736245,408191
1687736245,430061
1687736245,433853
1687736245,443762
1687736245,462978
1687736245,475581
1687736245,501617
1687736245,504023
1687736245,505876
1687736245,524417
1687736245,534020
1687736245,542350
1687736245,546098
1687736245,566976
1687736245,569188
1687736245,584309
1687736245,602615
1687736245,605906
1687736245,605921
1687736245,608166
1687736245,609372
1687736245,633847
1687736245,634665
1687736245,641195
1687736245,654261
1687736245,658391
1687736245,659210
1687736245,661112
1687736245,666658
1687736245,670172
1687736245,677727
1687736245,678261
1687736245,680491
1687736245,686984
1687736246,362923
1687736246,364554
1687736246,365419
1687736246,366184
1687736246,367888
1687736246,368237
1687736246,376517
1687736246,378688
1687736246,379966
1687736246,382597
1687736246,395522
1687736246,400896
1687736246,405534
1687736246,419367
1687736246,427615
1687736246,433138
1687736246,439180
1687736246,445372
1687736246,448769
1687736246,458257
1687736246,459364
1687736246,467761
1687736246,470549
1687736246,494175
1687736246,512699
1687736246,540777
1687736246,550606
1687736246,560803
1687736246,578324
1687736246,583058
1687736246,584814
1687736246,590996
1687736246,614189
1687736246,630534
1687736246,631819
1687736246,636935
1687736246,638435
1687736246,638684
1687736246,653572
1687736246,663119
1687736246,680401
1687736246,683940
1687736246,690126
1687736246,692336
1687736246,693014
1687736246,697458
1687736246,701000
1687736247,365035
1687736247,366223
1687736247,369228
1687736247,374941
1687736247,375728
1687736247,382362
1687736247,407493
1687736247,410093
1687736247,415384
1687736247,424946
1687736247,446690
1687736247,448494
1687736247,457009
1687736247,475319
1687736247,479306
1687736247,484057
1687736247,513605
1687736247,526386
1687736247,531358
1687736247,539871
1687736247,551928
1687736247,560421
1687736247,586779
1687736247,594665
1687736247,614883
1687736247,630303
1687736247,637948
1687736247,642521
1687736247,653164
1687736247,653525
1687736247,657642
1687736247,660976
1687736247,661646
1687736247,668765
1687736247,669947
1687736247,680056
1687736247,680873
1687736247,681623
1687736247,684615
1687736247,689952
1687736247,702727
1687736248,350672
1687736248,358302
1687736248,362728
1687736248,366442
1687736248,367571
1687736248,373700
1687736248,374438
1687736248,374568
1687736248,376100
1687736248,382327
1687736248,392090
1687736248,399663
1687736248,420646
1687736248,422481
1687736248,423557
1687736248,424550
1687736248,425277
1687736248,452147
1687736248,453288
1687736248,460521
1687736248,485391
1687736248,487570
1687736248,490906
1687736248,520358
1687736248,521599
1687736248,525099
1687736248,549923
1687736248,552905
1687736248,553566
1687736248,585774
1687736248,592851
1687736248,619183
1687736248,620802
1687736248,624494
1687736248,624536
1687736248,626728
1687736248,637042
1687736248,651488
1687736248,667246
1687736248,675668
1687736248,680180
1687736248,686447
1687736248,687222
1687736248,687741
1687736249,364180
1687736249,367641
1687736249,371265
1687736249,376217
1687736249,377728
1687736249,377986
1687736249,390571
1687736249,396253
1687736249,397849
1687736249,420368
1687736249,449640
1687736249,454755
1687736249,476466
1687736249,483447
1687736249,492422
1687736249,515567
1687736249,531696
1687736249,549657
1687736249,551524
1687736249,558468
1687736249,581723
1687736249,588226
1687736249,594456
1687736249,594942
1687736249,615597
1687736249,647888
1687736249,648736
1687736249,659283
1687736249,667435
1687736249,668166
1687736249,673355
1687736249,673659
1687736249,676813
1687736249,681216
1687736249,684050
1687736249,685165
1687736249,688490
1687736250,348296
1687736250,361449
1687736250,365700
1687736250,369901
1687736250,369971
1687736250,371831
1687736250,373024
1687736250,375358
1687736250,382977
1687736250,389738
1687736250,389897
1687736250,399697
1687736250,401075
1687736250,401504
1687736250,402289
1687736250,407735
1687736250,413256
1687736250,431874
1687736250,442847
1687736250,445333
1687736250,462939
1687736250,477462
1687736250,480553
1687736250,497012
1687736250,502013
1687736250,512709
1687736250,514197
1687736250,541786
1687736250,570036
1687736250,580380
1687736250,587322
1687736250,603730
1687736250,604294
1687736250,610618
1687736250,611210
1687736250,611290
1687736250,617251
1687736250,622162
1687736250,628770
1687736250,642348
1687736250,651923
1687736250,667000
1687736250,667393
1687736250,670923
1687736250,673452
1687736250,679712
1687736250,685085
1687736250,687459
1687736250,691920
1687736250,692179
1687736250,692275
1687736251,357742
1687736251,360583
1687736251,362450
1687736251,365533
1687736251,367737
1687736251,368142
1687736251,370807
1687736251,374898
1687736251,384876
1687736251,384970
1687736251,386692
1687736251,389343
1687736251,400441
1687736251,407286
1687736251,407383
1687736251,413332
1687736251,421132
1687736251,431292
1687736251,434132
1687736251,438860
1687736251,464946
1687736251,472133
1687736251,479818
1687736251,488635
1687736251,504193
1687736251,504433
1687736251,506967
1687736251,508390
1687736251,508909
1687736251,527317
1687736251,533168
1687736251,534195
1687736251,539555
1687736251,571116
1687736251,571201
1687736251,576268
1687736251,597962
1687736251,603915
1687736251,605156
1687736251,607892
1687736251,607910
1687736251,640266
1687736251,654674
1687736251,666086
1687736251,672775
1687736251,676959
1687736251,677235
1687736251,678326
1687736251,684004
1687736251,686874
1687736251,688863
1687736251,689803
1687736251,698187
1687736252,358905
1687736252,363979
1687736252,365468
1687736252,368650
1687736252,372060
1687736252,375630
1687736252,377412
1687736252,381096
1687736252,384332
1687736252,385668
1687736252,388377
1687736252,409971
1687736252,411340
1687736252,413681
1687736252,427085
1687736252,438338
1687736252,467363
1687736252,473313
1687736252,502316
1687736252,509528
1687736252,524261
1687736252,537687
1687736252,542349
1687736252,547560
1687736252,576645
1687736252,580137
1687736252,581069
1687736252,597043
1687736252,604261
1687736252,632131
1687736252,634144
1687736252,634426
1687736252,634440
1687736252,645195
1687736252,655272
1687736252,659096
1687736252,659836
1687736252,672011
1687736252,684437
1687736252,688371
1687736252,689422
1687736252,694063
1687736253,364019
1687736253,366703
1687736253,369660
1687736253,370557
1687736253,371272
1687736253,371968
1687736253,376215
1687736253,380079
1687736253,384123
1687736253,384890
1687736253,401575
1687736253,402368
1687736253,414575
1687736253,426117
1687736253,429171
1687736253,434459
1687736253,440265
1687736253,448054
1687736253,449586
1687736253,458208
1687736253,467269
1687736253,478893
1687736253,481218
1687736253,492047
1687736253,505415
1687736253,521611
1687736253,531920
1687736253,534161
1687736253,547272
1687736253,562583
1687736253,573129
1687736253,588288
1687736253,597222
1687736253,602963
1687736253,612485
1687736253,617596
1687736253,627878
1687736253,630840
1687736253,631785
1687736253,636145
1687736253,654760
1687736253,656132
1687736253,660255
1687736253,663418
1687736253,678572
1687736253,679478
1687736253,680852
1687736253,686953
1687736253,691640
1687736253,694520
1687736253,695992
1687736254,360589
1687736254,364219
1687736254,364383
1687736254,364701
1687736254,365306
1687736254,367647
1687736254,374728
1687736254,375431
1687736254,378233
1687736254,393769
1687736254,394155
1687736254,414492
1687736254,419093
1687736254,426817
1687736254,451955
1687736254,454718
1687736254,455044
1687736254,457102
1687736254,485675
1687736254,497457
1687736254,518452
1687736254,527648
1687736254,540794
1687736254,546605
1687736254,553826
1687736254,560009
1687736254,560364
1687736254,564902
1687736254,583754
1687736254,604301
1687736254,616115
1687736254,618892
1687736254,627240
1687736254,629726
1687736254,643004
1687736254,643593
1687736254,644941
1687736254,647280
1687736254,655946
1687736254,658777
1687736254,674156
1687736254,674767
1687736254,675310
1687736254,677682
1687736254,681663
1687736254,681989
1687736254,683878
1687736254,686671
1687736254,695644
1687736255,355540
1687736255,357490
1687736255,367693
1687736255,371619
1687736255,372085
1687736255,372657
1687736255,374063
1687736255,375885
1687736255,379280
1687736255,385051
1687736255,391509
1687736255,392430
1687736255,393855
1687736255,397691
1687736255,408647
1687736255,416813
1687736255,421223
1687736255,422272
1687736255,424784
1687736255,431776
1687736255,440271
1687736255,444369
1687736255,453110
1687736255,453326
1687736255,470417
1687736255,478878
1687736255,494235
1687736255,515555
1687736255,516742
1687736255,519732
1687736255,547635
1687736255,556268
1687736255,556970
1687736255,562091
1687736255,569061
1687736255,583813
1687736255,587578
1687736255,592500
1687736255,599903
1687736255,619939
1687736255,622040
1687736255,624407
1687736255,647609
1687736255,648051
1687736255,651213
1687736255,671800
1687736255,672745
1687736255,686307
1687736255,686732
1687736255,690230
1687736255,692406
1687736255,698837
1687736256,363698
1687736256,365455
1687736256,366212
1687736256,369249
1687736256,370955
1687736256,377154
1687736256,379225
1687736256,380111
1687736256,388590
1687736256,395606
1687736256,395608
1687736256,397892
1687736256,418596
1687736256,420483
1687736256,437136
1687736256,451412
1687736256,461995
1687736256,469139
1687736256,480364
1687736256,482995
1687736256,493643
1687736256,493809
1687736256,515983
1687736256,525293
1687736256,527521
1687736256,535602
1687736256,535666
1687736256,541197
1687736256,551866
1687736256,556231
1687736256,561514
1687736256,568314
1687736256,570193
1687736256,575371
1687736256,580358
1687736256,580703
1687736256,593450
1687736256,598735
1687736256,601099
1687736256,610519
1687736256,623995
1687736256,626751
1687736256,642394
1687736256,645005
1687736256,651339
1687736256,655462
1687736256,669365
1687736256,671834
1687736256,672499
1687736256,672957
1687736256,678734
1687736256,680579
1687736256,680867
1687736256,681567
1687736256,683016
1687736256,685792
1687736256,687259
1687736257,354590
1687736257,361051
1687736257,370467
1687736257,371360
1687736257,371619
1687736257,372130
1687736257,383868
1687736257,387404
1687736257,388753
1687736257,388897
1687736257,389108
1687736257,392011
1687736257,399975
1687736257,405019
1687736257,406873
1687736257,407901
1687736257,429043
1687736257,432609
1687736257,434318
1687736257,441067
1687736257,457347
1687736257,469239
1687736257,475068
1687736257,488217
1687736257,489232
1687736257,496854
1687736257,501682
1687736257,509160
1687736257,522897
1687736257,534422
1687736257,535941
1687736257,543960
1687736257,557588
1687736257,570112
1687736257,572012
1687736257,578501
1687736257,605478
1687736257,606058
1687736257,611094
1687736257,622980
1687736257,631191
1687736257,639522
1687736257,641498
1687736257,646332
1687736257,651009
1687736257,661356
1687736257,664971
1687736257,673792
1687736257,680453
1687736257,682811
1687736257,684686
1687736257,689460
1687736257,698975
1687736258,359682
1687736258,361801
1687736258,362626
1687736258,364346
1687736258,367223
1687736258,371704
1687736258,372471
1687736258,375417
1687736258,383063
1687736258,384661
1687736258,397803
1687736258,409550
1687736258,418178
1687736258,431468
1687736258,434616
1687736258,438282
1687736258,441635
1687736258,445272
1687736258,465944
1687736258,469069
1687736258,494617
1687736258,506902
1687736258,510742
1687736258,511439
1687736258,531480
1687736258,537591
1687736258,542436
1687736258,543865
1687736258,546881
1687736258,564243
1687736258,573401
1687736258,594719
1687736258,600443
1687736258,606964
1687736258,633793
1687736258,636334
1687736258,636676
1687736258,645141
1687736258,648140
1687736258,652021
1687736258,662247
1687736258,664816
1687736258,671443
1687736258,678707
1687736258,685042
1687736258,685126
1687736258,685634
1687736258,686248
1687736258,688808
1687736258,691640
1687736259,367567
1687736259,367845
1687736259,368419
1687736259,368879
1687736259,369667
1687736259,370424
1687736259,372642
1687736259,377791
1687736259,384240
1687736259,384815
1687736259,386860
1687736259,389076
1687736259,389933
1687736259,398882
1687736259,400222
1687736259,400337
1687736259,404125
1687736259,405090
1687736259,405596
1687736259,422263
1687736259,428267
1687736259,443852
1687736259,459006
1687736259,459943
1687736259,461053
1687736259,462664
1687736259,463995
1687736259,472723
1687736259,477037
1687736259,494124
1687736259,496115
1687736259,505159
1687736259,508999
1687736259,527379
1687736259,533375
1687736259,550950
1687736259,555776
1687736259,568685
1687736259,574281
1687736259,577676
1687736259,594786
1687736259,603172
1687736259,604433
1687736259,612453
1687736259,613374
1687736259,629089
1687736259,637952
1687736259,649045
1687736259,656726
1687736259,659156
1687736259,659476
1687736259,663048
1687736259,669038
1687736259,671589
1687736259,672951
1687736259,679223
1687736259,683249
1687736259,690497
1687736259,691204
1687736259,691397
1687736259,694448
1687736260,354415
1687736260,355016
1687736260,357360
1687736260,365365
1687736260,366921
1687736260,370826
1687736260,371811
1687736260,374904
1687736260,377014
1687736260,380607
1687736260,383639
1687736260,385155
1687736260,416477
1687736260,428321
1687736260,442594
1687736260,469357
1687736260,469912
1687736260,485006
1687736260,485540
1687736260,486977
1687736260,487813
1687736260,491997
1687736260,500362
1687736260,516583
1687736260,523354
1687736260,543606
1687736260,548746
1687736260,556354
1687736260,556719
1687736260,558573
1687736260,568544
1687736260,576116
1687736260,585278
1687736260,587348
1687736260,592691
1687736260,617074
1687736260,617354
1687736260,617480
1687736260,625315
1687736260,627842
1687736260,639206
1687736260,641525
1687736260,654890
1687736260,655080
1687736260,659160
1687736260,662726
1687736260,665224
1687736260,678114
1687736260,680183
1687736260,682359
1687736260,685759
1687736260,688090
1687736260,689030
1687736261,359522
1687736261,363632
1687736261,363727
1687736261,367704
1687736261,369229
1687736261,372387
1687736261,375593
1687736261,377762
1687736261,382442
1687736261,391111
1687736261,397713
1687736261,397938
1687736261,399932
1687736261,415318
1687736261,418956
1687736261,419615
1687736261,422961
1687736261,423709
1687736261,444163
1687736261,447124
1687736261,451691
1687736261,454080
1687736261,458895
1687736261,465677
1687736261,477865
1687736261,484979
1687736261,489646
1687736261,506400
1687736261,517303
1687736261,520903
1687736261,524822
1687736261,527159
1687736261,546062
1687736261,554272
1687736261,583914
1687736261,591791
1687736261,594845
1687736261,607658
1687736261,622814
1687736261,626004
1687736261,637096
1687736261,640583
1687736261,642530
1687736261,649374
1687736261,659613
1687736261,662638
1687736261,666453
1687736261,668288
1687736261,674720
1687736261,679889
1687736261,680137
1687736261,682345
1687736261,683882
1687736261,685803
1687736261,686802
1687736261,689711
1687736262,351669
1687736262,363479
1687736262,367082
1687736262,367659
1687736262,370820
1687736262,375663
1687736262,376969
1687736262,385493
1687736262,391391
1687736262,393061
1687736262,398304
1687736262,400964
1687736262,402286
1687736262,413343
1687736262,413583
1687736262,419939
1687736262,428934
1687736262,446059
1687736262,450027
1687736262,461073
1687736262,484049
1687736262,494456
1687736262,499665
1687736262,512319
1687736262,516136
1687736262,521981
1687736262,550451
1687736262,553339
1687736262,556532
1687736262,559455
1687736262,564242
1687736262,566490
1687736262,568063
1687736262,582714
1687736262,583807
1687736262,594081
1687736262,596186
1687736262,598974
1687736262,615250
1687736262,617865
1687736262,636342
1687736262,642311
1687736262,647730
1687736262,648873
1687736262,664965
1687736262,669614
1687736262,675273
1687736262,675627
1687736262,679934
1687736262,683878
1687736262,683926
1687736262,693957
1687736262,697467
1687736263,354079
1687736263,363312
1687736263,364070
1687736263,366106
1687736263,372489
1687736263,373203
1687736263,382567
1687736263,383208
1687736263,388803
1687736263,400039
1687736263,406020
1687736263,409031
1687736263,413780
1687736263,418005
1687736263,426073
1687736263,437814
1687736263,444881
1687736263,460231
1687736263,470724
1687736263,476337
1687736263,480904
1687736263,484346
1687736263,500015
1687736263,502245
1687736263,514726
1687736263,528006
1687736263,532959
1687736263,541083
1687736263,561570
1687736263,567290
1687736263,581699
1687736263,594310
1687736263,604435
1687736263,608558
1687736263,617458
1687736263,626754
1687736263,638189
1687736263,651468
1687736263,651489
1687736263,665092
1687736263,667199
1687736263,667280
1687736263,668263
1687736263,673063
1687736263,679255
1687736263,681983
1687736263,686008
1687736263,687573
1687736263,689542
1687736263,689666
1687736263,691248
1687736263,691329
1687736264,359781
1687736264,362569
1687736264,366263
1687736264,367565
1687736264,367885
1687736264,368103
1687736264,370672
1687736264,380211
1687736264,381187
1687736264,383595
1687736264,384881
1687736264,385292
1687736264,399800
1687736264,403432
1687736264,405022
1687736264,407828
1687736264,412627
1687736264,424141
1687736264,432413
1687736264,432793
1687736264,434625
1687736264,435751
1687736264,466228
1687736264,475659
1687736264,498094
1687736264,502907
1687736264,506104
1687736264,514220
1687736264,514462
1687736264,522495
1687736264,534731
1687736264,541005
1687736264,577041
1687736264,577158
1687736264,577968
1687736264,580191
1687736264,588907
1687736264,595995
1687736264,602071
1687736264,607785
1687736264,612112
1687736264,626742
1687736264,631402
1687736264,661524
1687736264,665767
1687736264,668612
1687736264,677515
1687736264,686446
1687736264,690910
1687736264,691980
1687736264,694202
1687736265,360920
1687736265,365027
1687736265,368747
1687736265,369671
1687736265,370747
1687736265,374090
1687736265,377763
1687736265,379460
1687736265,381356
1687736265,384910
1687736265,406423
1687736265,409293
1687736265,428467
1687736265,432432
1687736265,459940
1687736265,464656
1687736265,477732
1687736265,499508
1687736265,503792
1687736265,506126
1687736265,522432
1687736265,539190
1687736265,540330
1687736265,564743
1687736265,569121
1687736265,571379
1687736265,586239
1687736265,603872
1687736265,606244
1687736265,607551
1687736265,611277
1687736265,617139
1687736265,631897
1687736265,632509
1687736265,633226
1687736265,636703
1687736265,639345
1687736265,653121
1687736265,660141
1687736265,660513
1687736265,661156
1687736265,670974
1687736265,677382
1687736265,680402
1687736265,682057
1687736265,686494
1687736266,359567
1687736266,363466
1687736266,364205
1687736266,364511
1687736266,366040
1687736266,367219
1687736266,368842
1687736266,377067
1687736266,378837
1687736266,379133
1687736266,381721
1687736266,396610
1687736266,399417
1687736266,404889
1687736266,420343
1687736266,425731
1687736266,431035
1687736266,441105
1687736266,447403
1687736266,450920
1687736266,455978
1687736266,457047
1687736266,472730
1687736266,491861
1687736266,495328
1687736266,514679
1687736266,531992
1687736266,539117
1687736266,552316
1687736266,552694
1687736266,558526
1687736266,558962
1687736266,580110
1687736266,585090
1687736266,602259
1687736266,615830
1687736266,628594
1687736266,635069
1687736266,640075
1687736266,654871
1687736266,660207
1687736266,661314
1687736266,679801
1687736266,681409
1687736266,683830
1687736266,693561
1687736266,700445
1687736267,365665
1687736267,366449
1687736267,368699
1687736267,374527
1687736267,375186
1687736267,375207
1687736267,381236
1687736267,389741
1687736267,395724
1687736267,411754
1687736267,423275
1687736267,446546
1687736267,448677
1687736267,454025
1687736267,454605
1687736267,477469
1687736267,481455
1687736267,482031
1687736267,488160
1687736267,515780
1687736267,524312
1687736267,529507
1687736267,542131
1687736267,550071
1687736267,558459
1687736267,588710
1687736267,591046
1687736267,592699
1687736267,593257
1687736267,616384
1687736267,619467
1687736267,628422
1687736267,639413
1687736267,644046
1687736267,652045
1687736267,652071
1687736267,656087
1687736267,660036
1687736267,661784
1687736267,668918
1687736267,670440
1687736267,674632
1687736267,680406
1687736267,682145
1687736267,682148
1687736267,684075
1687736267,692377
1687736267,703022
1687736268,351427
1687736268,353422
1687736268,358358
1687736268,362235
1687736268,366579
1687736268,368151
1687736268,370993
1687736268,373611
1687736268,374136
1687736268,374799
1687736268,383418
1687736268,390964
1687736268,391183
1687736268,392310
1687736268,400989
1687736268,422710
1687736268,422817
1687736268,423796
1687736268,425660
1687736268,427273
1687736268,450108
1687736268,455251
1687736268,458366
1687736268,473243
1687736268,483360
1687736268,489642
1687736268,516202
1687736268,518400
1687736268,523768
1687736268,527292
1687736268,530489
1687736268,550982
1687736268,555076
1687736268,555682
1687736268,580837
1687736268,583555
1687736268,594613
1687736268,618951
1687736268,622352
1687736268,622624
1687736268,626248
1687736268,638319
1687736268,649764
1687736268,668487
1687736268,676257
1687736268,679072
1687736268,686523
1687736268,687146
1687736268,687955
1687736269,363828
1687736269,368020
1687736269,369841
1687736269,371526
1687736269,375447
1687736269,377643
1687736269,378515
1687736269,389362
1687736269,396612
1687736269,396791
1687736269,409477
1687736269,418761
1687736269,423092
1687736269,447584
1687736269,456729
1687736269,474668
1687736269,481113
1687736269,490816
1687736269,510643
1687736269,513220
1687736269,529413
1687736269,533843
1687736269,549414
1687736269,560635
1687736269,563760
1687736269,579580
1687736269,585900
1687736269,596905
1687736269,612662
1687736269,616718
1687736269,628255
1687736269,647207
1687736269,649242
1687736269,652789
1687736269,660474
1687736269,667072
1687736269,668771
1687736269,672363
1687736269,674745
1687736269,675623
1687736269,676750
1687736269,681090
1687736269,683280
1687736269,689268
1687736270,348261
1687736270,361381
1687736270,366067
1687736270,370764
1687736270,372063
1687736270,372180
1687736270,374692
1687736270,374925
1687736270,380584
1687736270,383710
1687736270,388417
1687736270,388524
1687736270,401505
1687736270,402557
1687736270,402972
1687736270,404220
1687736270,406015
1687736270,433697
1687736270,440925
1687736270,443507
1687736270,464855
1687736270,475344
1687736270,478579
1687736270,499134
1687736270,504043
1687736270,510775
1687736270,539828
1687736270,548172
1687736270,572226
1687736270,578233
1687736270,585451
1687736270,605545
1687736270,605786
1687736270,608662
1687736270,609229
1687736270,623582
1687736270,630293
1687736270,640579
1687736270,653543
1687736270,666235
1687736270,667967
1687736270,669620
1687736270,674498
1687736270,679609
1687736270,685853
1687736270,686737
1687736270,691419
1687736270,692000
1687736271,356858
1687736271,360605
1687736271,361964
1687736271,364549
1687736271,368154
1687736271,368208
1687736271,369880
1687736271,375257
1687736271,385659
1687736271,385925
1687736271,386034
1687736271,390026
1687736271,401947
1687736271,405562
1687736271,411854
1687736271,432572
1687736271,433171
1687736271,440795
1687736271,467153
1687736271,470120
1687736271,481787
1687736271,490644
1687736271,502485
1687736271,506293
1687736271,506319
1687736271,506583
1687736271,509124
1687736271,535405
1687736271,536356
1687736271,537689
1687736271,568860
1687736271,573144
1687736271,574407
1687736271,599811
1687736271,601817
1687736271,603055
1687736271,606056
1687736271,609536
1687736271,623388
1687736271,638419
1687736271,652077
1687736271,656095
1687736271,664721
1687736271,674016
1687736271,677719
1687736271,678012
1687736271,683288
1687736271,687023
1687736271,688655
1687736271,690162
1687736271,697650
1687736272,358870
1687736272,364341
1687736272,365563
1687736272,372411
1687736272,376320
1687736272,379798
1687736272,384460
1687736272,385520
1687736272,386012
1687736272,405790
1687736272,408344
1687736272,412954
1687736272,425226
1687736272,427553
1687736272,440561
1687736272,465216
1687736272,469243
1687736272,475304
1687736272,500242
1687736272,511511
1687736272,535935
1687736272,544576
1687736272,545592
1687736272,574495
1687736272,582264
1687736272,583105
1687736272,590236
1687736272,595168
1687736272,605949
1687736272,632463
1687736272,632466
1687736272,633709
1687736272,635524
1687736272,639827
1687736272,643290
1687736272,656184
1687736272,657602
1687736272,658903
1687736272,660829
1687736272,673022
1687736272,676475
1687736272,684435
1687736272,688704
1687736272,689534
1687736272,693737
1687736272,695990
1687736273,363864
1687736273,368147
1687736273,369093
1687736273,370160
1687736273,371767
1687736273,372003
1687736273,375992
1687736273,378860
1687736273,384759
1687736273,386279
1687736273,400082
1687736273,401029
1687736273,403931
1687736273,424112
1687736273,436331
1687736273,442437
1687736273,446064
1687736273,451626
1687736273,481007
1687736273,483247
1687736273,485930
1687736273,489948
1687736273,507639
1687736273,522203
1687736273,523806
1687736273,530010
1687736273,532338
1687736273,549569
1687736273,560339
1687736273,575382
1687736273,595275
1687736273,600574
1687736273,614120
1687736273,619208
1687736273,626067
1687736273,628678
1687736273,629879
1687736273,631244
1687736273,637653
1687736273,646658
1687736273,654569
1687736273,655934
1687736273,664700
1687736273,677819
1687736273,680347
1687736273,686394
1687736273,693856
1687736273,696239
1687736274,360569
1687736274,363514
1687736274,364137
1687736274,365493
1687736274,365690
1687736274,374442
1687736274,375407
1687736274,378603
1687736274,378646
1687736274,394963
1687736274,416474
1687736274,417034
1687736274,424982
1687736274,441653
1687736274,445986
1687736274,452458
1687736274,457122
1687736274,459158
1687736274,462491
1687736274,487746
1687736274,495096
1687736274,520586
1687736274,525704
1687736274,543030
1687736274,548693
1687736274,556060
1687736274,558456
1687736274,561814
1687736274,562953
1687736274,585547
1687736274,594357
1687736274,602795
1687736274,616856
1687736274,617528
1687736274,644408
1687736274,644780
1687736274,646274
1687736274,654243
1687736274,659903
1687736274,673728
1687736274,674375
1687736274,674998
1687736274,678488
1687736274,683369
1687736274,687149
1687736274,695809
1687736275,356176
1687736275,367605
1687736275,371122
1687736275,373307
1687736275,373380
1687736275,376443
1687736275,378411
1687736275,384061
1687736275,392467
1687736275,393116
1687736275,398841
1687736275,410564
1687736275,418788
1687736275,419463
1687736275,420596
1687736275,426610
1687736275,433825
1687736275,442674
1687736275,451206
1687736275,455470
1687736275,468467
1687736275,496412
1687736275,513344
1687736275,514446
1687736275,521775
1687736275,545606
1687736275,554198
1687736275,564273
1687736275,567113
1687736275,585418
1687736275,585792
1687736275,601539
1687736275,620133
1687736275,621442
1687736275,645931
1687736275,646475
1687736275,648819
1687736275,649267
1687736275,664336
1687736275,671709
1687736275,672924
1687736275,682853
1687736275,686062
1687736275,686935
1687736275,691125
1687736275,691815
1687736275,698761
1687736276,357849
1687736276,363976
1687736276,365113
1687736276,366649
1687736276,367474
1687736276,368788
1687736276,369525
1687736276,370675
1687736276,377849
1687736276,380980
1687736276,387508
1687736276,399110
1687736276,411649
1687736276,419150
1687736276,420531
1687736276,435410
1687736276,449265
1687736276,464062
1687736276,467130
1687736276,478309
1687736276,480684
1687736276,491752
1687736276,493031
1687736276,495816
1687736276,518181
1687736276,523011
1687736276,529697
1687736276,537802
1687736276,537826
1687736276,539358
1687736276,549992
1687736276,554160
1687736276,563663
1687736276,570330
1687736276,578343
1687736276,578812
1687736276,591504
1687736276,600459
1687736276,608595
1687736276,613557
1687736276,622533
1687736276,625583
1687736276,628554
1687736276,643068
1687736276,643773
1687736276,657017
1687736276,670730
1687736276,670757
1687736276,671562
1687736276,672858
1687736276,679724
1687736276,680126
1687736276,680975
1687736276,681519
1687736276,681934
1687736276,685756
1687736276,688052
1687736276,690380
1687736277,354187
1687736277,370760
1687736277,371074
1687736277,371435
1687736277,372385
1687736277,384766
1687736277,386234
1687736277,387792
1687736277,387802
1687736277,389651
1687736277,393228
1687736277,398396
1687736277,406372
1687736277,406462
1687736277,408828
1687736277,431116
1687736277,439498
1687736277,459362
1687736277,471282
1687736277,472823
1687736277,489928
1687736277,491360
1687736277,498893
1687736277,503828
1687736277,507176
1687736277,525003
1687736277,541948
1687736277,559843
1687736277,567941
1687736277,569650
1687736277,580555
1687736277,580566
1687736277,602952
1687736277,603534
1687736277,607787
1687736277,609091
1687736277,624689
1687736277,632637
1687736277,639730
1687736277,647669
1687736277,656276
1687736277,660238
1687736277,663652
1687736277,674857
1687736277,681129
1687736277,681812
1687736277,689325
1687736277,699666
1687736278,360096
1687736278,360815
1687736278,361363
1687736278,363631
1687736278,367289
1687736278,371825
1687736278,372466
1687736278,374539
1687736278,381857
1687736278,383316
1687736278,399329
1687736278,401869
1687736278,411122
1687736278,416557
1687736278,432788
1687736278,439535
1687736278,440297
1687736278,463593
1687736278,471167
1687736278,482645
1687736278,496726
1687736278,512829
1687736278,513359
1687736278,515221
1687736278,535863
1687736278,538144
1687736278,541641
1687736278,544746
1687736278,562083
1687736278,575484
1687736278,593932
1687736278,596364
1687736278,601466
1687736278,602436
1687736278,608459
1687736278,615090
1687736278,631917
1687736278,637891
1687736278,642169
1687736278,643746
1687736278,653378
1687736278,660956
1687736278,663386
1687736278,663528
1687736278,672303
1687736278,679679
1687736278,684163
1687736278,684626
1687736278,685463
1687736278,685965
1687736278,688232
1687736278,691083
1687736279,367012
1687736279,367298
1687736279,369438
1687736279,369741
1687736279,370394
1687736279,372118
1687736279,372844
1687736279,378586
1687736279,381233
1687736279,383096
1687736279,388450
1687736279,390204
1687736279,397925
1687736279,398782
1687736279,403494
1687736279,407321
1687736279,426370
1687736279,433252
1687736279,446068
1687736279,458869
1687736279,460756
1687736279,463615
1687736279,466231
1687736279,474867
1687736279,479067
1687736279,492078
1687736279,503097
1687736279,511100
1687736279,531495
1687736279,533595
1687736279,553046
1687736279,566623
1687736279,576376
1687736279,579791
1687736279,592728
1687736279,602563
1687736279,613900
1687736279,615055
1687736279,630743
1687736279,639351
1687736279,650276
1687736279,655458
1687736279,661558
1687736279,665766
1687736279,670005
1687736279,670579
1687736279,671890
1687736279,684524
1687736279,685044
1687736279,686025
1687736279,690104
1687736279,695009
1687736279,697409
1687736280,354909
1687736280,357395
1687736280,364982
1687736280,367213
1687736280,371523
1687736280,372360
1687736280,375969
1687736280,376063
1687736280,382664
1687736280,386073
1687736280,400910
1687736280,412219
1687736280,415210
1687736280,418359
1687736280,426473
1687736280,444725
1687736280,455942
1687736280,456965
1687736280,467888
1687736280,471404
1687736280,485635
1687736280,487629
1687736280,489017
1687736280,493987
1687736280,518785
1687736280,525385
1687736280,528295
1687736280,541605
1687736280,551044
1687736280,554241
1687736280,556730
1687736280,566302
1687736280,578301
1687736280,587278
1687736280,588928
1687736280,589155
1687736280,615278
1687736280,619140
1687736280,623395
1687736280,625901
1687736280,634170
1687736280,639464
1687736280,640626
1687736280,653404
1687736280,657450
1687736280,666435
1687736280,677521
1687736280,681346
1687736280,681747
1687736280,688020
1687736280,688809
1687736280,690714
1687736281,359142
1687736281,364024
1687736281,364053
1687736281,368350
1687736281,370094
1687736281,372070
1687736281,372143
1687736281,375432
1687736281,376721
1687736281,382979
1687736281,392065
1687736281,396729
1687736281,398770
1687736281,399228
1687736281,404603
1687736281,411822
1687736281,416622
1687736281,417325
1687736281,421142
1687736281,421507
1687736281,421896
1687736281,447948
1687736281,449329
1687736281,451994
1687736281,453693
1687736281,461002
1687736281,487155
1687736281,487450
1687736281,508550
1687736281,510283
1687736281,518903
1687736281,522590
1687736281,529416
1687736281,548133
1687736281,556534
1687736281,586818
1687736281,592898
1687736281,593640
1687736281,604717
1687736281,609421
1687736281,617639
1687736281,619317
1687736281,624374
1687736281,624391
1687736281,643985
1687736281,647585
1687736281,660782
1687736281,663812
1687736281,668019
1687736281,679131
1687736281,680502
1687736281,682886
1687736281,683194
1687736281,685772
1687736281,686478
1687736281,686492
1687736281,689649
1687736282,363044
1687736282,367320
1687736282,367584
1687736282,370021
1687736282,370051
1687736282,372542
1687736282,376080
1687736282,378006
1687736282,384026
1687736282,392688
1687736282,399530
1687736282,400071
1687736282,412236
1687736282,421960
1687736282,427664
1687736282,448002
1687736282,463440
1687736282,482210
1687736282,488899
1687736282,496480
1687736282,501830
1687736282,511944
1687736282,514163
1687736282,524062
1687736282,530280
1687736282,552579
1687736282,554438
1687736282,561658
1687736282,562145
1687736282,568716
1687736282,570092
1687736282,592317
1687736282,597922
1687736282,600640
1687736282,613134
1687736282,643632
1687736282,645110
1687736282,646062
1687736282,650213
1687736282,665907
1687736282,668704
1687736282,674276
1687736282,676457
1687736282,680468
1687736282,683704
1687736282,691789
1687736282,694022
1687736283,353281
1687736283,362875
1687736283,364653
1687736283,366661
1687736283,371240
1687736283,375140
1687736283,381577
1687736283,381932
1687736283,383282
1687736283,387558
1687736283,392784
1687736283,401100
1687736283,401902
1687736283,407460
1687736283,416458
1687736283,430636
1687736283,431015
1687736283,434701
1687736283,435854
1687736283,438169
1687736283,442568
1687736283,462345
1687736283,474149
1687736283,478674
1687736283,486524
1687736283,497709
1687736283,504517
1687736283,512186
1687736283,535123
1687736283,538907
1687736283,569480
1687736283,579727
1687736283,596036
1687736283,605984
1687736283,606229
1687736283,615574
1687736283,628417
1687736283,636526
1687736283,652585
1687736283,652943
1687736283,665933
1687736283,667380
1687736283,674116
1687736283,680204
1687736283,680593
1687736283,681141
1687736283,685879
1687736283,687762
1687736283,689117
1687736283,690376
1687736283,690645
1687736284,359875
1687736284,362750
1687736284,365378
1687736284,367441
1687736284,368474
1687736284,369864
1687736284,375909
1687736284,384730
1687736284,385935
1687736284,386196
1687736284,403430
1687736284,409007
1687736284,410997
1687736284,425766
1687736284,430329
1687736284,436699
1687736284,437639
1687736284,464069
1687736284,472645
1687736284,477603
1687736284,500168
1687736284,503929
1687736284,505040
1687736284,511949
1687736284,524793
1687736284,532777
1687736284,543207
1687736284,575799
1687736284,578051
1687736284,578850
1687736284,578953
1687736284,603851
1687736284,605891
1687736284,610284
1687736284,625117
1687736284,633157
1687736284,637409
1687736284,637813
1687736284,638091
1687736284,653225
1687736284,663053
1687736284,664341
1687736284,669716
1687736284,677055
1687736284,691972
1687736284,694097
1687736285,360765
1687736285,364768
1687736285,367863
1687736285,370126
1687736285,370220
1687736285,374722
1687736285,378111
1687736285,378147
1687736285,380517
1687736285,385679
1687736285,404703
1687736285,410981
1687736285,416606
1687736285,426892
1687736285,431012
1687736285,457721
1687736285,466356
1687736285,479876
1687736285,497447
1687736285,501688
1687736285,505113
1687736285,508241
1687736285,520467
1687736285,538284
1687736285,562527
1687736285,567170
1687736285,573534
1687736285,588102
1687736285,601819
1687736285,604293
1687736285,609202
1687736285,613126
1687736285,628225
1687736285,629939
1687736285,634636
1687736285,652010
1687736285,660182
1687736285,661799
1687736285,661862
1687736285,671801
1687736285,676483
1687736285,680343
1687736285,682427
1687736285,685959
1687736285,686761
1687736285,691454
1687736285,694049
1687736286,360153
1687736286,362341
1687736286,363643
1687736286,365509
1687736286,365993
1687736286,369440
1687736286,377720
1687736286,379594
1687736286,380859
1687736286,397697
1687736286,397941
1687736286,402371
1687736286,406171
1687736286,423857
1687736286,428905
1687736286,443042
1687736286,449429
1687736286,453065
1687736286,453733
1687736286,454732
1687736286,474889
1687736286,489578
1687736286,497497
1687736286,498056
1687736286,516675
1687736286,529894
1687736286,537421
1687736286,554692
1687736286,554796
1687736286,556266
1687736286,561024
1687736286,561240
1687736286,581915
1687736286,587107
1687736286,598538
1687736286,604017
1687736286,614114
1687736286,617455
1687736286,626624
1687736286,630345
1687736286,633187
1687736286,641428
1687736286,656137
1687736286,659451
1687736286,661168
1687736286,678717
1687736286,682386
1687736286,683706
1687736286,699814
1687736287,366290
1687736287,366698
1687736287,368151
1687736287,373301
1687736287,375505
1687736287,390813
1687736287,391182
1687736287,394389
1687736287,413478
1687736287,421641
1687736287,444631
1687736287,450698
1687736287,452226
1687736287,456078
1687736287,480025
1687736287,483613
1687736287,485906
1687736287,517947
1687736287,522228
1687736287,527658
1687736287,544395
1687736287,548241
1687736287,556515
1687736287,581788
1687736287,590629
1687736287,590741
1687736287,591201
1687736287,594548
1687736287,617861
1687736287,626512
1687736287,640880
1687736287,645555
1687736287,650569
1687736287,650885
1687736287,654501
1687736287,662613
1687736287,667852
1687736287,669786
1687736287,675651
1687736287,680717
1687736287,682659
1687736287,683420
1687736287,683474
1687736287,692402
1687736287,703193
1687736288,352211
1687736288,353679
1687736288,358473
1687736288,361790
1687736288,366750
1687736288,367561
1687736288,368696
1687736288,372804
1687736288,373550
1687736288,374586
1687736288,377509
1687736288,384496
1687736288,389869
1687736288,389946
1687736288,393216
1687736288,397051
1687736288,402331
1687736288,421121
1687736288,424768
1687736288,427771
1687736288,429267
1687736288,448130
1687736288,456195
1687736288,457271
1687736288,475001
1687736288,481311
1687736288,491710
1687736288,516406
1687736288,518245
1687736288,525962
1687736288,529482
1687736288,549038
1687736288,551228
1687736288,553176
1687736288,557787
1687736288,581313
1687736288,582890
1687736288,596314
1687736288,620734
1687736288,623903
1687736288,627950
1687736288,639599
1687736288,648018
1687736288,661511
1687736288,669696
1687736288,676848
1687736288,677893
1687736288,686485
1687736288,686584
1687736288,688629
1687736289,354465
1687736289,363555
1687736289,368445
1687736289,371753
1687736289,374696
1687736289,379150
1687736289,388175
1687736289,395386
1687736289,398014
1687736289,403387
1687736289,404344
1687736289,407742
1687736289,410044
1687736289,417152
1687736289,425109
1687736289,445545
1687736289,458710
1687736289,472856
1687736289,478772
1687736289,495151
1687736289,508705
1687736289,510822
1687736289,531521
1687736289,535966
1687736289,547285
1687736289,555777
1687736289,562814
1687736289,565941
1687736289,577472
1687736289,583514
1687736289,598872
1687736289,611526
1687736289,614729
1687736289,624955
1687736289,629787
1687736289,645671
1687736289,650598
1687736289,654213
1687736289,670104
1687736289,671345
1687736289,674401
1687736289,675788
1687736289,676246
1687736289,680961
1687736289,682486
1687736289,686338
1687736289,690032
1687736290,348274
1687736290,361384
1687736290,366421
1687736290,371380
1687736290,371580
1687736290,372188
1687736290,374509
1687736290,381021
1687736290,382273
1687736290,384504
1687736290,387119
1687736290,387190
1687736290,403339
1687736290,404120
1687736290,404510
1687736290,406181
1687736290,435592
1687736290,439022
1687736290,441714
1687736290,451394
1687736290,466751
1687736290,473224
1687736290,476614
1687736290,480774
1687736290,501277
1687736290,506084
1687736290,508784
1687736290,537903
1687736290,574416
1687736290,576041
1687736290,583588
1687736290,606675
1687736290,607154
1687736290,607256
1687736290,607343
1687736290,631824
1687736290,638777
1687736290,648316
1687736290,655156
1687736290,665014
1687736290,668275
1687736290,668911
1687736290,675514
1687736290,679437
1687736290,684924
1687736290,685963
1687736290,690503
1687736290,691780
1687736290,696129
1687736291,355972
1687736291,358901
1687736291,360671
1687736291,361480
1687736291,363603
1687736291,365067
1687736291,368182
1687736291,368967
1687736291,375616
1687736291,384635
1687736291,386858
1687736291,387178
1687736291,390735
1687736291,403517
1687736291,403877
1687736291,410405
1687736291,429800
1687736291,430222
1687736291,431015
1687736291,435077
1687736291,460219
1687736291,461573
1687736291,468080
1687736291,469362
1687736291,492721
1687736291,500517
1687736291,504244
1687736291,504244
1687736291,508393
1687736291,511252
1687736291,535801
1687736291,538549
1687736291,540961
1687736291,541504
1687736291,546073
1687736291,566562
1687736291,572531
1687736291,575146
1687736291,599687
1687736291,600976
1687736291,601617
1687736291,604239
1687736291,611167
1687736291,635241
1687736291,636493
1687736291,637268
1687736291,657527
1687736291,658418
1687736291,663297
1687736291,675203
1687736291,677128
1687736291,679101
1687736291,682502
1687736291,687085
1687736291,688406
1687736291,690140
1687736291,690489
1687736291,697056
1687736292,361156
1687736292,364742
1687736292,365690
1687736292,367785
1687736292,372849
1687736292,377022
1687736292,378542
1687736292,383256
1687736292,386765
1687736292,387286
1687736292,402584
1687736292,404183
1687736292,406727
1687736292,414616
1687736292,423372
1687736292,442755
1687736292,463103
1687736292,471231
1687736292,477302
1687736292,485300
1687736292,498196
1687736292,513532
1687736292,530807
1687736292,534154
1687736292,546816
1687736292,572351
1687736292,584375
1687736292,593281
1687736292,607608
1687736292,626517
1687736292,628334
1687736292,630471
1687736292,630475
1687736292,636892
1687736292,638391
1687736292,641411
1687736292,656112
1687736292,657108
1687736292,661845
1687736292,674025
1687736292,675677
1687736292,680627
1687736292,684387
1687736292,689036
1687736292,689598
1687736292,693379
1687736293,355216
1687736293,363695
1687736293,368508
1687736293,369623
1687736293,369751
1687736293,371592
1687736293,372750
1687736293,374891
1687736293,375775
1687736293,377658
1687736293,377669
1687736293,378125
1687736293,385378
1687736293,387726
1687736293,398625
1687736293,399695
1687736293,416742
1687736293,422169
1687736293,425949
1687736293,438222
1687736293,439630
1687736293,444103
1687736293,444614
1687736293,449805
1687736293,453658
1687736293,453702
1687736293,479653
1687736293,483093
1687736293,487829
1687736293,487890
1687736293,509851
1687736293,520180
1687736293,526020
1687736293,528118
1687736293,530543
1687736293,551823
1687736293,558101
1687736293,560310
1687736293,577589
1687736293,592140
1687736293,593289
1687736293,606430
1687736293,620841
1687736293,624219
1687736293,627949
1687736293,639180
1687736293,652339
1687736293,652982
1687736293,657100
1687736293,657484
1687736293,665989
1687736293,676998
1687736293,681200
1687736293,685774
1687736293,693136
1687736293,696424
1687736294,360574
1687736294,362836
1687736294,363953
1687736294,366103
1687736294,366261
1687736294,369220
1687736294,373481
1687736294,376072
1687736294,379027
1687736294,380139
1687736294,396204
1687736294,403216
1687736294,415018
1687736294,418519
1687736294,423194
1687736294,447827
1687736294,450227
1687736294,459218
1687736294,461197
1687736294,483633
1687736294,489797
1687736294,492732
1687736294,505236
1687736294,522710
1687736294,523729
1687736294,545270
1687736294,550764
1687736294,556547
1687736294,558290
1687736294,563530
1687736294,587310
1687736294,601239
1687736294,609198
1687736294,614849
1687736294,618959
1687736294,632722
1687736294,644866
1687736294,645917
1687736294,647613
1687736294,652517
1687736294,661041
1687736294,662106
1687736294,664195
1687736294,672606
1687736294,673681
1687736294,675765
1687736294,679337
1687736294,682852
1687736294,687608
1687736294,690622
1687736294,695924
1687736295,356874
1687736295,367536
1687736295,372740
1687736295,373234
1687736295,373962
1687736295,376996
1687736295,377544
1687736295,383151
1687736295,391035
1687736295,394803
1687736295,398548
1687736295,400030
1687736295,412504
1687736295,417722
1687736295,418907
1687736295,420789
1687736295,428437
1687736295,435873
1687736295,441020
1687736295,449319
1687736295,457651
1687736295,466520
1687736295,480236
1687736295,482672
1687736295,498629
1687736295,511101
1687736295,512177
1687736295,523831
1687736295,543563
1687736295,552109
1687736295,552181
1687736295,565108
1687736295,566495
1687736295,581296
1687736295,583264
1687736295,587709
1687736295,596189
1687736295,603164
1687736295,622931
1687736295,643741
1687736295,647287
1687736295,650061
1687736295,665914
1687736295,670603
1687736295,673348
1687736295,673983
1687736295,683611
1687736295,686551
1687736295,687065
1687736295,691152
1687736295,691937
1687736295,698612
1687736296,358252
1687736296,364240
1687736296,364762
1687736296,367089
1687736296,367321
1687736296,368661
1687736296,369795
1687736296,369899
1687736296,370412
1687736296,378518
1687736296,381887
1687736296,386437
1687736296,386744
1687736296,400375
1687736296,410665
1687736296,417852
1687736296,422472
1687736296,425096
1687736296,433705
1687736296,436080
1687736296,436834
1687736296,447145
1687736296,465117
1687736296,466117
1687736296,476239
1687736296,478358
1687736296,489838
1687736296,520396
1687736296,520721
1687736296,527086
1687736296,531889
1687736296,537557
1687736296,539980
1687736296,540054
1687736296,548110
1687736296,565780
1687736296,572318
1687736296,576347
1687736296,576880
1687736296,589500
1687736296,602151
1687736296,620622
1687736296,620672
1687736296,627144
1687736296,630315
1687736296,641070
1687736296,645143
1687736296,658597
1687736296,663512
1687736296,665939
1687736296,668955
1687736296,670118
1687736296,672126
1687736296,673812
1687736296,679670
1687736296,680388
1687736296,682156
1687736296,685700
1687736296,688810
1687736297,353882
1687736297,370568
1687736297,371054
1687736297,371536
1687736297,372679
1687736297,385055
1687736297,385680
1687736297,386893
1687736297,390220
1687736297,394487
1687736297,396842
1687736297,404860
1687736297,407981
1687736297,410805
1687736297,414973
1687736297,433203
1687736297,437928
1687736297,461347
1687736297,470580
1687736297,473319
1687736297,493511
1687736297,500912
1687736297,505186
1687736297,506018
1687736297,537699
1687736297,539935
1687736297,540371
1687736297,562046
1687736297,565800
1687736297,567267
1687736297,578381
1687736297,582627
1687736297,601581
1687736297,604748
1687736297,607099
1687736297,609517
1687736297,626390
1687736297,629668
1687736297,634079
1687736297,637953
1687736297,649036
1687736297,659109
1687736297,662303
1687736297,675877
1687736297,680788
1687736297,681783
1687736297,685123
1687736297,689195
1687736297,700298
1687736298,360551
1687736298,360617
1687736298,360897
1687736298,364704
1687736298,371214
1687736298,373251
1687736298,373675
1687736298,380652
1687736298,382000
1687736298,391316
1687736298,391483
1687736298,400355
1687736298,400883
1687736298,401090
1687736298,412726
1687736298,430988
1687736298,437473
1687736298,442322
1687736298,461211
1687736298,473289
1687736298,491861
1687736298,498817
1687736298,503292
1687736298,514943
1687736298,515272
1687736298,534107
1687736298,539454
1687736298,547087
1687736298,559923
1687736298,577585
1687736298,591831
1687736298,597937
1687736298,599730
1687736298,604405
1687736298,609941
1687736298,613017
1687736298,630011
1687736298,631993
1687736298,639416
1687736298,642301
1687736298,654786
1687736298,661877
1687736298,664813
1687736298,673141
1687736298,680611
1687736298,680673
1687736298,683269
1687736298,683538
1687736298,685655
1687736298,685780
1687736298,687617
1687736298,690511
1687736298,691490
1687736299,366412
1687736299,366772
1687736299,369813
1687736299,370013
1687736299,370450
1687736299,371655
1687736299,379405
1687736299,381874
1687736299,382049
1687736299,390056
1687736299,391784
1687736299,396957
1687736299,397246
1687736299,401937
1687736299,409109
1687736299,421332
1687736299,424472
1687736299,435123
1687736299,448243
1687736299,456675
1687736299,458877
1687736299,468445
1687736299,481112
1687736299,489992
1687736299,495778
1687736299,501033
1687736299,509656
1687736299,513200
1687736299,529603
1687736299,535700
1687736299,555171
1687736299,564555
1687736299,578430
1687736299,581900
1687736299,584676
1687736299,585167
1687736299,590644
1687736299,600675
1687736299,615320
1687736299,616723
1687736299,632376
1687736299,640755
1687736299,651499
1687736299,654170
1687736299,660038
1687736299,662411
1687736299,669575
1687736299,670873
1687736299,670969
1687736299,679472
1687736299,686805
1687736299,689659
1687736299,695489
1687736300,354871
1687736300,357471
1687736300,364614
1687736300,367394
1687736300,367509
1687736300,372251
1687736300,372960
1687736300,375160
1687736300,376735
1687736300,377111
1687736300,381721
1687736300,387052
1687736300,401622
1687736300,420287
1687736300,424564
1687736300,446833
1687736300,454942
1687736300,465881
1687736300,473510
1687736300,483426
1687736300,489763
1687736300,490960
1687736300,520986
1687736300,523393
1687736300,526133
1687736300,531662
1687736300,539575
1687736300,553328
1687736300,554889
1687736300,564073
1687736300,580453
1687736300,586767
1687736300,589259
1687736300,590933
1687736300,596390
1687736300,613506
1687736300,615745
1687736300,620807
1687736300,621543
1687736300,623963
1687736300,637399
1687736300,642011
1687736300,651699
1687736300,655655
1687736300,667649
1687736300,676845
1687736300,681080
1687736300,681909
1687736300,682463
1687736300,686237
1687736300,687877
1687736300,688524
1687736300,690187
1687736301,358795
1687736301,364399
1687736301,364424
1687736301,367488
1687736301,369442
1687736301,371755
1687736301,373340
1687736301,375270
1687736301,375667
1687736301,393053
1687736301,395535
1687736301,397602
1687736301,400820
1687736301,408792
1687736301,417985
1687736301,419333
1687736301,420081
1687736301,423995
1687736301,445893
1687736301,449952
1687736301,451588
1687736301,455741
1687736301,463117
1687736301,485246
1687736301,489273
1687736301,510737
1687736301,512185
1687736301,516918
1687736301,520341
1687736301,543581
1687736301,549105
1687736301,550220
1687736301,558790
1687736301,590893
1687736301,595412
1687736301,611168
1687736301,615527
1687736301,615813
1687736301,622751
1687736301,625920
1687736301,645449
1687736301,645785
1687736301,661890
1687736301,665073
1687736301,669577
1687736301,678021
1687736301,681031
1687736301,684052
1687736301,687132
1687736301,689560
1687736302,362628
1687736302,367577
1687736302,370275
1687736302,370828
1687736302,371950
1687736302,376467
1687736302,379070
1687736302,382613
1687736302,393992
1687736302,398111
1687736302,404523
1687736302,410313
1687736302,410892
1687736302,429319
1687736302,449933
1687736302,465770
1687736302,480369
1687736302,486999
1687736302,498471
1687736302,508249
1687736302,526145
1687736302,552126
1687736302,552317
1687736302,554688
1687736302,560074
1687736302,563824
1687736302,570990
1687736302,572039
1687736302,579743
1687736302,590472
1687736302,599717
1687736302,610995
1687736302,618213
1687736302,643471
1687736302,644384
1687736302,644620
1687736302,644969
1687736302,645747
1687736302,651540
1687736302,667784
1687736302,672881
1687736302,677606
1687736302,680983
1687736302,685775
1687736302,686127
1687736302,694063
1687736303,362461
1687736303,364512
1687736303,365239
1687736303,375605
1687736303,380715
1687736303,384019
1687736303,386363
1687736303,403782
1687736303,414909
1687736303,418684
1687736303,432366
1687736303,433922
1687736303,440263
1687736303,464446
1687736303,471979
1687736303,476465
1687736303,488725
1687736303,506791
1687736303,509633
1687736303,530852
1687736303,532536
1687736303,536748
1687736303,537284
1687736303,571642
1687736303,577791
1687736303,597703
1687736303,607481
1687736303,608428
1687736303,613642
1687736303,620804
1687736303,630070
1687736303,634837
1687736303,653736
1687736303,654356
1687736303,662139
1687736303,664666
1687736303,666467
1687736303,675182
1687736303,680288
1687736303,681101
1687736303,685654
1687736303,687872
1687736303,688515
1687736303,689477
1687736303,689871
1687736304,360014
1687736304,362984
1687736304,367344
1687736304,369079
1687736304,369093
1687736304,383352
1687736304,385966
1687736304,387021
1687736304,387142
1687736304,401810
1687736304,402440
1687736304,409339
1687736304,410218
1687736304,427367
1687736304,428275
1687736304,429243
1687736304,438777
1687736304,439580
1687736304,461968
1687736304,474533
1687736304,482012
1687736304,497826
1687736304,501762
1687736304,502252
1687736304,507185
1687736304,509409
1687736304,543868
1687736304,573601
1687736304,575920
1687736304,580649
1687736304,604012
1687736304,605596
1687736304,626831
1687736304,634839
1687736304,635770
1687736304,639427
1687736304,662895
1687736304,664543
1687736304,670785
1687736304,676539
1687736304,690704
1687736304,691963
1687736304,693918
1687736305,360615
1687736305,364553
1687736305,366984
1687736305,367487
1687736305,369716
1687736305,370594
1687736305,375307
1687736305,376809
1687736305,378576
1687736305,379693
1687736305,386485
1687736305,403016
1687736305,412686
1687736305,429581
1687736305,455522
1687736305,468061
1687736305,476999
1687736305,495426
1687736305,499599
1687736305,510350
1687736305,536235
1687736305,560347
1687736305,565250
1687736305,575628
1687736305,589903
1687736305,599761
1687736305,602315
1687736305,610839
1687736305,614917
1687736305,627962
1687736305,635401
1687736305,636047
1687736305,650914
1687736305,659157
1687736305,663090
1687736305,663556
1687736305,672627
1687736305,675581
1687736305,682761
1687736305,685407
1687736305,687029
1687736305,694463
1687736306,360736
1687736306,362815
1687736306,366020
1687736306,370051
1687736306,376619
1687736306,378281
1687736306,379987
1687736306,380092
1687736306,396467
1687736306,398784
1687736306,400855
1687736306,407491
1687736306,422011
1687736306,422369
1687736306,426796
1687736306,445004
1687736306,449885
1687736306,451452
1687736306,451498
1687736306,452463
1687736306,476988
1687736306,481840
1687736306,483735
1687736306,487307
1687736306,499717
1687736306,518678
1687736306,527813
1687736306,535691
1687736306,554007
1687736306,557052
1687736306,563540
1687736306,583716
1687736306,589096
1687736306,596528
1687736306,605774
1687736306,619104
1687736306,624651
1687736306,631330
1687736306,645300
1687736306,657370
1687736306,657560
1687736306,677563
1687736306,680776
1687736306,683329
1687736306,683543
1687736306,690853
1687736306,699142
1687736307,366908
1687736307,366979
1687736307,367593
1687736307,371285
1687736307,372034
1687736307,375824
1687736307,379098
1687736307,393068
1687736307,415268
1687736307,420038
1687736307,442773
1687736307,452768
1687736307,457969
1687736307,458144
1687736307,478028
1687736307,483601
1687736307,485753
1687736307,520078
1687736307,520116
1687736307,525789
1687736307,546643
1687736307,554564
1687736307,559111
1687736307,588729
1687736307,589133
1687736307,592525
1687736307,619292
1687736307,624563
1687736307,642323
1687736307,647076
1687736307,649689
1687736307,663434
1687736307,666745
1687736307,669159
1687736307,676634
1687736307,682834
1687736307,683138
1687736307,684639
1687736307,692392
1687736307,696204
1687736307,703254
1687736308,353012
1687736308,353986
1687736308,358629
1687736308,361390
1687736308,366974
1687736308,369243
1687736308,371992
1687736308,372345
1687736308,375050
1687736308,385551
1687736308,388753
1687736308,388847
1687736308,394147
1687736308,403658
1687736308,419470
1687736308,423405
1687736308,429913
1687736308,431286
1687736308,446169
1687736308,453991
1687736308,459293
1687736308,476758
1687736308,479269
1687736308,514363
1687736308,528184
1687736308,531658
1687736308,547093
1687736308,559895
1687736308,579098
1687736308,598015
1687736308,606701
1687736308,618799
1687736308,625424
1687736308,629607
1687736308,640867
1687736308,646264
1687736308,656813
1687736308,670857
1687736308,676659
1687736308,677403
1687736308,685772
1687736308,686600
1687736308,689246
1687736309,354005
1687736309,363351
1687736309,368921
1687736309,371986
1687736309,373995
1687736309,379852
1687736309,386999
1687736309,394166
1687736309,399280
1687736309,402692
1687736309,406035
1687736309,408441
1687736309,415537
1687736309,415675
1687736309,427151
1687736309,437576
1687736309,443504
1687736309,460666
1687736309,471011
1687736309,474667
1687736309,476429
1687736309,497300
1687736309,506768
1687736309,506782
1687736309,508401
1687736309,533660
1687736309,545161
1687736309,564967
1687736309,568077
1687736309,575380
1687736309,581135
1687736309,600790
1687736309,608749
1687736309,609476
1687736309,612752
1687736309,622413
1687736309,631336
1687736309,644139
1687736309,651981
1687736309,655641
1687736309,662558
1687736309,666916
1687736309,670272
1687736309,671431
1687736309,673140
1687736309,675755
1687736309,676760
1687736309,680835
1687736309,681629
1687736309,686856
1687736310,348347
1687736310,361472
1687736310,366769
1687736310,370625
1687736310,372285
1687736310,372475
1687736310,374115
1687736310,382223
1687736310,385332
1687736310,385826
1687736310,385900
1687736310,405198
1687736310,405717
1687736310,406101
1687736310,408185
1687736310,437160
1687736310,437539
1687736310,439939
1687736310,453352
1687736310,468642
1687736310,471100
1687736310,471563
1687736310,493751
1687736310,503391
1687736310,508138
1687736310,513145
1687736310,536044
1687736310,540006
1687736310,543975
1687736310,570632
1687736310,573867
1687736310,604651
1687736310,605055
1687736310,609108
1687736310,626317
1687736310,633360
1687736310,636962
1687736310,639665
1687736310,649017
1687736310,649801
1687736310,656792
1687736310,657628
1687736310,669861
1687736310,676526
1687736310,679203
1687736310,684759
1687736310,685156
1687736310,689498
1687736310,691519
1687736311,355133
1687736311,358996
1687736311,360764
1687736311,360983
1687736311,362740
1687736311,364361
1687736311,368090
1687736311,368228
1687736311,375964
1687736311,383619
1687736311,387755
1687736311,388320
1687736311,391508
1687736311,402242
1687736311,405097
1687736311,405125
1687736311,408951
1687736311,428011
1687736311,429457
1687736311,431485
1687736311,436995
1687736311,459549
1687736311,466015
1687736311,494856
1687736311,498536
1687736311,501863
1687736311,502155
1687736311,510470
1687736311,513391
1687736311,527111
1687736311,533924
1687736311,538570
1687736311,540785
1687736311,564262
1687736311,577107
1687736311,581711
1687736311,597546
1687736311,598925
1687736311,602461
1687736311,603388
1687736311,612772
1687736311,634453
1687736311,635468
1687736311,636743
1687736311,658967
1687736311,661869
1687736311,663693
1687736311,676360
1687736311,676532
1687736311,680222
1687736311,681690
1687736311,687082
1687736311,688069
1687736311,690797
1687736311,696393
1687736312,361936
1687736312,365183
1687736312,365845
1687736312,367389
1687736312,367423
1687736312,367902
1687736312,373371
1687736312,377352
1687736312,377714
1687736312,382067
1687736312,388074
1687736312,388652
1687736312,402607
1687736312,416326
1687736312,420295
1687736312,421525
1687736312,444942
1687736312,461003
1687736312,473233
1687736312,479319
1687736312,485688
1687736312,496154
1687736312,512035
1687736312,515573
1687736312,532308
1687736312,532970
1687736312,545424
1687736312,549020
1687736312,555914
1687736312,570133
1687736312,586465
1687736312,587273
1687736312,591376
1687736312,609245
1687736312,617351
1687736312,628431
1687736312,628443
1687736312,629944
1687736312,639499
1687736312,650739
1687736312,654596
1687736312,658038
1687736312,661914
1687736312,662877
1687736312,674841
1687736312,675008
1687736312,676140
1687736312,680854
1687736312,684306
1687736312,689352
1687736312,689620
1687736312,692986
1687736312,697310
1687736313,355661
1687736313,363530
1687736313,369360
1687736313,371138
1687736313,371459
1687736313,373480
1687736313,374009
1687736313,375558
1687736313,376517
1687736313,377650
1687736313,386016
1687736313,397214
1687736313,398322
1687736313,418240
1687736313,420577
1687736313,424349
1687736313,440097
1687736313,442149
1687736313,446789
1687736313,447502
1687736313,451508
1687736313,455669
1687736313,485205
1687736313,485708
1687736313,485869
1687736313,518171
1687736313,526231
1687736313,528276
1687736313,528782
1687736313,554104
1687736313,557911
1687736313,579772
1687736313,591257
1687736313,608120
1687736313,622351
1687736313,626016
1687736313,638239
1687736313,640743
1687736313,651379
1687736313,656016
1687736313,658276
1687736313,664770
1687736313,667291
1687736313,682006
1687736313,685118
1687736313,687238
1687736313,696548
1687736314,360594
1687736314,362157
1687736314,363821
1687736314,366584
1687736314,367015
1687736314,368999
1687736314,369669
1687736314,372573
1687736314,374677
1687736314,376705
1687736314,379479
1687736314,383537
1687736314,390260
1687736314,392712
1687736314,397481
1687736314,401856
1687736314,413066
1687736314,421473
1687736314,426853
1687736314,448010
1687736314,449656
1687736314,461318
1687736314,463290
1687736314,481311
1687736314,490362
1687736314,491820
1687736314,507343
1687736314,508855
1687736314,521690
1687736314,524825
1687736314,547536
1687736314,552818
1687736314,554642
1687736314,560541
1687736314,563090
1687736314,565210
1687736314,582518
1687736314,589016
1687736314,597955
1687736314,599653
1687736314,611000
1687736314,620404
1687736314,634170
1687736314,647037
1687736314,648930
1687736314,650755
1687736314,661126
1687736314,662176
1687736314,662601
1687736314,671426
1687736314,674379
1687736314,676454
1687736314,678331
1687736314,680210
1687736314,682316
1687736314,688024
1687736314,695968
1687736315,353385
1687736315,357651
1687736315,367477
1687736315,368980
1687736315,372175
1687736315,376706
1687736315,377336
1687736315,377542
1687736315,382280
1687736315,384527
1687736315,389189
1687736315,389584
1687736315,396579
1687736315,400069
1687736315,401234
1687736315,414475
1687736315,416022
1687736315,416556
1687736315,417251
1687736315,422812
1687736315,426376
1687736315,430283
1687736315,437933
1687736315,439362
1687736315,447430
1687736315,459825
1687736315,464632
1687736315,475340
1687736315,477801
1687736315,484605
1687736315,500871
1687736315,509928
1687736315,518408
1687736315,525910
1687736315,541518
1687736315,550042
1687736315,550228
1687736315,568726
1687736315,579264
1687736315,581118
1687736315,584954
1687736315,589551
1687736315,604790
1687736315,616278
1687736315,616966
1687736315,618722
1687736315,622489
1687736315,624394
1687736315,643217
1687736315,643306
1687736315,645300
1687736315,647041
1687736315,651326
1687736315,669451
1687736315,672256
1687736315,675002
1687736315,684264
1687736315,685427
1687736315,685755
1687736315,687139
1687736315,690472
1687736315,692608
1687736315,692641
1687736315,698394
1687736316,358690
1687736316,364415
1687736316,364508
1687736316,367207
1687736316,367546
1687736316,369611
1687736316,370315
1687736316,379150
1687736316,382780
1687736316,385346
1687736316,401689
1687736316,409132
1687736316,424411
1687736316,432043
1687736316,434057
1687736316,439025
1687736316,445053
1687736316,463081
1687736316,468175
1687736316,474154
1687736316,476020
1687736316,487893
1687736316,499827
1687736316,507349
1687736316,520285
1687736316,522604
1687736316,529176
1687736316,534095
1687736316,535752
1687736316,538090
1687736316,541547
1687736316,542221
1687736316,542272
1687736316,546183
1687736316,567851
1687736316,574347
1687736316,574370
1687736316,574903
1687736316,587456
1687736316,588289
1687736316,603821
1687736316,628726
1687736316,632079
1687736316,639031
1687736316,646513
1687736316,660130
1687736316,662269
1687736316,667154
1687736316,668638
1687736316,670627
1687736316,674710
1687736316,679219
1687736316,679800
1687736316,682780
1687736316,685629
1687736316,689575
1687736316,690770
1687736317,353698
1687736317,359661
1687736317,360446
1687736317,367269
1687736317,370131
1687736317,371383
1687736317,371649
1687736317,372992
1687736317,383835
1687736317,385704
1687736317,386045
1687736317,386609
1687736317,390826
1687736317,395308
1687736317,395780
1687736317,403360
1687736317,409554
1687736317,411359
1687736317,412832
1687736317,435316
1687736317,436353
1687736317,463229
1687736317,468309
1687736317,475331
1687736317,495646
1687736317,502918
1687736317,503139
1687736317,503181
1687736317,508249
1687736317,537920
1687736317,542612
1687736317,557788
1687736317,558016
1687736317,563660
1687736317,564235
1687736317,564896
1687736317,576193
1687736317,584675
1687736317,599566
1687736317,605127
1687736317,606503
1687736317,611244
1687736317,628089
1687736317,631102
1687736317,635535
1687736317,636160
1687736317,650420
1687736317,657988
1687736317,660917
1687736317,673444
1687736317,676866
1687736317,679745
1687736317,682420
1687736317,689071
1687736317,700849
1687736318,360451
1687736318,361024
1687736318,365821
1687736318,367570
1687736318,370658
1687736318,372861
1687736318,374047
1687736318,377638
1687736318,379436
1687736318,380729
1687736318,392388
1687736318,398856
1687736318,399650
1687736318,400408
1687736318,402453
1687736318,414380
1687736318,429194
1687736318,435464
1687736318,444368
1687736318,454626
1687736318,458826
1687736318,475402
1687736318,479109
1687736318,489749
1687736318,500906
1687736318,501402
1687736318,517072
1687736318,517151
1687736318,532337
1687736318,537313
1687736318,549450
1687736318,561166
1687736318,576584
1687736318,579704
1687736318,589708
1687736318,597991
1687736318,599484
1687736318,606398
1687736318,611435
1687736318,623321
1687736318,628084
1687736318,629793
1687736318,640805
1687736318,640910
1687736318,652306
1687736318,656220
1687736318,660298
1687736318,666073
1687736318,673574
1687736318,673946
1687736318,681533
1687736318,682331
1687736318,682343
1687736318,685319
1687736318,686039
1687736318,686964
1687736318,689923
1687736318,691483
1687736319,353942
1687736319,365785
1687736319,366244
1687736319,369912
1687736319,370566
1687736319,370586
1687736319,371231
1687736319,380273
1687736319,381037
1687736319,382500
1687736319,391699
1687736319,392793
1687736319,395753
1687736319,395978
1687736319,410951
1687736319,413401
1687736319,422608
1687736319,429509
1687736319,430414
1687736319,437042
1687736319,450394
1687736319,454488
1687736319,457006
1687736319,470622
1687736319,483195
1687736319,487384
1687736319,487874
1687736319,493495
1687736319,498945
1687736319,515329
1687736319,527672
1687736319,529016
1687736319,537808
1687736319,557308
1687736319,562500
1687736319,580427
1687736319,588526
1687736319,598817
1687736319,616766
1687736319,618373
1687736319,624364
1687736319,634014
1687736319,642123
1687736319,652841
1687736319,658466
1687736319,663858
1687736319,668578
1687736319,669879
1687736319,671923
1687736319,688500
1687736319,689156
1687736319,695874
1687736320,354899
1687736320,357615
1687736320,364273
1687736320,367809
1687736320,373014
1687736320,373624
1687736320,374299
1687736320,378298
1687736320,380807
1687736320,388085
1687736320,402352
1687736320,420787
1687736320,422648
1687736320,425349
1687736320,448961
1687736320,452913
1687736320,463871
1687736320,475613
1687736320,481226
1687736320,491922
1687736320,492887
1687736320,521403
1687736320,523195
1687736320,523992
1687736320,537173
1687736320,537529
1687736320,550003
1687736320,553040
1687736320,555593
1687736320,561890
1687736320,582607
1687736320,584559
1687736320,588847
1687736320,591218
1687736320,592683
1687736320,594010
1687736320,598232
1687736320,611756
1687736320,619776
1687736320,622492
1687736320,627454
1687736320,635341
1687736320,643363
1687736320,649931
1687736320,653835
1687736320,663140
1687736320,667418
1687736320,668902
1687736320,676099
1687736320,680403
1687736320,680944
1687736320,683497
1687736320,687670
1687736320,688188
1687736320,689649
1687736320,692392
1687736321,358480
1687736321,364740
1687736321,364865
1687736321,367420
1687736321,368831
1687736321,371456
1687736321,374620
1687736321,375085
1687736321,389184
1687736321,394092
1687736321,394345
1687736321,396461
1687736321,402450
1687736321,408825
1687736321,410398
1687736321,417532
1687736321,418301
1687736321,419434
1687736321,426035
1687736321,443828
1687736321,447971
1687736321,453873
1687736321,465246
1687736321,483033
1687736321,491328
1687736321,510185
1687736321,512918
1687736321,514951
1687736321,518067
1687736321,528254
1687736321,533898
1687736321,546960
1687736321,551264
1687736321,552302
1687736321,561034
1687736321,597150
1687736321,612846
1687736321,612908
1687736321,613977
1687736321,621154
1687736321,622282
1687736321,643991
1687736321,646924
1687736321,662985
1687736321,666410
1687736321,671125
1687736321,676828
1687736321,681492
1687736321,684864
1687736321,687745
1687736321,689465
1687736322,362252
1687736322,367874
1687736322,370481
1687736322,371406
1687736322,371670
1687736322,376830
1687736322,380143
1687736322,381251
1687736322,395257
1687736322,396697
1687736322,405697
1687736322,409566
1687736322,413998
1687736322,430998
1687736322,451899
1687736322,468074
1687736322,478521
1687736322,485105
1687736322,500420
1687736322,506180
1687736322,534567
1687736322,534833
1687736322,550187
1687736322,556789
1687736322,558041
1687736322,565973
1687736322,573262
1687736322,573964
1687736322,575863
1687736322,577673
1687736322,588583
1687736322,601523
1687736322,608865
1687736322,641765
1687736322,642725
1687736322,646278
1687736322,652831
1687736322,666858
1687736322,671459
1687736322,678718
1687736322,681460
1687736322,685737
1687736322,687901
1687736322,694039
1687736323,362053
1687736323,363683
1687736323,365859
1687736323,376093
1687736323,379555
1687736323,384739
1687736323,385187
1687736323,405688
1687736323,413349
1687736323,432024
1687736323,434129
1687736323,437984
1687736323,466536
1687736323,469819
1687736323,474279
1687736323,480907
1687736323,490960
1687736323,507063
1687736323,509059
1687736323,528957
1687736323,539442
1687736323,541877
1687736323,573772
1687736323,599317
1687736323,601032
1687736323,606540
1687736323,608942
1687736323,611671
1687736323,631690
1687736323,633139
1687736323,654869
1687736323,655771
1687736323,663374
1687736323,665506
1687736323,676202
1687736323,679432
1687736323,681922
1687736323,685345
1687736323,687871
1687736323,688523
1687736323,689055
1687736323,696208
1687736324,360186
1687736324,363264
1687736324,368298
1687736324,369701
1687736324,371408
1687736324,373656
1687736324,384386
1687736324,387304
1687736324,388136
1687736324,388146
1687736324,400235
1687736324,403834
1687736324,407676
1687736324,411435
1687736324,426272
1687736324,427464
1687736324,428990
1687736324,440864
1687736324,441573
1687736324,459895
1687736324,476390
1687736324,484192
1687736324,499589
1687736324,504309
1687736324,506798
1687736324,509349
1687736324,529439
1687736324,546256
1687736324,571432
1687736324,573785
1687736324,582470
1687736324,602128
1687736324,607314
1687736324,628523
1687736324,633725
1687736324,636470
1687736324,640738
1687736324,661424
1687736324,666007
1687736324,671798
1687736324,676003
1687736324,679568
1687736324,691221
1687736324,691921
1687736324,693649
1687736325,360500
1687736325,364403
1687736325,366148
1687736325,369258
1687736325,369544
1687736325,371057
1687736325,375479
1687736325,378909
1687736325,379023
1687736325,387327
1687736325,401363
1687736325,414428
1687736325,428155
1687736325,450234
1687736325,453356
1687736325,455738
1687736325,469764
1687736325,493447
1687736325,497523
1687736325,512498
1687736325,534130
1687736325,547657
1687736325,558188
1687736325,563371
1687736325,577717
1687736325,591681
1687736325,597721
1687736325,600329
1687736325,612481
1687736325,616646
1687736325,625979
1687736325,632331
1687736325,633362
1687736325,637472
1687736325,649818
1687736325,658065
1687736325,658594
1687736325,664391
1687736325,665227
1687736325,673494
1687736325,674649
1687736325,683052
1687736325,684861
1687736325,687199
1687736325,694820
1687736326,361318
1687736326,362050
1687736326,369888
1687736326,370679
1687736326,375547
1687736326,378946
1687736326,379133
1687736326,380583
1687736326,394991
1687736326,399366
1687736326,399851
1687736326,408885
1687736326,420167
1687736326,423440
1687736326,424684
1687736326,435475
1687736326,446991
1687736326,449275
1687736326,453500
1687736326,479050
1687736326,484013
1687736326,485035
1687736326,501937
1687736326,525698
1687736326,533940
1687736326,551778
1687736326,559406
1687736326,565866
1687736326,583998
1687736326,585498
1687736326,591058
1687736326,594530
1687736326,604820
1687736326,607525
1687736326,610930
1687736326,620774
1687736326,622678
1687736326,629439
1687736326,646835
1687736326,655126
1687736326,655660
1687736326,676370
1687736326,683342
1687736326,684212
1687736326,686387
1687736326,691036
1687736326,698455
1687736327,367018
1687736327,367281
1687736327,367536
1687736327,369814
1687736327,375517
1687736327,376175
1687736327,391751
1687736327,394253
1687736327,417102
1687736327,418486
1687736327,422245
1687736327,428927
1687736327,447583
1687736327,454880
1687736327,460213
1687736327,476035
1687736327,481257
1687736327,487873
1687736327,518006
1687736327,522214
1687736327,523890
1687736327,548894
1687736327,552604
1687736327,557198
1687736327,586660
1687736327,587047
1687736327,594392
1687736327,620680
1687736327,622649
1687736327,640938
1687736327,643730
1687736327,647445
1687736327,648466
1687736327,648574
1687736327,652705
1687736327,664277
1687736327,665602
1687736327,668499
1687736327,677562
1687736327,682198
1687736327,683567
1687736327,685796
1687736327,692302
1687736327,703224
1687736328,346994
1687736328,354314
1687736328,358853
1687736328,361031
1687736328,367215
1687736328,371179
1687736328,371199
1687736328,377176
1687736328,386627
1687736328,387607
1687736328,387886
1687736328,395098
1687736328,404967
1687736328,417879
1687736328,427634
1687736328,433331
1687736328,457794
1687736328,461307
1687736328,477220
1687736328,478484
1687736328,495785
1687736328,511051
1687736328,512303
1687736328,530420
1687736328,545143
1687736328,561995
1687736328,576903
1687736328,587026
1687736328,599680
1687736328,616857
1687736328,631222
1687736328,642142
1687736328,644484
1687736328,658951
1687736328,660294
1687736328,672028
1687736328,675320
1687736328,684995
1687736328,686586
1687736328,689818
1687736329,353611
1687736329,363233
1687736329,369445
1687736329,372246
1687736329,373350
1687736329,374583
1687736329,380610
1687736329,384138
1687736329,393001
1687736329,400622
1687736329,404383
1687736329,406825
1687736329,413919
1687736329,429198
1687736329,441462
1687736329,462634
1687736329,474087
1687736329,499392
1687736329,504867
1687736329,505958
1687736329,522361
1687736329,535828
1687736329,540201
1687736329,543063
1687736329,567113
1687736329,570197
1687736329,578838
1687736329,579841
1687736329,602691
1687736329,607412
1687736329,610798
1687736329,622058
1687736329,624200
1687736329,632871
1687736329,642592
1687736329,647452
1687736329,653354
1687736329,657099
1687736329,663629
1687736329,665521
1687736329,671860
1687736329,672775
1687736329,675258
1687736329,677657
1687736329,680715
1687736329,680726
1687736329,687331
1687736329,691506
1687736330,361632
1687736330,367093
1687736330,367283
1687736330,369876
1687736330,372340
1687736330,373421
1687736330,373716
1687736330,383395
1687736330,384667
1687736330,386162
1687736330,388612
1687736330,407378
1687736330,407732
1687736330,410222
1687736330,427900
1687736330,435286
1687736330,438203
1687736330,439516
1687736330,455335
1687736330,463967
1687736330,468984
1687736330,470522
1687736330,472709
1687736330,473755
1687736330,504693
1687736330,505490
1687736330,534231
1687736330,542341
1687736330,560234
1687736330,561998
1687736330,568692
1687736330,571721
1687736330,578719
1687736330,602627
1687736330,602959
1687736330,610862
1687736330,627637
1687736330,634888
1687736330,635173
1687736330,651218
1687736330,658426
1687736330,662343
1687736330,677542
1687736330,681588
1687736330,684293
1687736330,684513
1687736330,687908
1687736330,688404
1687736330,691198
1687736331,360533
1687736331,360884
1687736331,361962
1687736331,363660
1687736331,367266
1687736331,368298
1687736331,369391
1687736331,376289
1687736331,382614
1687736331,392346
1687736331,403506
1687736331,406780
1687736331,407509
1687736331,425808
1687736331,433211
1687736331,438912
1687736331,457534
1687736331,497047
1687736331,499470
1687736331,500063
1687736331,512558
1687736331,515518
1687736331,532030
1687736331,536147
1687736331,543066
1687736331,595394
1687736331,600685
1687736331,605104
1687736331,614399
1687736331,632316
1687736331,633619
1687736331,638224
1687736331,660392
1687736331,660399
1687736331,663586
1687736331,677498
1687736331,680889
1687736331,681360
1687736331,687023
1687736331,687649
1687736331,691058
1687736331,695670
1687736331,697152
1687736332,359173
1687736332,362803
1687736332,365641
1687736332,366018
1687736332,366115
1687736332,367022
1687736332,367372
1687736332,373988
1687736332,375893
1687736332,376241
1687736332,378418
1687736332,380920
1687736332,389399
1687736332,390063
1687736332,401034
1687736332,418069
1687736332,419671
1687736332,422881
1687736332,447139
1687736332,458934
1687736332,475265
1687736332,481346
1687736332,489509
1687736332,494130
1687736332,517629
1687736332,530422
1687736332,535195
1687736332,539493
1687736332,551231
1687736332,553786
1687736332,567882
1687736332,588507
1687736332,589443
1687736332,610868
1687736332,618941
1687736332,622215
1687736332,626379
1687736332,626384
1687736332,631511
1687736332,637578
1687736332,639551
1687736332,649109
1687736332,653075
1687736332,663953
1687736332,673990
1687736332,675978
1687736332,681068
1687736332,684171
1687736332,689553
1687736332,689691
1687736332,692554
1687736332,693375
1687736333,356110
1687736333,363399
1687736333,367287
1687736333,367898
1687736333,369021
1687736333,371395
1687736333,372657
1687736333,373130
1687736333,374215
1687736333,375339
1687736333,375393
1687736333,377197
1687736333,386639
1687736333,395866
1687736333,396922
1687736333,418453
1687736333,419744
1687736333,422750
1687736333,440208
1687736333,441976
1687736333,445261
1687736333,448939
1687736333,449380
1687736333,457682
1687736333,483529
1687736333,483882
1687736333,487315
1687736333,514172
1687736333,516174
1687736333,524314
1687736333,527026
1687736333,530514
1687736333,555521
1687736333,556385
1687736333,581964
1687736333,595852
1687736333,609808
1687736333,620492
1687736333,624087
1687736333,642263
1687736333,649728
1687736333,654458
1687736333,659500
1687736333,668605
1687736333,675233
1687736333,682776
1687736333,684382
1687736333,686402
1687736333,691626
1687736333,696616
1687736334,360628
1687736334,361523
1687736334,363729
1687736334,367124
1687736334,367760
1687736334,370135
1687736334,371726
1687736334,377331
1687736334,379997
1687736334,381447
1687736334,398795
1687736334,400483
1687736334,411183
1687736334,419782
1687736334,422636
1687736334,445825
1687736334,451496
1687736334,463426
1687736334,465381
1687736334,479025
1687736334,487972
1687736334,493808
1687736334,509456
1687736334,519641
1687736334,526929
1687736334,549787
1687736334,552737
1687736334,554836
1687736334,561058
1687736334,562801
1687736334,566865
1687736334,580349
1687736334,590689
1687736334,598046
1687736334,610823
1687736334,612775
1687736334,621864
1687736334,635613
1687736334,648119
1687736334,648943
1687736334,650229
1687736334,660120
1687736334,660971
1687736334,663343
1687736334,670188
1687736334,675018
1687736334,677066
1687736334,681111
1687736334,681777
1687736334,688436
1687736334,695959
1687736335,353434
1687736335,358505
1687736335,367425
1687736335,368218
1687736335,371670
1687736335,375444
1687736335,375895
1687736335,378089
1687736335,385991
1687736335,388003
1687736335,388110
1687736335,398437
1687736335,401652
1687736335,402492
1687736335,414370
1687736335,415596
1687736335,416462
1687736335,424865
1687736335,432165
1687736335,437733
1687736335,439987
1687736335,445540
1687736335,451801
1687736335,461985
1687736335,462758
1687736335,473107
1687736335,475340
1687736335,486606
1687736335,503141
1687736335,506619
1687736335,507695
1687736335,528011
1687736335,539506
1687736335,548002
1687736335,548297
1687736335,570943
1687736335,577236
1687736335,578987
1687736335,591370
1687736335,605488
1687736335,606395
1687736335,614279
1687736335,618432
1687736335,625865
1687736335,641556
1687736335,641996
1687736335,643315
1687736335,648315
1687736335,652628
1687736335,668280
1687736335,671120
1687736335,684867
1687736335,685043
1687736335,685553
1687736335,687132
1687736335,693245
1687736335,698153
1687736336,359182
1687736336,364087
1687736336,364765
1687736336,367117
1687736336,367974
1687736336,368833
1687736336,370772
1687736336,378627
1687736336,379736
1687736336,383656
1687736336,384210
1687736336,403064
1687736336,415284
1687736336,426371
1687736336,430451
1687736336,432059
1687736336,441245
1687736336,442988
1687736336,444238
1687736336,461032
1687736336,470221
1687736336,472016
1687736336,473643
1687736336,485934
1687736336,501799
1687736336,516097
1687736336,520688
1687736336,524786
1687736336,531300
1687736336,533939
1687736336,536315
1687736336,544198
1687736336,544453
1687736336,544480
1687736336,569903
1687736336,572428
1687736336,572903
1687736336,576383
1687736336,585398
1687736336,586684
1687736336,590359
1687736336,599105
1687736336,616828
1687736336,630288
1687736336,633815
1687736336,636972
1687736336,647844
1687736336,661636
1687736336,663162
1687736336,665301
1687736336,667120
1687736336,669993
1687736336,674670
1687736336,675592
1687736336,678337
1687736336,678721
1687736336,683427
1687736336,690290
1687736337,353586
1687736337,358904
1687736337,360017
1687736337,369739
1687736337,371713
1687736337,371770
1687736337,373325
1687736337,382587
1687736337,384709
1687736337,385241
1687736337,387593
1687736337,391466
1687736337,393813
1687736337,397146
1687736337,401041
1687736337,401888
1687736337,410034
1687736337,411185
1687736337,414882
1687736337,434781
1687736337,437471
1687736337,465134
1687736337,466026
1687736337,477349
1687736337,497784
1687736337,500972
1687736337,501133
1687736337,504896
1687736337,510466
1687736337,535880
1687736337,544883
1687736337,555672
1687736337,561511
1687736337,562550
1687736337,566379
1687736337,574013
1687736337,597523
1687736337,603155
1687736337,608249
1687736337,612937
1687736337,629793
1687736337,632551
1687736337,634351
1687736337,636963
1687736337,651819
1687736337,656860
1687736337,659516
1687736337,668844
1687736337,677828
1687736337,678718
1687736337,683038
1687736337,688930
1687736337,701297
1687736338,360313
1687736338,361526
1687736338,366988
1687736338,367803
1687736338,370142
1687736338,370488
1687736338,372067
1687736338,374852
1687736338,378106
1687736338,378235
1687736338,379522
1687736338,390661
1687736338,393438
1687736338,397396
1687736338,398248
1687736338,398896
1687736338,404032
1687736338,416096
1687736338,427436
1687736338,433505
1687736338,446412
1687736338,455149
1687736338,456455
1687736338,456607
1687736338,477527
1687736338,481196
1687736338,487656
1687736338,499461
1687736338,503027
1687736338,518991
1687736338,519225
1687736338,530544
1687736338,535202
1687736338,551809
1687736338,560458
1687736338,563092
1687736338,579064
1687736338,581807
1687736338,587534
1687736338,596263
1687736338,601029
1687736338,608385
1687736338,612928
1687736338,621672
1687736338,626120
1687736338,627589
1687736338,639275
1687736338,642372
1687736338,657659
1687736338,658668
1687736338,667320
1687736338,673599
1687736338,674758
1687736338,681097
1687736338,681325
1687736338,682426
1687736338,684922
1687736338,686267
1687736338,686300
1687736338,689323
1687736338,691453
1687736339,354705
1687736339,365118
1687736339,365733
1687736339,369046
1687736339,369966
1687736339,370757
1687736339,370857
1687736339,371128
1687736339,374045
1687736339,380046
1687736339,381176
1687736339,383110
1687736339,393355
1687736339,393860
1687736339,394306
1687736339,394979
1687736339,411848
1687736339,412842
1687736339,420762
1687736339,427752
1687736339,432410
1687736339,438980
1687736339,452559
1687736339,485286
1687736339,485714
1687736339,491235
1687736339,496832
1687736339,517473
1687736339,525695
1687736339,526799
1687736339,539911
1687736339,549350
1687736339,582380
1687736339,586066
1687736339,586369
1687736339,593118
1687736339,596967
1687736339,618198
1687736339,620015
1687736339,635646
1687736339,643500
1687736339,651491
1687736339,656869
1687736339,665282
1687736339,667561
1687736339,668902
1687736339,672906
1687736339,675914
1687736339,686453
1687736339,690155
1687736339,696167
1687736340,354973
1687736340,357825
1687736340,363925
1687736340,368116
1687736340,373487
1687736340,373807
1687736340,374334
1687736340,379524
1687736340,379925
1687736340,384789
1687736340,389193
1687736340,403098
1687736340,412074
1687736340,416565
1687736340,420712
1687736340,424210
1687736340,427316
1687736340,450896
1687736340,451088
1687736340,461846
1687736340,477707
1687736340,479015
1687736340,494807
1687736340,519428
1687736340,525403
1687736340,535483
1687736340,539191
1687736340,547913
1687736340,551198
1687736340,557852
1687736340,559465
1687736340,559745
1687736340,582328
1687736340,584755
1687736340,594403
1687736340,600084
1687736340,609976
1687736340,618094
1687736340,624165
1687736340,633249
1687736340,634204
1687736340,644705
1687736340,644869
1687736340,648146
1687736340,651965
1687736340,664151
1687736340,667104
1687736340,670164
1687736340,675269
1687736340,679686
1687736340,684440
1687736340,687448
1687736340,687820
1687736340,689072
1687736341,347009
1687736341,365095
1687736341,365339
1687736341,367374
1687736341,368371
1687736341,371178
1687736341,373609
1687736341,374863
1687736341,384543
1687736341,393149
1687736341,395148
1687736341,395344
1687736341,404081
1687736341,407153
1687736341,407356
1687736341,415761
1687736341,420934
1687736341,428097
1687736341,446007
1687736341,446865
1687736341,456139
1687736341,467415
1687736341,480765
1687736341,493360
1687736341,494080
1687736341,504070
1687736341,508196
1687736341,512965
1687736341,515075
1687736341,515730
1687736341,530433
1687736341,536129
1687736341,544820
1687736341,554371
1687736341,556450
1687736341,563253
1687736341,586792
1687736341,598874
1687736341,599723
1687736341,612121
1687736341,614642
1687736341,619541
1687736341,623728
1687736341,628959
1687736341,642189
1687736341,648388
1687736341,664051
1687736341,667803
1687736341,672666
1687736341,675593
1687736341,675965
1687736341,681896
1687736341,685631
1687736341,688284
1687736341,689340
1687736341,696127
1687736342,358130
1687736342,361877
1687736342,368163
1687736342,368242
1687736342,370696
1687736342,372526
1687736342,377164
1687736342,379964
1687736342,381201
1687736342,395339
1687736342,396478
1687736342,406885
1687736342,408247
1687736342,412293
1687736342,432759
1687736342,441769
1687736342,453529
1687736342,453872
1687736342,476680
1687736342,483192
1687736342,502385
1687736342,514466
1687736342,537125
1687736342,548023
1687736342,556021
1687736342,558882
1687736342,573933
1687736342,575505
1687736342,575591
1687736342,575836
1687736342,586680
1687736342,603327
1687736342,606718
1687736342,609048
1687736342,633293
1687736342,640025
1687736342,641072
1687736342,647574
1687736342,654112
1687736342,658646
1687736342,659587
1687736342,665877
1687736342,666434
1687736342,669993
1687736342,677185
1687736342,679770
1687736342,681879
1687736342,685274
1687736342,693960
1687736343,347934
1687736343,361720
1687736343,362885
1687736343,366491
1687736343,367244
1687736343,370894
1687736343,371513
1687736343,376597
1687736343,377835
1687736343,378469
1687736343,383373
1687736343,384008
1687736343,385462
1687736343,389094
1687736343,407577
1687736343,411784
1687736343,430107
1687736343,430630
1687736343,435709
1687736343,435921
1687736343,467651
1687736343,468611
1687736343,468841
1687736343,470364
1687736343,472098
1687736343,478255
1687736343,483080
1687736343,487837
1687736343,493230
1687736343,504467
1687736343,511316
1687736343,527087
1687736343,532377
1687736343,539743
1687736343,541604
1687736343,568106
1687736343,571628
1687736343,575852
1687736343,578892
1687736343,600934
1687736343,602937
1687736343,604620
1687736343,609732
1687736343,610389
1687736343,631415
1687736343,656007
1687736343,657180
1687736343,661994
1687736343,678546
1687736343,682705
1687736343,684946
1687736343,687184
1687736343,687471
1687736343,687878
1687736343,688184
1687736343,691710
1687736344,360364
1687736344,363589
1687736344,367529
1687736344,368571
1687736344,370313
1687736344,376474
1687736344,385400
1687736344,388697
1687736344,389179
1687736344,389297
1687736344,398674
1687736344,405283
1687736344,406026
1687736344,412722
1687736344,424327
1687736344,425665
1687736344,433373
1687736344,442960
1687736344,443621
1687736344,457886
1687736344,486376
1687736344,497433
1687736344,504177
1687736344,506404
1687736344,511557
1687736344,548630
1687736344,569291
1687736344,584272
1687736344,590502
1687736344,600235
1687736344,602542
1687736344,608863
1687736344,609025
1687736344,630198
1687736344,631662
1687736344,638085
1687736344,659972
1687736344,662099
1687736344,665687
1687736344,667449
1687736344,669489
1687736344,672794
1687736344,675433
1687736344,689721
1687736344,691844
1687736344,693292
1687736345,347134
1687736345,360438
1687736345,364314
1687736345,365339
1687736345,366928
1687736345,368818
1687736345,371535
1687736345,374130
1687736345,378145
1687736345,379493
1687736345,388237
1687736345,394376
1687736345,399753
1687736345,416163
1687736345,426748
1687736345,448028
1687736345,451209
1687736345,452318
1687736345,471469
1687736345,491497
1687736345,492754
1687736345,495421
1687736345,514616
1687736345,532001
1687736345,556008
1687736345,579816
1687736345,589138
1687736345,593369
1687736345,595660
1687736345,598335
1687736345,614138
1687736345,618353
1687736345,620161
1687736345,623977
1687736345,631289
1687736345,638894
1687736345,648730
1687736345,653853
1687736345,656887
1687736345,659845
1687736345,660255
1687736345,666818
1687736345,673711
1687736345,674368
1687736345,683306
1687736345,684286
1687736345,687302
1687736345,695120
1687736345,697713
1687736346,361369
1687736346,361906
1687736346,366245
1687736346,371334
1687736346,374484
1687736346,378272
1687736346,379671
1687736346,381098
1687736346,393545
1687736346,397873
1687736346,400908
1687736346,407609
1687736346,410326
1687736346,418338
1687736346,422566
1687736346,424552
1687736346,447073
1687736346,448992
1687736346,455508
1687736346,459893
1687736346,472797
1687736346,481086
1687736346,482821
1687736346,486165
1687736346,504192
1687736346,508994
1687736346,523511
1687736346,532149
1687736346,549553
1687736346,549915
1687736346,561758
1687736346,568199
1687736346,587270
1687736346,592526
1687736346,593000
1687736346,609266
1687736346,620704
1687736346,622481
1687736346,627508
1687736346,642159
1687736346,648353
1687736346,648889
1687736346,653241
1687736346,653382
1687736346,653773
1687736346,665140
1687736346,675148
1687736346,683105
1687736346,685042
1687736346,691177
1687736347,366429
1687736347,367593
1687736347,368198
1687736347,375890
1687736347,376549
1687736347,377207
1687736347,390426
1687736347,395819
1687736347,416956
1687736347,418980
1687736347,431005
1687736347,442339
1687736347,445304
1687736347,457018
1687736347,462277
1687736347,474055
1687736347,478899
1687736347,489980
1687736347,515885
1687736347,521975
1687736347,524359
1687736347,550636
1687736347,551146
1687736347,555278
1687736347,584516
1687736347,584920
1687736347,596181
1687736347,620739
1687736347,622064
1687736347,645154
1687736347,645835
1687736347,647191
1687736347,650083
1687736347,664456
1687736347,667790
1687736347,678413
1687736347,681535
1687736347,682419
1687736347,683964
1687736347,686906
1687736347,692159
1687736347,696936
1687736347,703101
1687736348,354693
1687736348,359117
1687736348,360733
1687736348,367459
1687736348,370129
1687736348,370369
1687736348,377005
1687736348,386514
1687736348,386991
1687736348,387714
1687736348,396072
1687736348,402766
1687736348,406252
1687736348,416345
1687736348,428883
1687736348,435405
1687736348,449629
1687736348,463328
1687736348,475203
1687736348,480225
1687736348,497827
1687736348,510217
1687736348,521880
1687736348,532672
1687736348,543205
1687736348,547437
1687736348,564066
1687736348,574739
1687736348,589079
1687736348,601343
1687736348,614874
1687736348,624148
1687736348,632774
1687736348,642686
1687736348,643447
1687736348,650264
1687736348,664724
1687736348,673156
1687736348,673933
1687736348,679180
1687736348,680008
1687736348,684167
1687736348,686553
1687736348,690333
1687736349,353272
1687736349,363175
1687736349,369992
1687736349,370385
1687736349,372508
1687736349,372752
1687736349,381438
1687736349,391839
1687736349,401995
1687736349,405229
1687736349,412294
1687736349,431289
1687736349,439438
1687736349,464617
1687736349,471782
1687736349,501461
1687736349,502952
1687736349,503507
1687736349,524472
1687736349,531792
1687736349,538038
1687736349,540979
1687736349,542304
1687736349,569286
1687736349,572310
1687736349,576562
1687736349,577968
1687736349,604547
1687736349,605348
1687736349,608861
1687736349,625994
1687736349,634396
1687736349,641023
1687736349,654731
1687736349,658551
1687736349,662383
1687736349,664096
1687736349,664539
1687736349,670576
1687736349,674115
1687736349,674797
1687736349,677135
1687736349,678463
1687736349,679769
1687736349,680599
1687736349,687745
1687736349,692192
1687736350,360140
1687736350,360992
1687736350,361878
1687736350,367403
1687736350,369169
1687736350,372373
1687736350,373348
1687736350,374403
1687736350,383273
1687736350,383457
1687736350,384547
1687736350,387028
1687736350,389466
1687736350,399432
1687736350,409096
1687736350,409417
1687736350,412260
1687736350,433425
1687736350,436494
1687736350,457307
1687736350,461926
1687736350,466865
1687736350,470714
1687736350,472393
1687736350,502557
1687736350,505001
1687736350,507616
1687736350,532432
1687736350,544703
1687736350,562476
1687736350,566770
1687736350,569570
1687736350,580855
1687736350,600599
1687736350,600852
1687736350,612618
1687736350,628939
1687736350,633380
1687736350,636462
1687736350,652619
1687736350,660087
1687736350,660953
1687736350,678547
1687736350,683423
1687736350,684213
1687736350,687242
1687736350,688547
1687736350,690782
1687736350,694060
1687736351,361297
1687736351,362953
1687736351,366483
1687736351,368420
1687736351,369813
1687736351,376639
1687736351,379776
1687736351,381630
1687736351,393253
1687736351,406111
1687736351,408469
1687736351,423642
1687736351,426327
1687736351,434984
1687736351,440863
1687736351,455540
1687736351,475940
1687736351,497119
1687736351,497968
1687736351,499261
1687736351,514630
1687736351,517633
1687736351,522720
1687736351,530104
1687736351,533709
1687736351,545363
1687736351,581028
1687736351,593254
1687736351,598904
1687736351,606779
1687736351,616009
1687736351,630142
1687736351,631739
1687736351,639687
1687736351,642006
1687736351,658849
1687736351,661803
1687736351,678615
1687736351,680054
1687736351,682523
1687736351,686942
1687736351,687122
1687736351,691294
1687736351,694857
1687736352,363755
1687736352,366130
1687736352,366189
1687736352,366700
1687736352,367320
1687736352,374688
1687736352,375215
1687736352,379106
1687736352,390754
1687736352,391546
1687736352,399410
1687736352,401945
1687736352,417835
1687736352,419856
1687736352,424994
1687736352,449318
1687736352,456868
1687736352,477292
1687736352,483391
1687736352,491663
1687736352,492120
1687736352,519694
1687736352,528503
1687736352,537427
1687736352,553408
1687736352,561542
1687736352,565592
1687736352,587467
1687736352,590537
1687736352,612454
1687736352,620524
1687736352,624298
1687736352,624350
1687736352,633044
1687736352,635641
1687736352,640856
1687736352,647497
1687736352,651528
1687736352,665057
1687736352,673118
1687736352,676949
1687736352,681236
1687736352,689395
1687736352,690016
1687736352,692085
1687736353,356583
1687736353,363277
1687736353,368731
1687736353,371380
1687736353,372266
1687736353,374289
1687736353,374994
1687736353,375127
1687736353,376791
1687736353,387259
1687736353,392160
1687736353,394559
1687736353,395503
1687736353,413791
1687736353,418111
1687736353,421164
1687736353,421252
1687736353,438284
1687736353,443074
1687736353,443898
1687736353,447286
1687736353,451083
1687736353,459652
1687736353,476745
1687736353,481318
1687736353,481925
1687736353,489432
1687736353,516290
1687736353,522370
1687736353,525264
1687736353,532754
1687736353,558654
1687736353,578168
1687736353,584128
1687736353,597660
1687736353,611506
1687736353,618685
1687736353,622144
1687736353,643777
1687736353,648027
1687736353,652868
1687736353,660753
1687736353,669937
1687736353,674262
1687736353,675931
1687736353,682011
1687736353,683449
1687736353,683589
1687736353,690860
1687736353,696603
1687736354,360682
1687736354,360933
1687736354,363680
1687736354,367709
1687736354,368472
1687736354,370604
1687736354,370894
1687736354,377954
1687736354,380562
1687736354,399122
1687736354,400139
1687736354,409352
1687736354,412713
1687736354,443659
1687736354,453331
1687736354,467458
1687736354,485570
1687736354,495793
1687736354,504353
1687736354,505500
1687736354,511559
1687736354,517619
1687736354,529047
1687736354,550864
1687736354,552015
1687736354,556862
1687736354,559030
1687736354,565045
1687736354,592310
1687736354,596387
1687736354,601484
1687736354,608847
1687736354,614481
1687736354,623314
1687736354,637045
1687736354,647100
1687736354,651508
1687736354,659057
1687736354,659283
1687736354,664516
1687736354,668909
1687736354,675605
1687736354,676867
1687736354,677628
1687736354,681244
1687736354,687049
1687736354,688549
1687736354,695898
1687736355,353536
1687736355,359758
1687736355,363785
1687736355,367373
1687736355,375109
1687736355,376302
1687736355,378651
1687736355,380672
1687736355,386625
1687736355,386839
1687736355,387522
1687736355,400324
1687736355,403270
1687736355,403786
1687736355,413947
1687736355,418438
1687736355,426913
1687736355,434056
1687736355,443651
1687736355,460887
1687736355,464137
1687736355,470888
1687736355,472883
1687736355,485286
1687736355,488652
1687736355,505407
1687736355,530150
1687736355,545984
1687736355,546386
1687736355,571909
1687736355,573150
1687736355,575249
1687736355,576850
1687736355,593142
1687736355,607144
1687736355,607955
1687736355,612224
1687736355,627306
1687736355,639862
1687736355,640674
1687736355,649569
1687736355,653944
1687736355,665536
1687736355,667031
1687736355,669920
1687736355,670172
1687736355,678179
1687736355,684569
1687736355,685412
1687736355,687069
1687736355,693751
1687736355,697860
1687736356,365029
1687736356,367088
1687736356,368069
1687736356,368420
1687736356,371254
1687736356,379667
1687736356,380284
1687736356,383052
1687736356,384532
1687736356,404511
1687736356,413993
1687736356,428899
1687736356,430142
1687736356,440947
1687736356,443508
1687736356,469846
1687736356,471230
1687736356,472275
1687736356,483944
1687736356,503804
1687736356,526939
1687736356,532114
1687736356,533427
1687736356,538520
1687736356,542194
1687736356,546796
1687736356,570522
1687736356,570872
1687736356,578392
1687736356,583336
1687736356,592361
1687736356,597189
1687736356,614928
1687736356,634859
1687736356,635520
1687736356,649152
1687736356,663091
1687736356,664009
1687736356,669284
1687736356,675277
1687736356,675875
1687736356,676486
1687736356,677063
1687736356,685439
1687736356,690960
1687736357,358198
1687736357,359631
1687736357,369341
1687736357,371889
1687736357,372046
1687736357,373654
1687736357,381333
1687736357,383739
1687736357,392130
1687736357,392366
1687736357,398544
1687736357,400462
1687736357,408728
1687736357,412874
1687736357,433188
1687736357,439609
1687736357,463780
1687736357,467031
1687736357,479361
1687736357,498781
1687736357,499030
1687736357,499915
1687736357,506846
1687736357,512663
1687736357,533815
1687736357,547158
1687736357,560220
1687736357,568500
1687736357,571844
1687736357,588647
1687736357,609968
1687736357,614598
1687736357,631473
1687736357,632539
1687736357,633990
1687736357,638353
1687736357,653251
1687736357,655724
1687736357,658097
1687736357,661597
1687736357,677678
1687736357,678737
1687736357,683616
1687736357,688753
1687736357,701656
1687736358,360226
1687736358,362081
1687736358,368077
1687736358,368176
1687736358,369688
1687736358,371322
1687736358,371410
1687736358,374407
1687736358,375658
1687736358,377054
1687736358,378343
1687736358,394489
1687736358,395991
1687736358,396888
1687736358,405631
1687736358,417877
1687736358,431595
1687736358,441487
1687736358,448445
1687736358,450207
1687736358,453293
1687736358,454088
1687736358,458558
1687736358,479651
1687736358,483263
1687736358,485591
1687736358,497464
1687736358,505149
1687736358,520862
1687736358,523717
1687736358,528713
1687736358,533115
1687736358,553588
1687736358,554188
1687736358,559766
1687736358,565014
1687736358,583909
1687736358,585280
1687736358,594511
1687736358,602557
1687736358,610358
1687736358,614438
1687736358,620033
1687736358,625450
1687736358,637685
1687736358,643817
1687736358,657007
1687736358,659083
1687736358,668582
1687736358,673586
1687736358,675553
1687736358,679785
1687736358,680286
1687736358,683293
1687736358,684459
1687736358,685647
1687736358,686435
1687736358,688711
1687736358,691390
1687736359,355494
1687736359,359422
1687736359,364416
1687736359,365220
1687736359,368198
1687736359,368424
1687736359,370048
1687736359,370504
1687736359,370996
1687736359,371675
1687736359,379094
1687736359,382137
1687736359,383731
1687736359,392885
1687736359,393980
1687736359,394976
1687736359,394997
1687736359,414792
1687736359,418915
1687736359,426025
1687736359,434391
1687736359,440943
1687736359,454753
1687736359,474964
1687736359,483516
1687736359,487371
1687736359,488985
1687736359,494675
1687736359,496227
1687736359,519612
1687736359,542030
1687736359,558436
1687736359,561650
1687736359,584216
1687736359,584300
1687736359,588077
1687736359,594978
1687736359,595105
1687736359,601075
1687736359,618284
1687736359,619650
1687736359,621662
1687736359,637240
1687736359,644879
1687736359,650098
1687736359,655266
1687736359,666533
1687736359,666700
1687736359,667919
1687736359,671365
1687736359,673863
1687736359,686488
1687736359,687903
1687736359,691770
1687736359,696404
1687736360,355116
1687736360,358106
1687736360,363594
1687736360,371615
1687736360,372716
1687736360,374642
1687736360,375061
1687736360,379053
1687736360,380775
1687736360,385482
1687736360,387994
1687736360,390380
1687736360,403892
1687736360,418757
1687736360,426209
1687736360,429314
1687736360,448937
1687736360,453242
1687736360,459776
1687736360,476753
1687736360,479833
1687736360,496695
1687736360,517486
1687736360,527587
1687736360,533401
1687736360,541173
1687736360,549363
1687736360,551650
1687736360,553153
1687736360,557594
1687736360,560043
1687736360,580099
1687736360,586901
1687736360,586971
1687736360,596060
1687736360,601889
1687736360,608206
1687736360,616483
1687736360,617931
1687736360,624136
1687736360,625809
1687736360,631190
1687736360,636043
1687736360,643089
1687736360,645991
1687736360,646313
1687736360,650066
1687736360,667344
1687736360,674368
1687736360,678930
1687736360,685284
1687736360,687191
1687736360,687393
1687736360,688493
1687736360,695997
1687736361,347061
1687736361,365506
1687736361,365836
1687736361,367334
1687736361,367359
1687736361,370902
1687736361,372603
1687736361,374613
1687736361,391947
1687736361,394228
1687736361,396227
1687736361,405758
1687736361,405918
1687736361,406099
1687736361,409223
1687736361,414020
1687736361,414850
1687736361,422477
1687736361,424686
1687736361,430183
1687736361,431261
1687736361,444047
1687736361,445143
1687736361,469581
1687736361,478495
1687736361,495354
1687736361,506230
1687736361,510955
1687736361,513373
1687736361,517226
1687736361,532604
1687736361,537400
1687736361,538343
1687736361,542720
1687736361,554345
1687736361,556452
1687736361,565473
1687736361,577653
1687736361,584688
1687736361,600578
1687736361,606832
1687736361,610220
1687736361,616356
1687736361,625113
1687736361,640372
1687736361,649857
1687736361,665083
1687736361,669275
1687736361,674189
1687736361,674351
1687736361,679043
1687736361,682281
1687736361,686408
1687736361,688785
1687736361,688910
1687736361,689191
1687736362,357777
1687736362,361535
1687736362,367675
1687736362,368439
1687736362,370934
1687736362,373383
1687736362,375978
1687736362,377470
1687736362,378732
1687736362,382214
1687736362,394019
1687736362,397651
1687736362,406921
1687736362,408101
1687736362,410590
1687736362,434604
1687736362,439784
1687736362,451333
1687736362,455819
1687736362,472636
1687736362,474844
1687736362,481294
1687736362,504340
1687736362,516828
1687736362,539424
1687736362,545810
1687736362,554027
1687736362,560978
1687736362,572010
1687736362,573510
1687736362,577720
1687736362,584718
1687736362,604582
1687736362,605155
1687736362,610628
1687736362,634860
1687736362,638210
1687736362,639402
1687736362,643338
1687736362,648782
1687736362,654965
1687736362,656944
1687736362,658429
1687736362,663549
1687736362,664842
1687736362,666538
1687736362,680748
1687736362,682242
1687736362,684752
1687736363,348001
1687736363,361391
1687736363,362140
1687736363,367106
1687736363,367262
1687736363,367510
1687736363,370397
1687736363,376615
1687736363,377082
1687736363,377434
1687736363,382867
1687736363,385317
1687736363,386213
1687736363,409478
1687736363,410218
1687736363,428246
1687736363,428341
1687736363,432302
1687736363,433471
1687736363,437783
1687736363,462015
1687736363,465490
1687736363,466665
1687736363,470677
1687736363,490063
1687736363,495510
1687736363,501877
1687736363,506968
1687736363,513549
1687736363,525199
1687736363,530235
1687736363,537615
1687736363,543792
1687736363,570215
1687736363,576747
1687736363,577901
1687736363,602550
1687736363,602702
1687736363,607788
1687736363,611858
1687736363,629675
1687736363,657164
1687736363,658556
1687736363,660552
1687736363,677622
1687736363,678131
1687736363,683189
1687736363,683404
1687736363,684470
1687736363,686330
1687736363,686491
1687736363,687280
1687736363,687798
1687736363,692143
1687736364,360611
1687736364,363974
1687736364,364544
1687736364,366812
1687736364,369309
1687736364,370927
1687736364,377036
1687736364,377256
1687736364,386424
1687736364,390164
1687736364,390238
1687736364,390489
1687736364,397157
1687736364,404360
1687736364,406777
1687736364,414084
1687736364,422437
1687736364,423864
1687736364,445064
1687736364,445704
1687736364,455954
1687736364,469911
1687736364,480121
1687736364,495282
1687736364,501579
1687736364,508552
1687736364,513812
1687736364,513813
1687736364,534160
1687736364,550968
1687736364,567160
1687736364,569460
1687736364,586050
1687736364,592278
1687736364,598350
1687736364,600631
1687736364,601162
1687736364,610667
1687736364,629607
1687736364,639651
1687736364,643295
1687736364,651582
1687736364,658536
1687736364,662843
1687736364,668853
1687736364,668927
1687736364,673764
1687736364,674808
1687736364,691698
1687736364,692903
1687736364,696669
1687736365,346841
1687736365,360390
1687736365,364294
1687736365,368208
1687736365,368428
1687736365,372015
1687736365,372823
1687736365,377399
1687736365,379973
1687736365,389218
1687736365,392810
1687736365,398139
1687736365,417885
1687736365,425371
1687736365,445866
1687736365,449085
1687736365,465318
1687736365,489566
1687736365,490731
1687736365,493319
1687736365,516734
1687736365,529848
1687736365,552143
1687736365,553828
1687736365,581887
1687736365,593631
1687736365,595046
1687736365,596346
1687736365,615760
1687736365,620040
1687736365,621986
1687736365,629240
1687736365,631876
1687736365,640293
1687736365,647606
1687736365,654142
1687736365,655632
1687736365,668310
1687736365,672765
1687736365,675226
1687736365,683535
1687736365,683703
1687736365,687363
1687736365,695347
1687736366,360748
1687736366,362499
1687736366,366403
1687736366,372022
1687736366,373449
1687736366,377394
1687736366,380448
1687736366,381622
1687736366,388598
1687736366,392149
1687736366,396382
1687736366,397404
1687736366,401952
1687736366,411815
1687736366,416526
1687736366,420474
1687736366,425766
1687736366,444876
1687736366,451036
1687736366,457473
1687736366,480624
1687736366,483140
1687736366,488297
1687736366,502661
1687736366,506492
1687736366,524753
1687736366,530324
1687736366,547348
1687736366,564101
1687736366,570333
1687736366,570522
1687736366,589021
1687736366,590499
1687736366,594902
1687736366,595504
1687736366,610993
1687736366,617496
1687736366,618781
1687736366,624184
1687736366,625548
1687736366,625770
1687736366,648907
1687736366,649871
1687736366,651591
1687736366,651868
1687736366,661131
1687736366,665983
1687736366,673292
1687736366,673870
1687736366,678559
1687736366,682826
1687736366,685814
1687736366,691284
1687736367,350367
1687736367,354667
1687736367,365851
1687736367,367924
1687736367,368877
1687736367,376362
1687736367,376428
1687736367,376959
1687736367,389137
1687736367,397408
1687736367,410289
1687736367,413155
1687736367,415447
1687736367,420890
1687736367,433115
1687736367,437444
1687736367,440451
1687736367,443065
1687736367,458414
1687736367,459145
1687736367,464366
1687736367,472055
1687736367,476519
1687736367,492122
1687736367,513099
1687736367,513737
1687736367,519759
1687736367,520026
1687736367,526527
1687736367,546421
1687736367,548625
1687736367,553354
1687736367,553405
1687736367,582338
1687736367,582774
1687736367,597948
1687736367,618859
1687736367,623425
1687736367,634282
1687736367,644196
1687736367,645903
1687736367,646584
1687736367,651636
1687736367,663312
1687736367,667066
1687736367,679211
1687736367,680878
1687736367,684334
1687736367,687966
1687736367,691933
1687736367,694689
1687736367,702883
1687736368,355099
1687736368,358262
1687736368,359437
1687736368,360485
1687736368,367670
1687736368,369114
1687736368,369572
1687736368,370982
1687736368,376863
1687736368,385447
1687736368,386124
1687736368,388810
1687736368,397050
1687736368,407502
1687736368,414871
1687736368,425677
1687736368,430172
1687736368,437524
1687736368,447440
1687736368,465346
1687736368,466656
1687736368,473222
1687736368,482021
1687736368,499905
1687736368,508098
1687736368,524593
1687736368,535229
1687736368,540247
1687736368,541240
1687736368,545520
1687736368,545849
1687736368,566119
1687736368,572600
1687736368,591122
1687736368,603013
1687736368,612849
1687736368,630472
1687736368,633732
1687736368,634896
1687736368,640828
1687736368,644754
1687736368,668527
1687736368,672386
1687736368,672506
1687736368,674268
1687736368,683319
1687736368,686494
1687736368,690811
1687736369,351549
1687736369,353002
1687736369,363151
1687736369,370288
1687736369,370598
1687736369,372204
1687736369,372800
1687736369,382304
1687736369,390713
1687736369,401194
1687736369,403433
1687736369,403690
1687736369,410713
1687736369,415455
1687736369,432943
1687736369,433405
1687736369,437400
1687736369,469496
1687736369,501029
1687736369,501083
1687736369,501924
1687736369,503537
1687736369,519836
1687736369,526560
1687736369,538866
1687736369,544406
1687736369,571466
1687736369,574369
1687736369,574418
1687736369,576075
1687736369,603296
1687736369,606356
1687736369,606973
1687736369,619968
1687736369,627759
1687736369,635927
1687736369,639369
1687736369,656088
1687736369,659984
1687736369,661166
1687736369,662660
1687736369,669261
1687736369,675472
1687736369,678769
1687736369,679200
1687736369,680509
1687736369,688081
1687736369,692842
1687736370,359795
1687736370,362199
1687736370,367710
1687736370,368498
1687736370,372394
1687736370,372999
1687736370,375412
1687736370,381990
1687736370,382299
1687736370,385679
1687736370,387892
1687736370,390340
1687736370,397829
1687736370,410851
1687736370,411130
1687736370,414299
1687736370,431606
1687736370,434804
1687736370,456497
1687736370,459320
1687736370,459892
1687736370,464740
1687736370,468682
1687736370,474263
1687736370,500344
1687736370,509746
1687736370,530678
1687736370,531222
1687736370,547080
1687736370,556757
1687736370,564738
1687736370,564821
1687736370,567440
1687736370,582951
1687736370,598584
1687736370,598753
1687736370,612868
1687736370,614364
1687736370,630261
1687736370,631599
1687736370,638026
1687736370,648683
1687736370,654012
1687736370,659551
1687736370,661755
1687736370,671431
1687736370,679544
1687736370,682528
1687736370,683892
1687736370,685995
1687736370,690278
1687736371,360740
1687736371,361118
1687736371,362262
1687736371,365766
1687736371,368581
1687736371,376993
1687736371,378642
1687736371,380657
1687736371,394230
1687736371,404718
1687736371,410178
1687736371,421493
1687736371,424786
1687736371,436802
1687736371,442844
1687736371,453595
1687736371,473182
1687736371,478121
1687736371,494772
1687736371,495846
1687736371,516683
1687736371,519772
1687736371,528150
1687736371,547691
1687736371,557565
1687736371,583011
1687736371,591151
1687736371,597122
1687736371,608418
1687736371,617592
1687736371,627930
1687736371,629822
1687736371,641158
1687736371,657251
1687736371,663206
1687736371,674638
1687736371,679199
1687736371,679726
1687736371,683663
1687736371,686475
1687736371,686823
1687736371,691501
1687736371,693989
1687736372,359724
1687736372,364749
1687736372,366351
1687736372,366414
1687736372,366641
1687736372,367278
1687736372,374306
1687736372,375436
1687736372,379808
1687736372,392149
1687736372,393107
1687736372,397798
1687736372,400428
1687736372,416033
1687736372,421652
1687736372,427100
1687736372,451468
1687736372,453231
1687736372,454821
1687736372,479328
1687736372,485446
1687736372,488546
1687736372,490103
1687736372,493810
1687736372,501490
1687736372,521785
1687736372,526527
1687736372,539682
1687736372,555588
1687736372,559736
1687736372,563249
1687736372,585470
1687736372,592550
1687736372,614005
1687736372,622101
1687736372,622226
1687736372,622321
1687736372,633656
1687736372,634561
1687736372,642167
1687736372,645903
1687736372,649970
1687736372,666181
1687736372,666986
1687736372,672229
1687736372,677906
1687736372,681389
1687736372,689157
1687736372,690299
1687736372,691589
1687736372,696919
1687736373,357056
1687736373,363182
1687736373,368529
1687736373,371404
1687736373,371441
1687736373,373209
1687736373,374953
1687736373,375811
1687736373,376420
1687736373,387886
1687736373,393291
1687736373,393636
1687736373,394072
1687736373,415545
1687736373,419586
1687736373,422803
1687736373,436381
1687736373,440949
1687736373,445218
1687736373,445859
1687736373,461631
1687736373,479107
1687736373,480009
1687736373,491541
1687736373,518396
1687736373,520401
1687736373,523450
1687736373,531150
1687736373,534993
1687736373,549549
1687736373,560936
1687736373,586264
1687736373,599425
1687736373,613231
1687736373,616884
1687736373,620203
1687736373,624762
1687736373,645274
1687736373,646257
1687736373,651246
1687736373,662054
1687736373,671277
1687736373,673214
1687736373,674695
1687736373,682787
1687736373,682884
1687736373,684025
1687736373,690066
1687736373,696524
1687736374,360402
1687736374,363667
1687736374,367295
1687736374,368348
1687736374,369145
1687736374,370116
1687736374,371058
1687736374,378576
1687736374,381161
1687736374,397751
1687736374,401510
1687736374,407583
1687736374,411049
1687736374,416494
1687736374,426718
1687736374,441519
1687736374,455138
1687736374,469565
1687736374,483183
1687736374,497808
1687736374,503346
1687736374,513713
1687736374,515612
1687736374,549007
1687736374,554229
1687736374,557011
1687736374,558878
1687736374,567272
1687736374,576020
1687736374,593874
1687736374,594657
1687736374,603211
1687736374,606870
1687736374,616112
1687736374,638466
1687736374,645228
1687736374,652745
1687736374,657591
1687736374,657955
1687736374,665690
1687736374,667579
1687736374,675755
1687736374,676139
1687736374,677729
1687736374,678155
1687736374,680720
1687736374,685909
1687736374,687692
1687736374,693825
1687736374,695784
1687736374,697525
1687736375,353697
1687736375,363490
1687736375,374365
1687736375,374762
1687736375,377248
1687736375,379225
1687736375,379937
1687736375,385137
1687736375,385703
1687736375,389114
1687736375,402266
1687736375,404947
1687736375,405137
1687736375,412247
1687736375,412712
1687736375,420419
1687736375,428982
1687736375,435977
1687736375,441714
1687736375,443457
1687736375,459002
1687736375,466260
1687736375,468701
1687736375,470436
1687736375,487487
1687736375,490735
1687736375,502095
1687736375,507677
1687736375,521289
1687736375,529047
1687736375,532279
1687736375,543940
1687736375,544485
1687736375,573288
1687736375,574693
1687736375,575345
1687736375,594857
1687736375,608772
1687736375,609486
1687736375,610168
1687736375,628734
1687736375,638125
1687736375,639286
1687736375,650743
1687736375,655286
1687736375,655395
1687736375,665720
1687736375,665843
1687736375,668694
1687736375,674367
1687736375,677614
1687736375,684000
1687736375,686942
1687736375,694174
1687736376,360417
1687736376,365281
1687736376,366845
1687736376,367133
1687736376,367332
1687736376,368877
1687736376,371749
1687736376,380822
1687736376,381842
1687736376,382777
1687736376,385428
1687736376,404619
1687736376,406047
1687736376,427351
1687736376,428339
1687736376,430294
1687736376,438919
1687736376,445794
1687736376,467648
1687736376,468757
1687736376,474324
1687736376,481945
1687736376,505835
1687736376,511505
1687736376,530247
1687736376,535572
1687736376,540171
1687736376,540731
1687736376,549131
1687736376,568624
1687736376,568858
1687736376,570598
1687736376,573908
1687736376,580394
1687736376,581277
1687736376,594289
1687736376,595299
1687736376,599172
1687736376,599221
1687736376,613011
1687736376,632716
1687736376,637206
1687736376,650456
1687736376,663915
1687736376,664503
1687736376,664854
1687736376,668529
1687736376,677033
1687736376,677364
1687736376,683886
1687736376,685291
1687736376,691563
1687736377,357523
1687736377,359317
1687736377,368961
1687736377,369270
1687736377,372006
1687736377,372406
1687736377,373982
1687736377,380098
1687736377,386933
1687736377,390982
1687736377,392824
1687736377,399981
1687736377,407414
1687736377,414600
1687736377,431599
1687736377,441749
1687736377,461563
1687736377,468900
1687736377,481395
1687736377,496582
1687736377,502026
1687736377,508780
1687736377,514852
1687736377,531708
1687736377,535270
1687736377,549436
1687736377,557932
1687736377,569729
1687736377,590541
1687736377,611655
1687736377,616264
1687736377,630696
1687736377,635459
1687736377,639722
1687736377,654584
1687736377,654696
1687736377,655041
1687736377,656677
1687736377,662888
1687736377,676617
1687736377,677896
1687736377,679641
1687736377,684166
1687736377,688045
1687736377,688559
1687736377,701875
1687736378,360181
1687736378,362669
1687736378,368386
1687736378,369380
1687736378,370617
1687736378,371713
1687736378,372186
1687736378,372340
1687736378,375896
1687736378,376416
1687736378,377238
1687736378,391359
1687736378,394670
1687736378,395534
1687736378,399123
1687736378,407236
1687736378,419705
1687736378,429751
1687736378,448147
1687736378,450455
1687736378,451793
1687736378,460542
1687736378,481724
1687736378,485330
1687736378,495413
1687736378,504904
1687736378,507297
1687736378,522749
1687736378,526843
1687736378,531043
1687736378,551557
1687736378,556548
1687736378,566955
1687736378,586023
1687736378,592713
1687736378,604085
1687736378,604795
1687736378,612307
1687736378,618420
1687736378,622137
1687736378,636072
1687736378,645248
1687736378,655312
1687736378,660448
1687736378,669811
1687736378,673514
1687736378,679169
1687736378,683936
1687736378,684142
1687736378,685020
1687736378,686530
1687736378,688051
1687736378,689139
1687736378,691306
1687736379,356325
1687736379,363267
1687736379,364683
1687736379,367389
1687736379,370148
1687736379,370226
1687736379,371293
1687736379,378129
1687736379,383173
1687736379,384373
1687736379,391498
1687736379,392996
1687736379,395898
1687736379,396145
1687736379,416757
1687736379,424323
1687736379,436399
1687736379,442730
1687736379,442878
1687736379,451448
1687736379,456964
1687736379,477129
1687736379,481270
1687736379,486745
1687736379,489505
1687736379,492517
1687736379,521709
1687736379,521788
1687736379,544135
1687736379,556439
1687736379,563868
1687736379,582099
1687736379,584759
1687736379,586204
1687736379,590037
1687736379,593208
1687736379,596761
1687736379,616421
1687736379,621111
1687736379,623306
1687736379,627397
1687736379,638858
1687736379,646246
1687736379,648681
1687736379,653656
1687736379,665478
1687736379,666899
1687736379,668079
1687736379,672509
1687736379,674786
1687736379,686482
1687736379,687246
1687736379,693299
1687736379,695791
1687736379,696567
1687736380,355346
1687736380,358467
1687736380,371986
1687736380,375490
1687736380,375836
1687736380,378225
1687736380,382008
1687736380,386217
1687736380,391660
1687736380,404716
1687736380,413173
1687736380,416813
1687736380,428240
1687736380,429121
1687736380,431356
1687736380,446987
1687736380,455451
1687736380,457694
1687736380,460669
1687736380,474490
1687736380,481973
1687736380,496847
1687736380,498625
1687736380,517652
1687736380,529774
1687736380,531250
1687736380,543126
1687736380,547556
1687736380,550828
1687736380,555447
1687736380,562191
1687736380,577894
1687736380,589042
1687736380,603686
1687736380,614917
1687736380,629130
1687736380,637854
1687736380,641291
1687736380,644475
1687736380,647238
1687736380,648180
1687736380,667584
1687736380,673403
1687736380,678158
1687736380,686041
1687736380,686910
1687736380,687888
1687736381,347151
1687736381,365969
1687736381,366373
1687736381,366419
1687736381,367302
1687736381,370656
1687736381,371613
1687736381,390724
1687736381,393123
1687736381,397341
1687736381,398748
1687736381,404514
1687736381,407454
1687736381,411313
1687736381,424067
1687736381,432292
1687736381,442098
1687736381,443448
1687736381,444665
1687736381,464130
1687736381,476188
1687736381,497332
1687736381,504279
1687736381,511029
1687736381,519319
1687736381,540559
1687736381,540651
1687736381,552198
1687736381,558519
1687736381,567639
1687736381,582581
1687736381,602231
1687736381,608301
1687736381,616334
1687736381,618072
1687736381,626441
1687736381,631954
1687736381,638516
1687736381,651331
1687736381,656061
1687736381,656693
1687736381,666127
1687736381,667058
1687736381,670744
1687736381,673098
1687736381,675680
1687736381,678086
1687736381,682640
1687736381,687181
1687736381,688973
1687736381,689260
1687736382,357430
1687736382,361243
1687736382,367124
1687736382,368706
1687736382,371197
1687736382,374238
1687736382,377546
1687736382,377711
1687736382,383184
1687736382,389643
1687736382,392729
1687736382,405579
1687736382,408898
1687736382,409353
1687736382,436493
1687736382,437854
1687736382,457784
1687736382,472973
1687736382,474892
1687736382,479380
1687736382,499736
1687736382,500321
1687736382,506291
1687736382,519154
1687736382,534805
1687736382,534924
1687736382,541729
1687736382,543565
1687736382,552034
1687736382,563045
1687736382,570113
1687736382,571424
1687736382,579893
1687736382,582753
1687736382,593503
1687736382,602448
1687736382,606970
1687736382,612176
1687736382,636347
1687736382,636379
1687736382,637727
1687736382,649922
1687736382,655153
1687736382,657210
1687736382,662509
1687736382,663762
1687736382,666626
1687736382,671423
1687736382,681650
1687736382,682503
1687736382,684192
1687736382,696309
1687736383,348062
1687736383,361123
1687736383,361458
1687736383,367322
1687736383,367704
1687736383,369928
1687736383,375396
1687736383,376455
1687736383,377568
1687736383,381737
1687736383,386972
1687736383,387321
1687736383,395697
1687736383,408658
1687736383,408762
1687736383,411409
1687736383,423936
1687736383,426404
1687736383,431261
1687736383,439661
1687736383,463321
1687736383,464502
1687736383,467738
1687736383,472740
1687736383,482014
1687736383,492239
1687736383,497791
1687736383,499289
1687736383,515773
1687736383,528119
1687736383,535416
1687736383,545996
1687736383,567291
1687736383,574612
1687736383,579921
1687736383,600782
1687736383,604160
1687736383,605873
1687736383,613355
1687736383,627319
1687736383,627951
1687736383,633121
1687736383,644499
1687736383,658334
1687736383,659039
1687736383,659946
1687736383,676684
1687736383,679033
1687736383,683934
1687736383,683997
1687736383,685112
1687736383,685786
1687736383,686328
1687736383,687671
1687736383,692470
1687736384,360894
1687736384,364419
1687736384,366128
1687736384,370110
1687736384,371528
1687736384,377614
1687736384,387476
1687736384,391332
1687736384,391654
1687736384,391725
1687736384,402711
1687736384,408300
1687736384,415522
1687736384,420635
1687736384,422075
1687736384,434041
1687736384,447220
1687736384,447847
1687736384,454054
1687736384,474919
1687736384,493143
1687736384,498955
1687736384,510731
1687736384,516081
1687736384,523300
1687736384,536527
1687736384,543831
1687736384,553284
1687736384,557932
1687736384,565052
1687736384,587829
1687736384,593965
1687736384,596474
1687736384,598670
1687736384,612301
1687736384,627529
1687736384,633555
1687736384,641240
1687736384,644584
1687736384,657080
1687736384,663570
1687736384,668330
1687736384,670200
1687736384,674193
1687736384,674687
1687736384,691490
1687736385,346583
1687736385,360387
1687736385,363835
1687736385,364326
1687736385,368099
1687736385,369523
1687736385,371509
1687736385,372483
1687736385,376655
1687736385,380476
1687736385,390286
1687736385,391253
1687736385,419589
1687736385,424010
1687736385,443713
1687736385,446986
1687736385,467540
1687736385,487629
1687736385,488715
1687736385,490723
1687736385,491246
1687736385,515524
1687736385,518858
1687736385,526798
1687736385,527665
1687736385,551656
1687736385,554322
1687736385,583949
1687736385,591601
1687736385,594341
1687736385,596694
1687736385,617386
1687736385,620000
1687736385,621722
1687736385,627199
1687736385,641678
1687736385,646455
1687736385,650222
1687736385,668278
1687736385,669757
1687736385,671782
1687736385,673038
1687736385,676094
1687736385,683063
1687736385,683736
1687736385,687367
1687736385,692524
1687736385,696113
1687736386,360190
1687736386,363119
1687736386,366629
1687736386,368737
1687736386,372434
1687736386,372754
1687736386,376546
1687736386,377428
1687736386,381257
1687736386,382186
1687736386,390795
1687736386,394885
1687736386,402994
1687736386,413359
1687736386,414751
1687736386,417119
1687736386,418410
1687736386,427079
1687736386,442710
1687736386,453104
1687736386,459415
1687736386,474481
1687736386,478412
1687736386,485208
1687736386,490404
1687736386,508804
1687736386,522371
1687736386,528428
1687736386,545199
1687736386,572235
1687736386,572860
1687736386,588451
1687736386,590737
1687736386,596767
1687736386,612732
1687736386,615938
1687736386,616840
1687736386,623554
1687736386,625856
1687736386,649743
1687736386,649927
1687736386,651363
1687736386,662402
1687736386,666839
1687736386,672551
1687736386,682513
1687736386,686490
1687736386,691363
1687736387,349969
1687736387,355442
1687736387,368264
1687736387,369586
1687736387,375559
1687736387,376887
1687736387,387847
1687736387,399013
1687736387,411154
1687736387,414000
1687736387,422837
1687736387,435219
1687736387,438618
1687736387,439454
1687736387,440853
1687736387,461264
1687736387,466408
1687736387,470043
1687736387,474114
1687736387,494282
1687736387,511007
1687736387,511618
1687736387,518065
1687736387,528734
1687736387,546613
1687736387,548473
1687736387,551443
1687736387,555663
1687736387,580117
1687736387,580611
1687736387,599676
1687736387,616975
1687736387,621554
1687736387,624808
1687736387,642523
1687736387,644581
1687736387,648009
1687736387,653181
1687736387,662172
1687736387,666291
1687736387,679934
1687736387,680246
1687736387,684686
1687736387,688976
1687736387,691631
1687736387,702585
1687736388,355580
1687736388,357183
1687736388,359858
1687736388,360304
1687736388,367877
1687736388,368139
1687736388,368790
1687736388,371585
1687736388,376768
1687736388,384406
1687736388,385256
1687736388,389901
1687736388,398045
1687736388,408753
1687736388,409149
1687736388,413470
1687736388,431502
1687736388,439672
1687736388,445217
1687736388,467244
1687736388,467382
1687736388,471235
1687736388,483840
1687736388,502015
1687736388,505949
1687736388,533121
1687736388,536707
1687736388,537174
1687736388,539291
1687736388,543628
1687736388,568178
1687736388,570480
1687736388,593100
1687736388,604642
1687736388,610806
1687736388,629499
1687736388,632131
1687736388,636515
1687736388,638959
1687736388,646114
1687736388,666960
1687736388,667899
1687736388,671021
1687736388,672468
1687736388,673994
1687736388,675359
1687736388,682426
1687736388,686406
1687736388,691244
1687736389,351752
1687736389,352812
1687736389,371250
1687736389,371676
1687736389,373074
1687736389,389622
1687736389,399676
1687736389,402234
1687736389,404899
1687736389,417430
1687736389,430773
1687736389,435359
1687736389,435526
1687736389,468773
1687736389,498637
1687736389,505558
1687736389,522145
1687736389,528640
1687736389,542481
1687736389,546536
1687736389,572230
1687736389,574183
1687736389,576542
1687736389,601249
1687736389,605077
1687736389,608145
1687736389,637423
1687736389,637627
1687736389,657410
1687736389,659959
1687736389,661193
1687736389,661366
1687736389,676832
1687736389,677784
1687736389,679906
1687736389,680439
1687736389,688345
1687736389,693455
1687736390,359528
1687736390,360738
1687736390,362585
1687736390,367831
1687736390,368008
1687736390,372282
1687736390,372382
1687736390,372670
1687736390,376398
1687736390,379700
1687736390,380736
1687736390,381146
1687736390,386798
1687736390,388783
1687736390,391241
1687736390,396302
1687736390,396581
1687736390,412648
1687736390,412861
1687736390,416293
1687736390,429804
1687736390,433106
1687736390,445470
1687736390,449159
1687736390,454284
1687736390,457874
1687736390,462648
1687736390,466602
1687736390,476109
1687736390,498060
1687736390,503723
1687736390,511900
1687736390,528906
1687736390,549497
1687736390,554912
1687736390,562822
1687736390,565311
1687736390,567003
1687736390,585023
1687736390,596586
1687736390,596659
1687736390,614299
1687736390,616090
1687736390,629786
1687736390,631598
1687736390,639626
1687736390,647345
1687736390,655359
1687736390,658152
1687736390,663421
1687736390,671523
1687736390,678301
1687736390,680524
1687736390,681600
1687736390,683525
1687736390,684682
1687736390,689711
1687736390,693635
1687736390,695240
1687736391,350213
1687736391,360250
1687736391,361586
1687736391,365124
1687736391,368776
1687736391,370837
1687736391,377361
1687736391,377547
1687736391,380778
1687736391,393316
1687736391,395281
1687736391,403355
1687736391,411959
1687736391,419407
1687736391,423252
1687736391,438697
1687736391,444853
1687736391,451695
1687736391,480285
1687736391,492427
1687736391,493714
1687736391,497128
1687736391,518754
1687736391,518981
1687736391,521873
1687736391,523892
1687736391,524553
1687736391,526168
1687736391,528716
1687736391,550021
1687736391,555449
1687736391,585058
1687736391,589032
1687736391,595338
1687736391,599279
1687736391,619175
1687736391,620343
1687736391,625737
1687736391,627881
1687736391,642645
1687736391,655639
1687736391,664628
1687736391,664783
1687736391,674005
1687736391,680802
1687736391,684775
1687736391,685774
1687736391,686680
1687736391,691686
1687736391,693091
1687736392,360093
1687736392,365819
1687736392,366169
1687736392,366511
1687736392,367178
1687736392,367258
1687736392,373536
1687736392,376242
1687736392,380505
1687736392,384862
1687736392,393597
1687736392,394725
1687736392,396142
1687736392,398975
1687736392,414284
1687736392,423445
1687736392,424382
1687736392,429206
1687736392,452852
1687736392,453578
1687736392,479709
1687736392,481377
1687736392,487497
1687736392,488081
1687736392,495928
1687736392,541939
1687736392,548545
1687736392,557788
1687736392,560905
1687736392,577987
1687736392,583429
1687736392,594536
1687736392,615519
1687736392,620164
1687736392,623319
1687736392,623684
1687736392,636092
1687736392,643468
1687736392,644295
1687736392,648410
1687736392,654315
1687736392,658716
1687736392,667326
1687736392,671315
1687736392,678857
1687736392,681491
1687736392,688845
1687736392,691064
1687736392,695518
1687736393,347928
1687736393,357514
1687736393,363098
1687736393,368366
1687736393,370562
1687736393,372172
1687736393,373825
1687736393,376081
1687736393,376682
1687736393,388486
1687736393,392052
1687736393,392656
1687736393,395155
1687736393,417305
1687736393,418017
1687736393,438886
1687736393,443179
1687736393,455357
1687736393,463606
1687736393,476918
1687736393,478102
1687736393,493651
1687736393,518432
1687736393,520501
1687736393,521616
1687736393,533290
1687736393,537203
1687736393,547448
1687736393,563165
1687736393,575901
1687736393,588366
1687736393,601134
1687736393,614986
1687736393,615073
1687736393,618262
1687736393,626200
1687736393,644379
1687736393,646761
1687736393,649580
1687736393,663348
1687736393,672091
1687736393,672618
1687736393,673439
1687736393,681935
1687736393,683732
1687736393,684541
1687736393,689249
1687736393,696384
1687736394,359938
1687736394,363689
1687736394,367218
1687736394,369017
1687736394,369389
1687736394,369771
1687736394,371505
1687736394,379228
1687736394,381820
1687736394,396365
1687736394,402581
1687736394,405867
1687736394,409387
1687736394,428780
1687736394,439420
1687736394,456952
1687736394,468400
1687736394,471664
1687736394,480769
1687736394,499835
1687736394,501219
1687736394,503843
1687736394,513607
1687736394,515880
1687736394,547155
1687736394,560903
1687736394,569475
1687736394,572322
1687736394,573869
1687736394,592900
1687736394,595443
1687736394,601949
1687736394,604874
1687736394,604933
1687736394,617706
1687736394,643334
1687736394,650797
1687736394,653963
1687736394,656625
1687736394,656838
1687736394,666224
1687736394,666874
1687736394,669638
1687736394,676625
1687736394,678524
1687736394,678619
1687736394,680186
1687736394,686369
1687736394,695594
1687736395,351198
1687736395,353879
1687736395,363158
1687736395,363214
1687736395,363956
1687736395,373647
1687736395,378228
1687736395,379796
1687736395,383651
1687736395,384595
1687736395,385911
1687736395,390751
1687736395,404243
1687736395,406561
1687736395,406692
1687736395,410500
1687736395,431060
1687736395,437910
1687736395,439770
1687736395,447554
1687736395,466539
1687736395,467988
1687736395,489680
1687736395,492803
1687736395,499849
1687736395,509948
1687736395,534404
1687736395,541866
1687736395,542615
1687736395,553066
1687736395,566424
1687736395,571340
1687736395,572528
1687736395,573653
1687736395,577556
1687736395,596556
1687736395,608072
1687736395,610432
1687736395,610967
1687736395,630141
1687736395,636362
1687736395,637844
1687736395,651874
1687736395,664341
1687736395,667402
1687736395,672613
1687736395,677038
1687736395,683369
1687736395,686741
1687736395,687101
1687736395,689634
1687736395,694531
1687736395,697175
1687736396,361176
1687736396,365533
1687736396,366223
1687736396,366609
1687736396,367233
1687736396,369332
1687736396,371816
1687736396,372304
1687736396,380625
1687736396,381344
1687736396,383234
1687736396,386370
1687736396,407638
1687736396,411459
1687736396,425807
1687736396,426617
1687736396,432259
1687736396,436925
1687736396,448044
1687736396,465434
1687736396,466269
1687736396,476363
1687736396,479930
1687736396,499105
1687736396,507887
1687736396,509181
1687736396,528387
1687736396,537744
1687736396,538139
1687736396,542917
1687736396,551462
1687736396,566746
1687736396,566828
1687736396,575904
1687736396,579216
1687736396,582353
1687736396,582523
1687736396,593435
1687736396,596164
1687736396,597201
1687736396,597387
1687736396,611094
1687736396,624848
1687736396,630530
1687736396,634750
1687736396,635798
1687736396,636808
1687736396,638847
1687736396,651754
1687736396,656147
1687736396,662268
1687736396,665658
1687736396,665876
1687736396,667733
1687736396,672480
1687736396,674472
1687736396,678172
1687736396,678222
1687736396,685096
1687736396,692079
1687736397,356884
1687736397,368588
1687736397,372124
1687736397,372757
1687736397,373257
1687736397,374330
1687736397,378880
1687736397,381814
1687736397,389655
1687736397,390734
1687736397,401442
1687736397,406064
1687736397,416344
1687736397,422222
1687736397,429992
1687736397,443876
1687736397,446609
1687736397,459422
1687736397,461340
1687736397,470818
1687736397,483435
1687736397,494374
1687736397,494590
1687736397,504151
1687736397,510706
1687736397,517013
1687736397,529562
1687736397,551698
1687736397,555694
1687736397,567617
1687736397,572667
1687736397,591510
1687736397,592373
1687736397,613303
1687736397,617922
1687736397,628808
1687736397,636909
1687736397,641037
1687736397,653444
1687736397,655275
1687736397,655925
1687736397,664144
1687736397,675520
1687736397,677221
1687736397,680549
1687736397,684695
1687736397,688317
1687736397,701997
1687736398,360218
1687736398,361269
1687736398,363263
1687736398,364148
1687736398,368710
1687736398,368870
1687736398,369930
1687736398,370612
1687736398,372683
1687736398,374837
1687736398,376183
1687736398,377171
1687736398,393422
1687736398,396583
1687736398,407282
1687736398,408891
1687736398,421576
1687736398,427971
1687736398,446105
1687736398,449552
1687736398,452455
1687736398,462543
1687736398,483800
1687736398,487395
1687736398,493317
1687736398,502806
1687736398,509445
1687736398,524702
1687736398,528986
1687736398,549519
1687736398,558892
1687736398,568912
1687736398,588103
1687736398,590881
1687736398,602774
1687736398,605596
1687736398,614249
1687736398,616811
1687736398,620136
1687736398,634388
1687736398,646653
1687736398,653592
1687736398,661776
1687736398,671021
1687736398,673375
1687736398,677976
1687736398,683393
1687736398,684426
1687736398,684953
1687736398,686599
1687736398,687349
1687736398,691207
1687736399,365319
1687736399,369064
1687736399,370047
1687736399,370269
1687736399,371655
1687736399,377181
1687736399,384291
1687736399,385019
1687736399,390147
1687736399,392020
1687736399,394431
1687736399,397405
1687736399,415349
1687736399,418757
1687736399,422644
1687736399,438399
1687736399,444826
1687736399,449604
1687736399,459184
1687736399,478941
1687736399,479289
1687736399,484566
1687736399,490334
1687736399,491654
1687736399,513587
1687736399,519713
1687736399,520151
1687736399,523978
1687736399,531950
1687736399,546218
1687736399,554428
1687736399,566096
1687736399,579994
1687736399,588078
1687736399,591243
1687736399,591929
1687736399,614565
1687736399,622552
1687736399,624947
1687736399,628788
1687736399,640494
1687736399,647269
1687736399,647616
1687736399,652053
1687736399,664414
1687736399,665852
1687736399,669400
1687736399,675701
1687736399,686462
1687736399,686530
1687736399,694738
1687736399,695536
1687736399,695873
1687736399,696688
1687736400,347304
1687736400,355681
1687736400,358896
1687736400,366588
1687736400,371317
1687736400,376325
1687736400,376626
1687736400,377451
1687736400,383266
1687736400,386979
1687736400,393028
1687736400,405579
1687736400,411516
1687736400,414859
1687736400,414899
1687736400,426973
1687736400,430302
1687736400,433400
1687736400,445063
1687736400,455594
1687736400,457681
1687736400,462906
1687736400,472213
1687736400,484157
1687736400,497999
1687736400,499303
1687736400,500541
1687736400,515541
1687736400,529038
1687736400,541833
1687736400,545051
1687736400,545790
1687736400,553267
1687736400,564268
1687736400,575705
1687736400,591120
1687736400,605487
1687736400,609999
1687736400,613360
1687736400,627097
1687736400,628946
1687736400,639508
1687736400,639667
1687736400,642639
1687736400,646251
1687736400,648462
1687736400,667836
1687736400,672346
1687736400,677366
1687736400,686619
1687736400,686717
1687736400,687290
1687736401,365539
1687736401,366444
1687736401,366907
1687736401,367284
1687736401,370447
1687736401,370665
1687736401,389515
1687736401,392016
1687736401,398511
1687736401,399788
1687736401,403140
1687736401,409144
1687736401,413445
1687736401,425670
1687736401,434397
1687736401,440155
1687736401,441784
1687736401,466239
1687736401,472263
1687736401,473862
1687736401,502312
1687736401,508688
1687736401,521415
1687736401,538629
1687736401,542766
1687736401,550065
1687736401,560611
1687736401,569769
1687736401,574448
1687736401,580476
1687736401,603824
1687736401,606335
1687736401,614687
1687736401,619771
1687736401,627777
1687736401,633407
1687736401,636630
1687736401,652768
1687736401,662623
1687736401,665586
1687736401,667123
1687736401,671817
1687736401,672240
1687736401,677091
1687736401,677154
1687736401,682948
1687736401,687947
1687736401,688679
1687736401,689677
1687736402,357117
1687736402,360990
1687736402,366626
1687736402,368280
1687736402,368970
1687736402,371483
1687736402,375098
1687736402,376396
1687736402,377916
1687736402,380649
1687736402,384108
1687736402,391449
1687736402,404235
1687736402,410668
1687736402,435990
1687736402,438462
1687736402,459751
1687736402,471083
1687736402,477129
1687736402,477492
1687736402,497539
1687736402,508283
1687736402,521462
1687736402,526054
1687736402,537018
1687736402,544031
1687736402,550021
1687736402,565118
1687736402,568265
1687736402,569356
1687736402,582068
1687736402,600326
1687736402,608764
1687736402,613720
1687736402,634439
1687736402,635999
1687736402,651039
1687736402,653315
1687736402,655948
1687736402,658006
1687736402,661433
1687736402,666726
1687736402,682516
1687736402,682719
1687736402,683570
1687736403,348108
1687736403,360812
1687736403,360916
1687736403,367413
1687736403,369499
1687736403,374162
1687736403,375558
1687736403,378062
1687736403,387754
1687736403,389360
1687736403,394238
1687736403,407129
1687736403,409885
1687736403,413328
1687736403,424538
1687736403,441542
1687736403,461149
1687736403,462401
1687736403,465564
1687736403,474793
1687736403,494397
1687736403,496717
1687736403,500077
1687736403,517986
1687736403,533131
1687736403,541304
1687736403,548207
1687736403,572506
1687736403,581919
1687736403,598871
1687736403,603960
1687736403,605759
1687736403,614848
1687736403,637876
1687736403,657497
1687736403,659559
1687736403,661324
1687736403,675748
1687736403,679945
1687736403,683343
1687736403,683854
1687736403,684532
1687736403,685059
1687736403,685330
1687736403,687513
1687736403,692848
1687736404,361197
1687736404,364964
1687736404,365493
1687736404,370996
1687736404,372095
1687736404,378179
1687736404,388574
1687736404,392464
1687736404,393011
1687736404,393187
1687736404,401060
1687736404,417070
1687736404,418872
1687736404,420305
1687736404,435802
1687736404,449394
1687736404,450035
1687736404,452189
1687736404,476692
1687736404,483988
1687736404,491006
1687736404,496370
1687736404,512935
1687736404,518366
1687736404,521329
1687736404,538879
1687736404,555614
1687736404,562950
1687736404,589585
1687736404,594600
1687736404,595590
1687736404,596661
1687736404,613881
1687736404,619041
1687736404,625153
1687736404,625421
1687736404,626191
1687736404,635199
1687736404,642822
1687736404,645883
1687736404,655603
1687736404,664275
1687736404,667696
1687736404,671459
1687736404,673558
1687736404,675573
1687736404,682381
1687736404,691238
1687736404,692000
1687736405,346357
1687736405,360414
1687736405,363169
1687736405,364412
1687736405,367799
1687736405,370224
1687736405,370859
1687736405,372949
1687736405,375913
1687736405,381023
1687736405,389728
1687736405,391421
1687736405,395055
1687736405,402933
1687736405,403173
1687736405,421286
1687736405,422649
1687736405,441577
1687736405,444891
1687736405,469743
1687736405,485662
1687736405,486668
1687736405,489199
1687736405,492873
1687736405,516659
1687736405,520966
1687736405,524959
1687736405,525469
1687736405,549482
1687736405,556497
1687736405,585980
1687736405,589563
1687736405,592340
1687736405,598282
1687736405,618019
1687736405,623421
1687736405,643062
1687736405,645282
1687736405,669584
1687736405,670803
1687736405,671164
1687736405,676954
1687736405,683921
1687736405,687344
1687736405,695271
1687736405,695653
1687736406,359663
1687736406,360811
1687736406,363737
1687736406,366930
1687736406,371428
1687736406,373523
1687736406,375710
1687736406,382084
1687736406,382826
1687736406,389471
1687736406,393407
1687736406,404029
1687736406,413018
1687736406,414943
1687736406,416373
1687736406,428486
1687736406,440577
1687736406,455196
1687736406,461343
1687736406,472179
1687736406,476227
1687736406,487291
1687736406,492504
1687736406,511137
1687736406,526442
1687736406,528840
1687736406,543078
1687736406,574125
1687736406,575206
1687736406,577869
1687736406,586398
1687736406,592424
1687736406,598511
1687736406,598603
1687736406,614333
1687736406,614439
1687736406,614873
1687736406,627506
1687736406,647915
1687736406,647979
1687736406,651489
1687736406,652866
1687736406,663676
1687736406,671196
1687736406,672745
1687736406,682191
1687736406,687082
1687736406,691443
1687736407,349604
1687736407,356313
1687736407,362944
1687736407,364857
1687736407,368608
1687736407,370323
1687736407,374793
1687736407,377344
1687736407,377957
1687736407,386570
1687736407,400675
1687736407,409190
1687736407,412563
1687736407,424841
1687736407,436810
1687736407,437307
1687736407,438700
1687736407,441478
1687736407,463368
1687736407,467999
1687736407,468432
1687736407,471688
1687736407,496448
1687736407,508949
1687736407,509525
1687736407,516104
1687736407,530942
1687736407,544605
1687736407,549532
1687736407,550512
1687736407,556144
1687736407,557895
1687736407,578464
1687736407,601369
1687736407,615034
1687736407,626190
1687736407,640828
1687736407,643197
1687736407,649487
1687736407,654755
1687736407,661020
1687736407,665510
1687736407,667686
1687736407,673585
1687736407,679614
1687736407,680611
1687736407,685010
1687736407,689925
1687736407,691298
1687736407,695710
1687736407,702187
1687736408,356115
1687736408,356160
1687736408,360180
1687736408,360328
1687736408,363180
1687736408,367204
1687736408,368041
1687736408,368084
1687736408,372197
1687736408,376682
1687736408,383368
1687736408,384394
1687736408,391011
1687736408,399056
1687736408,407238
1687736408,407619
1687736408,410016
1687736408,412100
1687736408,432841
1687736408,441827
1687736408,442931
1687736408,469213
1687736408,469431
1687736408,485679
1687736408,503757
1687736408,504156
1687736408,531033
1687736408,537358
1687736408,539446
1687736408,541719
1687736408,568384
1687736408,570235
1687736408,575814
1687736408,580757
1687736408,595014
1687736408,606234
1687736408,608746
1687736408,630546
1687736408,637083
1687736408,637308
1687736408,638145
1687736408,647490
1687736408,666499
1687736408,668073
1687736408,669476
1687736408,672553
1687736408,673658
1687736408,676375
1687736408,681498
1687736408,686325
1687736409,351989
1687736409,352695
1687736409,359076
1687736409,371143
1687736409,371899
1687736409,381953
1687736409,384196
1687736409,388547
1687736409,398179
1687736409,400854
1687736409,406362
1687736409,419412
1687736409,428658
1687736409,433329
1687736409,437656
1687736409,465043
1687736409,470889
1687736409,496174
1687736409,497207
1687736409,507555
1687736409,524491
1687736409,530719
1687736409,534474
1687736409,544669
1687736409,548705
1687736409,553124
1687736409,570083
1687736409,572268
1687736409,578666
1687736409,599229
1687736409,603191
1687736409,609899
1687736409,635829
1687736409,638901
1687736409,652963
1687736409,658708
1687736409,658750
1687736409,659744
1687736409,662725
1687736409,676795
1687736409,678205
1687736409,680374
1687736409,680555
1687736409,688571
1687736409,693409
1687736410,359322
1687736410,363025
1687736410,367216
1687736410,368298
1687736410,370981
1687736410,372354
1687736410,372360
1687736410,373355
1687736410,377394
1687736410,378751
1687736410,379501
1687736410,380017
1687736410,387902
1687736410,389669
1687736410,392171
1687736410,393534
1687736410,394851
1687736410,414425
1687736410,414604
1687736410,418235
1687736410,428044
1687736410,431398
1687736410,447494
1687736410,452059
1687736410,455842
1687736410,460578
1687736410,463382
1687736410,464481
1687736410,477955
1687736410,495730
1687736410,505969
1687736410,514069
1687736410,527120
1687736410,551966
1687736410,560816
1687736410,563191
1687736410,565109
1687736410,569305
1687736410,587097
1687736410,594540
1687736410,594568
1687736410,611538
1687736410,615708
1687736410,617811
1687736410,627963
1687736410,632938
1687736410,641250
1687736410,645973
1687736410,656691
1687736410,656707
1687736410,665068
1687736410,671581
1687736410,680646
1687736410,681503
1687736410,683113
1687736410,683355
1687736410,685014
1687736410,689099
1687736410,690019
1687736410,694011
1687736411,350871
1687736411,359826
1687736411,360934
1687736411,361460
1687736411,364526
1687736411,369000
1687736411,371417
1687736411,376497
1687736411,377782
1687736411,395278
1687736411,396395
1687736411,402008
1687736411,412587
1687736411,417356
1687736411,421741
1687736411,440610
1687736411,446934
1687736411,449873
1687736411,482435
1687736411,490063
1687736411,491565
1687736411,499136
1687736411,520808
1687736411,523953
1687736411,524157
1687736411,526209
1687736411,552349
1687736411,553414
1687736411,568736
1687736411,586889
1687736411,587130
1687736411,593551
1687736411,600858
1687736411,620738
1687736411,623568
1687736411,625884
1687736411,644143
1687736411,654007
1687736411,665818
1687736411,666067
1687736411,673381
1687736411,677341
1687736411,685866
1687736411,686507
1687736411,691844
1687736411,692178
1687736412,360517
1687736412,365936
1687736412,366661
1687736412,366970
1687736412,367267
1687736412,367730
1687736412,372880
1687736412,377074
1687736412,381180
1687736412,383598
1687736412,394483
1687736412,395107
1687736412,396422
1687736412,397572
1687736412,397881
1687736412,416477
1687736412,425270
1687736412,431347
1687736412,450915
1687736412,455640
1687736412,477169
1687736412,483423
1687736412,486027
1687736412,489558
1687736412,495780
1687736412,498045
1687736412,522563
1687736412,526019
1687736412,544171
1687736412,546311
1687736412,558553
1687736412,559981
1687736412,575775
1687736412,581339
1687736412,596534
1687736412,617013
1687736412,618079
1687736412,618362
1687736412,621570
1687736412,625239
1687736412,637664
1687736412,642688
1687736412,644734
1687736412,646824
1687736412,657133
1687736412,657839
1687736412,668465
1687736412,670373
1687736412,679781
1687736412,681559
1687736412,688484
1687736412,690495
1687736413,347694
1687736413,357967
1687736413,359521
1687736413,362987
1687736413,368212
1687736413,369771
1687736413,371190
1687736413,375149
1687736413,375766
1687736413,377588
1687736413,389086
1687736413,390835
1687736413,391276
1687736413,396694
1687736413,413357
1687736413,419056
1687736413,436857
1687736413,441194
1687736413,457496
1687736413,465554
1687736413,474766
1687736413,476211
1687736413,516442
1687736413,519758
1687736413,539419
1687736413,545353
1687736413,565386
1687736413,571702
1687736413,580311
1687736413,590420
1687736413,602780
1687736413,613260
1687736413,616312
1687736413,616768
1687736413,627622
1687736413,642438
1687736413,647905
1687736413,648245
1687736413,664636
1687736413,670909
1687736413,672143
1687736413,673916
1687736413,681066
1687736413,684573
1687736413,684998
1687736413,688419
1687736413,696156
1687736414,357180
1687736414,360918
1687736414,363758
1687736414,368721
1687736414,369706
1687736414,370364
1687736414,371910
1687736414,371943
1687736414,379907
1687736414,382514
1687736414,384946
1687736414,394972
1687736414,401333
1687736414,404187
1687736414,404406
1687736414,407698
1687736414,430852
1687736414,437360
1687736414,448531
1687736414,458754
1687736414,470545
1687736414,473781
1687736414,478398
1687736414,499141
1687736414,501713
1687736414,511578
1687736414,518059
1687736414,535444
1687736414,545343
1687736414,562937
1687736414,571671
1687736414,591125
1687736414,597021
1687736414,600090
1687736414,602854
1687736414,606620
1687736414,619304
1687736414,641398
1687736414,645643
1687736414,651990
1687736414,655164
1687736414,655725
1687736414,664817
1687736414,668031
1687736414,669016
1687736414,677063
1687736414,679065
1687736414,679252
1687736414,679651
1687736414,686783
1687736414,695381
1687736415,351052
1687736415,354094
1687736415,361986
1687736415,362959
1687736415,364677
1687736415,367141
1687736415,372921
1687736415,379256
1687736415,380395
1687736415,382158
1687736415,383527
1687736415,392465
1687736415,408019
1687736415,408462
1687736415,408766
1687736415,433159
1687736415,437799
1687736415,439861
1687736415,449518
1687736415,464376
1687736415,465546
1687736415,478391
1687736415,491864
1687736415,494856
1687736415,497617
1687736415,512206
1687736415,536554
1687736415,539759
1687736415,540738
1687736415,555084
1687736415,569433
1687736415,570369
1687736415,577895
1687736415,579753
1687736415,598193
1687736415,605974
1687736415,612113
1687736415,612420
1687736415,631524
1687736415,634576
1687736415,636330
1687736415,652962
1687736415,657974
1687736415,662888
1687736415,666040
1687736415,673726
1687736415,676430
1687736415,682671
1687736415,686099
1687736415,686457
1687736415,691613
1687736415,694809
1687736416,354241
1687736416,365641
1687736416,365845
1687736416,365895
1687736416,367382
1687736416,369794
1687736416,372883
1687736416,373124
1687736416,379418
1687736416,381858
1687736416,387334
1687736416,394261
1687736416,409295
1687736416,410239
1687736416,422745
1687736416,424261
1687736416,424966
1687736416,434206
1687736416,434948
1687736416,450255
1687736416,463194
1687736416,463770
1687736416,506850
1687736416,509980
1687736416,526502
1687736416,529294
1687736416,536105
1687736416,539901
1687736416,545091
1687736416,553761
1687736416,564765
1687736416,564872
1687736416,584281
1687736416,591566
1687736416,595193
1687736416,598007
1687736416,609177
1687736416,623061
1687736416,628311
1687736416,631195
1687736416,636350
1687736416,638218
1687736416,640470
1687736416,653035
1687736416,657574
1687736416,660574
1687736416,666439
1687736416,666931
1687736416,667263
1687736416,672162
1687736416,679012
1687736416,679300
1687736416,681829
1687736416,684825
1687736416,692531
1687736417,356277
1687736417,358872
1687736417,359556
1687736417,368237
1687736417,374212
1687736417,374683
1687736417,377708
1687736417,380862
1687736417,404687
1687736417,418114
1687736417,425604
1687736417,428355
1687736417,446011
1687736417,457312
1687736417,464576
1687736417,485484
1687736417,492178
1687736417,492307
1687736417,495667
1687736417,512647
1687736417,519212
1687736417,527385
1687736417,530071
1687736417,553381
1687736417,553514
1687736417,553927
1687736417,565523
1687736417,574735
1687736417,589473
1687736417,594145
1687736417,614842
1687736417,619624
1687736417,620946
1687736417,626909
1687736417,630225
1687736417,632633
1687736417,638334
1687736417,642356
1687736417,652280
1687736417,653833
1687736417,656764
1687736417,665391
1687736417,674407
1687736417,676550
1687736417,681461
1687736417,682843
1687736417,685167
1687736417,688052
1687736417,702049
1687736418,359969
1687736418,360352
1687736418,363658
1687736418,363855
1687736418,368492
1687736418,369038
1687736418,369276
1687736418,371835
1687736418,373816
1687736418,375152
1687736418,377889
1687736418,392203
1687736418,397666
1687736418,410610
1687736418,423520
1687736418,426253
1687736418,429124
1687736418,443938
1687736418,444097
1687736418,447351
1687736418,454409
1687736418,485874
1687736418,489477
1687736418,491192
1687736418,511573
1687736418,517740
1687736418,523031
1687736418,526680
1687736418,526950
1687736418,547523
1687736418,561205
1687736418,570893
1687736418,577875
1687736418,588985
1687736418,590170
1687736418,615163
1687736418,616165
1687736418,618159
1687736418,643535
1687736418,648031
1687736418,651851
1687736418,663119
1687736418,672483
1687736418,673170
1687736418,676721
1687736418,683846
1687736418,685749
1687736418,686621
1687736418,691069
1687736419,350722
1687736419,358059
1687736419,365788
1687736419,369416
1687736419,369954
1687736419,372105
1687736419,376282
1687736419,385687
1687736419,388802
1687736419,391027
1687736419,392987
1687736419,398742
1687736419,401835
1687736419,413663
1687736419,420758
1687736419,421002
1687736419,435476
1687736419,446793
1687736419,447772
1687736419,461420
1687736419,476576
1687736419,482381
1687736419,488135
1687736419,493808
1687736419,504628
1687736419,511634
1687736419,517929
1687736419,526182
1687736419,548280
1687736419,552409
1687736419,568350
1687736419,589186
1687736419,593770
1687736419,600242
1687736419,605582
1687736419,612707
1687736419,624013
1687736419,626568
1687736419,642139
1687736419,645855
1687736419,648984
1687736419,650411
1687736419,663360
1687736419,664725
1687736419,664816
1687736419,670661
1687736419,676574
1687736419,685844
1687736419,686438
1687736419,696039
1687736419,696745
1687736420,344185
1687736420,347498
1687736420,356096
1687736420,359404
1687736420,370717
1687736420,375075
1687736420,376731
1687736420,377194
1687736420,377440
1687736420,384543
1687736420,387739
1687736420,394453
1687736420,401767
1687736420,406255
1687736420,406529
1687736420,409870
1687736420,412888
1687736420,425938
1687736420,432381
1687736420,443176
1687736420,453495
1687736420,459934
1687736420,465141
1687736420,469938
1687736420,470073
1687736420,473031
1687736420,486399
1687736420,501848
1687736420,502459
1687736420,513410
1687736420,522605
1687736420,534114
1687736420,539866
1687736420,544050
1687736420,546988
1687736420,551120
1687736420,566308
1687736420,573528
1687736420,578328
1687736420,579573
1687736420,593159
1687736420,607279
1687736420,611804
1687736420,630490
1687736420,637728
1687736420,640793
1687736420,641425
1687736420,644296
1687736420,649675
1687736420,658451
1687736420,668082
1687736420,671225
1687736420,674628
1687736420,676568
1687736420,686305
1687736420,686669
1687736420,687338
1687736420,690069
1687736421,364697
1687736421,366956
1687736421,367289
1687736421,367466
1687736421,369704
1687736421,370308
1687736421,383693
1687736421,388335
1687736421,390912
1687736421,399764
1687736421,401782
1687736421,410846
1687736421,415619
1687736421,427299
1687736421,436510
1687736421,438223
1687736421,440168
1687736421,471545
1687736421,479788
1687736421,500335
1687736421,501300
1687736421,506383
1687736421,523519
1687736421,536638
1687736421,544973
1687736421,547900
1687736421,562738
1687736421,571902
1687736421,576546
1687736421,577809
1687736421,578702
1687736421,585156
1687736421,604321
1687736421,605375
1687736421,612969
1687736421,621497
1687736421,629121
1687736421,634713
1687736421,634837
1687736421,654179
1687736421,661448
1687736421,664103
1687736421,668073
1687736421,670517
1687736421,673727
1687736421,676092
1687736421,678597
1687736421,683213
1687736421,688336
1687736421,688734
1687736422,356840
1687736422,360777
1687736422,366169
1687736422,368830
1687736422,369216
1687736422,371778
1687736422,375266
1687736422,375968
1687736422,378080
1687736422,379608
1687736422,385016
1687736422,390178
1687736422,400775
1687736422,402888
1687736422,412008
1687736422,434214
1687736422,440463
1687736422,461735
1687736422,469155
1687736422,475636
1687736422,479319
1687736422,495363
1687736422,510317
1687736422,523709
1687736422,539034
1687736422,539240
1687736422,546367
1687736422,548008
1687736422,566460
1687736422,567188
1687736422,567302
1687736422,570412
1687736422,584237
1687736422,598198
1687736422,610570
1687736422,615280
1687736422,624441
1687736422,632453
1687736422,634271
1687736422,651409
1687736422,652141
1687736422,654641
1687736422,660287
1687736422,666821
1687736422,682900
1687736422,682925
1687736422,683330
1687736422,696758
1687736423,348135
1687736423,360192
1687736423,360727
1687736423,367564
1687736423,369122
1687736423,372962
1687736423,374694
1687736423,378568
1687736423,388587
1687736423,391418
1687736423,392810
1687736423,405615
1687736423,411511
1687736423,415262
1687736423,422720
1687736423,443437
1687736423,459006
1687736423,460338
1687736423,463432
1687736423,494159
1687736423,502356
1687736423,515106
1687736423,520201
1687736423,524017
1687736423,530829
1687736423,550398
1687736423,562891
1687736423,583887
1687736423,594622
1687736423,596957
1687736423,601987
1687736423,607368
1687736423,616342
1687736423,639379
1687736423,655986
1687736423,660793
1687736423,662666
1687736423,674822
1687736423,680857
1687736423,682535
1687736423,682722
1687736423,684304
1687736423,684310
1687736423,684988
1687736423,687319
1687736423,691517
1687736423,693102
1687736424,361546
1687736424,364924
1687736424,365587
1687736424,367537
1687736424,371966
1687736424,372654
1687736424,378772
1687736424,389688
1687736424,393648
1687736424,394362
1687736424,394786
1687736424,399450
1687736424,413769
1687736424,417184
1687736424,418544
1687736424,418695
1687736424,437570
1687736424,450322
1687736424,451590
1687736424,452262
1687736424,472688
1687736424,478484
1687736424,485973
1687736424,488844
1687736424,493804
1687736424,519332
1687736424,520618
1687736424,541204
1687736424,557973
1687736424,560842
1687736424,591318
1687736424,592692
1687736424,597168
1687736424,615375
1687736424,620673
1687736424,621218
1687736424,623117
1687736424,623324
1687736424,636819
1687736424,644348
1687736424,647211
1687736424,654077
1687736424,664951
1687736424,667036
1687736424,672632
1687736424,672936
1687736424,676405
1687736424,690921
1687736425,346211
1687736425,360460
1687736425,362566
1687736425,362648
1687736425,364582
1687736425,368983
1687736425,372246
1687736425,373402
1687736425,375206
1687736425,381607
1687736425,388238
1687736425,391850
1687736425,392605
1687736425,393587
1687736425,421276
1687736425,423000
1687736425,439498
1687736425,442819
1687736425,471919
1687736425,483705
1687736425,484618
1687736425,487185
1687736425,495034
1687736425,523090
1687736425,523255
1687736425,547352
1687736425,558670
1687736425,587547
1687736425,587957
1687736425,590316
1687736425,599867
1687736425,616041
1687736425,619596
1687736425,625132
1687736425,644101
1687736425,644472
1687736425,669832
1687736425,670902
1687736425,672406
1687736425,672524
1687736425,677821
1687736425,684041
1687736425,687272
1687736425,693188
1687736425,694434
1687736425,695724
1687736426,359174
1687736426,364375
1687736426,367299
1687736426,370449
1687736426,373190
1687736426,374353
1687736426,374901
1687736426,382945
1687736426,383217
1687736426,383518
1687736426,388168
1687736426,391973
1687736426,405072
1687736426,411343
1687736426,414363
1687736426,416561
1687736426,429971
1687736426,438476
1687736426,457305
1687736426,463322
1687736426,474044
1687736426,474433
1687736426,489406
1687736426,494607
1687736426,513464
1687736426,524402
1687736426,530885
1687736426,541020
1687736426,554355
1687736426,571021
1687736426,576007
1687736426,577542
1687736426,584315
1687736426,594079
1687736426,600405
1687736426,612651
1687736426,612868
1687736426,616196
1687736426,619130
1687736426,629102
1687736426,646010
1687736426,646065
1687736426,652727
1687736426,654335
1687736426,664918
1687736426,669780
1687736426,681835
1687736426,687617
1687736426,691498
1687736427,357243
1687736427,364443
1687736427,368938
1687736427,371079
1687736427,374053
1687736427,377813
1687736427,378572
1687736427,385310
1687736427,400046
1687736427,402403
1687736427,407285
1687736427,411165
1687736427,420511
1687736427,426856
1687736427,435019
1687736427,436627
1687736427,439399
1687736427,443489
1687736427,465447
1687736427,465963
1687736427,469235
1687736427,470461
1687736427,498598
1687736427,506885
1687736427,507421
1687736427,514131
1687736427,514315
1687736427,533125
1687736427,542604
1687736427,547580
1687736427,552520
1687736427,560148
1687736427,576338
1687736427,603076
1687736427,613077
1687736427,627579
1687736427,639079
1687736427,641771
1687736427,650993
1687736427,656302
1687736427,659816
1687736427,664712
1687736427,668516
1687736427,679000
1687736427,681256
1687736427,685285
1687736427,690830
1687736427,690910
1687736427,701730
1687736428,355198
1687736428,356678
1687736428,360104
1687736428,360895
1687736428,363262
1687736428,366328
1687736428,367337
1687736428,368301
1687736428,372834
1687736428,376635
1687736428,382365
1687736428,383525
1687736428,392112
1687736428,396684
1687736428,406125
1687736428,410769
1687736428,411306
1687736428,434228
1687736428,440616
1687736428,444026
1687736428,467129
1687736428,471464
1687736428,487562
1687736428,501505
1687736428,506318
1687736428,528975
1687736428,535399
1687736428,539786
1687736428,541717
1687736428,566295
1687736428,572279
1687736428,577954
1687736428,595550
1687736428,596910
1687736428,606675
1687736428,607828
1687736428,628939
1687736428,635171
1687736428,638810
1687736428,639726
1687736428,648878
1687736428,659300
1687736428,665078
1687736428,667861
1687736428,669180
1687736428,672620
1687736428,673330
1687736428,677338
1687736428,680309
1687736428,680536
1687736428,686250
1687736428,691948
1687736429,352250
1687736429,352685
1687736429,370626
1687736429,372518
1687736429,373623
1687736429,385176
1687736429,387487
1687736429,396730
1687736429,399545
1687736429,405599
1687736429,407861
1687736429,421435
1687736429,426617
1687736429,431304
1687736429,439798
1687736429,440408
1687736429,472988
1687736429,493691
1687736429,495295
1687736429,509518
1687736429,526837
1687736429,532172
1687736429,532805
1687736429,546855
1687736429,550903
1687736429,570312
1687736429,580836
1687736429,597214
1687736429,601299
1687736429,611642
1687736429,640340
1687736429,657524
1687736429,658266
1687736429,659933
1687736429,664046
1687736429,675786
1687736429,679618
1687736429,681149
1687736429,688775
1687736429,694525
1687736430,359162
1687736430,363542
1687736430,366609
1687736430,368568
1687736430,369746
1687736430,372305
1687736430,377831
1687736430,378283
1687736430,378385
1687736430,378950
1687736430,388993
1687736430,390569
1687736430,393103
1687736430,393467
1687736430,416233
1687736430,416372
1687736430,420156
1687736430,420239
1687736430,426310
1687736430,429694
1687736430,449547
1687736430,449813
1687736430,453820
1687736430,458548
1687736430,462353
1687736430,465468
1687736430,479829
1687736430,493363
1687736430,508201
1687736430,516208
1687736430,525341
1687736430,551384
1687736430,554416
1687736430,558783
1687736430,561137
1687736430,571581
1687736430,589152
1687736430,592412
1687736430,592526
1687736430,613016
1687736430,617116
1687736430,619515
1687736430,621430
1687736430,626145
1687736430,634268
1687736430,642848
1687736430,644550
1687736430,655199
1687736430,657998
1687736430,666656
1687736430,671614
1687736430,679643
1687736430,681998
1687736430,682469
1687736430,682658
1687736430,684227
1687736430,688482
1687736430,690330
1687736431,351521
1687736431,359463
1687736431,360320
1687736431,361721
1687736431,363972
1687736431,369240
1687736431,375515
1687736431,376549
1687736431,378210
1687736431,397253
1687736431,397561
1687736431,400675
1687736431,415338
1687736431,415649
1687736431,442538
1687736431,449093
1687736431,468332
1687736431,476821
1687736431,484531
1687736431,487651
1687736431,489405
1687736431,501154
1687736431,522102
1687736431,522875
1687736431,523707
1687736431,526054
1687736431,528163
1687736431,551421
1687736431,554686
1687736431,584728
1687736431,589156
1687736431,591722
1687736431,602395
1687736431,616359
1687736431,622303
1687736431,623898
1687736431,645666
1687736431,652369
1687736431,666795
1687736431,667501
1687736431,672734
1687736431,676313
1687736431,686289
1687736431,686922
1687736431,691259
1687736431,691953
1687736432,360983
1687736432,365721
1687736432,366830
1687736432,368189
1687736432,368282
1687736432,372353
1687736432,377913
1687736432,381850
1687736432,382337
1687736432,392853
1687736432,396237
1687736432,396634
1687736432,398128
1687736432,410914
1687736432,414960
1687736432,427126
1687736432,449028
1687736432,457694
1687736432,459632
1687736432,474620
1687736432,483972
1687736432,485446
1687736432,491627
1687736432,500162
1687736432,520541
1687736432,544120
1687736432,546422
1687736432,556169
1687736432,562200
1687736432,573538
1687736432,579201
1687736432,598483
1687736432,615997
1687736432,618508
1687736432,626766
1687736432,639228
1687736432,641116
1687736432,645209
1687736432,645993
1687736432,651590
1687736432,656955
1687736432,669450
1687736432,669578
1687736432,680733
1687736432,681594
1687736432,681684
1687736432,682797
1687736432,685405
1687736432,688118
1687736432,689927
1687736432,695379
1687736433,347518
1687736433,358399
1687736433,362857
1687736433,368073
1687736433,369015
1687736433,370231
1687736433,380603
1687736433,389639
1687736433,389678
1687736433,389921
1687736433,398271
1687736433,411865
1687736433,420819
1687736433,427473
1687736433,434881
1687736433,439251
1687736433,467513
1687736433,472610
1687736433,474329
1687736433,496577
1687736433,497936
1687736433,514428
1687736433,517927
1687736433,520281
1687736433,524684
1687736433,543320
1687736433,567570
1687736433,569538
1687736433,578106
1687736433,579713
1687736433,589300
1687736433,592433
1687736433,604384
1687736433,611379
1687736433,614360
1687736433,618584
1687736433,629007
1687736433,640426
1687736433,646185
1687736433,649728
1687736433,665919
1687736433,669688
1687736433,670785
1687736433,675174
1687736433,679483
1687736433,680201
1687736433,685402
1687736433,687587
1687736433,695855
1687736434,359169
1687736434,361036
1687736434,363887
1687736434,368151
1687736434,370394
1687736434,370977
1687736434,371970
1687736434,372378
1687736434,383264
1687736434,384010
1687736434,393576
1687736434,400095
1687736434,402566
1687736434,405920
1687736434,406028
1687736434,409539
1687736434,427040
1687736434,432946
1687736434,435344
1687736434,460551
1687736434,475942
1687736434,476075
1687736434,497102
1687736434,499585
1687736434,509514
1687736434,537587
1687736434,543519
1687736434,564995
1687736434,573838
1687736434,575591
1687736434,598207
1687736434,598576
1687736434,600783
1687736434,608327
1687736434,620920
1687736434,632758
1687736434,639426
1687736434,653155
1687736434,654611
1687736434,656329
1687736434,659345
1687736434,663395
1687736434,669191
1687736434,677477
1687736434,679069
1687736434,679925
1687736434,687119
1687736434,695126
1687736435,350976
1687736435,354316
1687736435,362714
1687736435,365423
1687736435,367054
1687736435,372200
1687736435,380291
1687736435,380648
1687736435,381027
1687736435,382467
1687736435,394197
1687736435,407066
1687736435,410263
1687736435,435263
1687736435,435827
1687736435,441866
1687736435,451431
1687736435,462219
1687736435,463136
1687736435,480392
1687736435,494064
1687736435,495423
1687736435,496903
1687736435,537649
1687736435,538697
1687736435,538854
1687736435,557097
1687736435,567550
1687736435,567994
1687736435,568260
1687736435,581932
1687736435,599813
1687736435,603835
1687736435,613767
1687736435,632936
1687736435,634763
1687736435,654004
1687736435,654314
1687736435,661394
1687736435,664641
1687736435,668358
1687736435,674812
1687736435,675778
1687736435,681938
1687736435,685045
1687736435,686102
1687736435,695014
1687736435,696301
1687736436,349269
1687736436,353342
1687736436,362826
1687736436,365084
1687736436,365212
1687736436,366203
1687736436,367567
1687736436,370238
1687736436,373489
1687736436,373496
1687736436,378264
1687736436,382339
1687736436,388364
1687736436,394999
1687736436,400365
1687736436,409017
1687736436,410997
1687736436,420967
1687736436,422720
1687736436,423321
1687736436,432984
1687736436,436144
1687736436,452415
1687736436,460939
1687736436,461295
1687736436,462859
1687736436,474491
1687736436,493350
1687736436,503889
1687736436,504480
1687736436,512058
1687736436,514491
1687736436,524587
1687736436,527369
1687736436,534040
1687736436,542000
1687736436,547272
1687736436,556044
1687736436,562690
1687736436,563033
1687736436,586192
1687736436,589684
1687736436,593168
1687736436,599866
1687736436,607282
1687736436,621272
1687736436,626087
1687736436,632855
1687736436,633975
1687736436,637918
1687736436,639602
1687736436,642063
1687736436,658857
1687736436,666076
1687736436,667193
1687736436,668646
1687736436,671828
1687736436,679754
1687736436,680407
1687736436,684517
1687736436,692944
1687736437,355690
1687736437,358706
1687736437,360157
1687736437,367940
1687736437,375071
1687736437,375241
1687736437,376571
1687736437,379920
1687736437,392988
1687736437,395519
1687736437,403312
1687736437,408312
1687736437,419884
1687736437,426722
1687736437,427608
1687736437,448178
1687736437,455221
1687736437,487570
1687736437,489983
1687736437,489993
1687736437,514630
1687736437,521437
1687736437,525185
1687736437,532184
1687736437,551352
1687736437,556156
1687736437,563472
1687736437,576814
1687736437,587387
1687736437,592193
1687736437,595872
1687736437,616323
1687736437,621363
1687736437,622273
1687736437,625015
1687736437,630850
1687736437,639776
1687736437,643689
1687736437,651109
1687736437,652371
1687736437,657574
1687736437,658984
1687736437,666557
1687736437,673248
1687736437,675825
1687736437,682282
1687736437,682398
1687736437,685593
1687736437,687746
1687736437,701988
1687736438,351269
1687736438,358773
1687736438,360528
1687736438,364431
1687736438,364984
1687736438,368119
1687736438,368685
1687736438,369389
1687736438,372824
1687736438,373054
1687736438,374133
1687736438,378586
1687736438,391037
1687736438,398748
1687736438,403747
1687736438,412348
1687736438,424588
1687736438,425499
1687736438,441198
1687736438,442106
1687736438,445228
1687736438,456364
1687736438,487925
1687736438,489030
1687736438,491546
1687736438,521021
1687736438,524957
1687736438,528677
1687736438,545524
1687736438,551302
1687736438,563480
1687736438,572896
1687736438,587053
1687736438,613491
1687736438,616226
1687736438,618051
1687736438,642237
1687736438,649386
1687736438,650075
1687736438,664485
1687736438,672597
1687736438,672909
1687736438,675405
1687736438,683258
1687736438,686513
1687736438,686617
1687736438,690947
1687736439,358989
1687736439,362383
1687736439,369832
1687736439,372671
1687736439,373687
1687736439,375385
1687736439,378074
1687736439,378501
1687736439,386397
1687736439,387481
1687736439,390015
1687736439,391566
1687736439,400151
1687736439,410925
1687736439,412047
1687736439,419352
1687736439,422756
1687736439,445973
1687736439,448756
1687736439,463628
1687736439,474190
1687736439,480184
1687736439,485958
1687736439,495954
1687736439,506789
1687736439,509641
1687736439,515730
1687736439,528384
1687736439,550336
1687736439,550420
1687736439,570606
1687736439,575725
1687736439,587064
1687736439,595583
1687736439,601910
1687736439,607009
1687736439,610813
1687736439,625473
1687736439,628153
1687736439,643769
1687736439,644457
1687736439,648707
1687736439,650351
1687736439,662304
1687736439,663776
1687736439,665572
1687736439,671841
1687736439,677417
1687736439,685150
1687736439,686414
1687736439,696692
1687736439,697210
1687736440,344437
1687736440,356563
1687736440,359995
1687736440,370181
1687736440,373914
1687736440,376051
1687736440,378299
1687736440,385805
1687736440,388530
1687736440,395954
1687736440,407542
1687736440,408234
1687736440,434486
1687736440,441285
1687736440,451407
1687736440,462165
1687736440,467362
1687736440,470685
1687736440,488671
1687736440,504383
1687736440,511269
1687736440,536276
1687736440,537931
1687736440,542321
1687736440,548944
1687736440,549020
1687736440,568351
1687736440,571313
1687736440,573963
1687736440,577215
1687736440,595119
1687736440,609103
1687736440,610269
1687736440,632063
1687736440,635928
1687736440,638957
1687736440,642298
1687736440,643154
1687736440,650912
1687736440,657575
1687736440,668318
1687736440,670067
1687736440,675654
1687736440,675740
1687736440,685976
1687736440,685993
1687736440,687949
1687736441,363875
1687736441,367323
1687736441,367487
1687736441,368083
1687736441,368812
1687736441,370231
1687736441,384998
1687736441,387149
1687736441,389817
1687736441,400434
1687736441,401083
1687736441,403992
1687736441,412540
1687736441,417840
1687736441,428993
1687736441,436277
1687736441,437592
1687736441,438589
1687736441,438628
1687736441,469231
1687736441,476707
1687736441,481779
1687736441,498329
1687736441,503338
1687736441,504084
1687736441,525634
1687736441,534628
1687736441,545710
1687736441,547179
1687736441,576191
1687736441,576652
1687736441,578629
1687736441,587110
1687736441,602304
1687736441,606887
1687736441,611180
1687736441,617058
1687736441,623243
1687736441,630501
1687736441,632751
1687736441,636224
1687736441,656123
1687736441,660233
1687736441,660596
1687736441,662598
1687736441,664874
1687736441,668997
1687736441,675100
1687736441,675216
1687736441,679977
1687736441,683426
1687736441,687944
1687736441,689500
1687736441,692972
1687736442,345182
1687736442,356581
1687736442,360602
1687736442,365777
1687736442,369332
1687736442,369441
1687736442,372101
1687736442,374182
1687736442,374257
1687736442,376856
1687736442,378205
1687736442,378597
1687736442,385939
1687736442,388902
1687736442,390095
1687736442,401516
1687736442,401696
1687736442,413345
1687736442,424985
1687736442,432473
1687736442,442462
1687736442,463734
1687736442,467238
1687736442,472713
1687736442,473783
1687736442,481444
1687736442,493169
1687736442,495506
1687736442,512406
1687736442,525918
1687736442,536768
1687736442,541488
1687736442,548702
1687736442,564658
1687736442,565261
1687736442,568319
1687736442,569223
1687736442,579855
1687736442,586395
1687736442,596062
1687736442,597820
1687736442,612371
1687736442,616863
1687736442,622671
1687736442,630410
1687736442,632546
1687736442,653272
1687736442,653296
1687736442,659067
1687736442,666916
1687736442,682200
1687736442,683147
1687736442,684085
1687736443,348153
1687736443,359616
1687736443,360598
1687736443,367746
1687736443,368804
1687736443,371789
1687736443,379137
1687736443,389480
1687736443,391395
1687736443,393486
1687736443,404101
1687736443,413160
1687736443,415559
1687736443,417220
1687736443,418857
1687736443,420889
1687736443,445343
1687736443,456851
1687736443,458296
1687736443,458466
1687736443,461321
1687736443,491592
1687736443,504649
1687736443,517252
1687736443,521970
1687736443,522397
1687736443,528512
1687736443,552627
1687736443,560666
1687736443,563670
1687736443,585828
1687736443,594985
1687736443,600041
1687736443,608951
1687736443,616864
1687736443,617743
1687736443,617827
1687736443,640861
1687736443,643843
1687736443,654471
1687736443,662059
1687736443,663997
1687736443,673882
1687736443,681179
1687736443,681775
1687736443,682069
1687736443,683252
1687736443,683538
1687736443,685431
1687736443,687082
1687736443,690986
1687736443,693311
1687736444,350470
1687736444,361920
1687736444,366268
1687736444,372989
1687736444,373198
1687736444,379399
1687736444,390801
1687736444,394903
1687736444,395781
1687736444,396409
1687736444,397887
1687736444,412348
1687736444,416802
1687736444,420339
1687736444,439382
1687736444,448457
1687736444,453810
1687736444,454531
1687736444,466645
1687736444,480341
1687736444,486712
1687736444,488001
1687736444,491270
1687736444,516280
1687736444,517338
1687736444,522860
1687736444,543524
1687736444,552549
1687736444,558748
1687736444,560361
1687736444,590738
1687736444,592523
1687736444,593016
1687736444,593681
1687736444,598719
1687736444,621070
1687736444,621211
1687736444,638426
1687736444,645829
1687736444,648547
1687736444,652517
1687736444,665576
1687736444,666343
1687736444,668057
1687736444,672285
1687736444,673746
1687736444,677175
1687736444,690559
1687736445,346119
1687736445,360542
1687736445,362007
1687736445,363882
1687736445,364807
1687736445,367307
1687736445,367753
1687736445,369945
1687736445,373682
1687736445,373827
1687736445,374545
1687736445,382240
1687736445,384589
1687736445,386776
1687736445,392184
1687736445,393852
1687736445,419866
1687736445,424714
1687736445,434929
1687736445,437484
1687736445,440750
1687736445,448111
1687736445,474067
1687736445,481735
1687736445,482562
1687736445,485192
1687736445,497200
1687736445,511931
1687736445,513728
1687736445,521019
1687736445,525219
1687736445,541265
1687736445,545231
1687736445,560845
1687736445,585492
1687736445,588278
1687736445,589897
1687736445,601412
1687736445,614054
1687736445,617613
1687736445,622309
1687736445,626845
1687736445,628115
1687736445,637826
1687736445,642899
1687736445,644047
1687736445,645885
1687736445,650163
1687736445,668827
1687736445,671592
1687736445,672234
1687736445,673863
1687736445,678705
1687736445,680963
1687736445,684109
1687736445,687148
1687736445,693613
1687736445,695754
1687736446,355161
1687736446,358712
1687736446,359231
1687736446,363194
1687736446,367721
1687736446,369509
1687736446,374104
1687736446,375254
1687736446,383837
1687736446,384288
1687736446,386875
1687736446,390560
1687736446,406141
1687736446,409727
1687736446,412384
1687736446,418224
1687736446,431551
1687736446,436425
1687736446,439451
1687736446,459403
1687736446,463942
1687736446,465330
1687736446,470442
1687736446,471872
1687736446,491490
1687736446,496690
1687736446,515763
1687736446,515800
1687736446,522276
1687736446,532941
1687736446,539024
1687736446,542579
1687736446,577894
1687736446,579869
1687736446,582241
1687736446,595675
1687736446,602223
1687736446,610830
1687736446,610950
1687736446,617993
1687736446,630663
1687736446,644190
1687736446,653939
1687736446,655785
1687736446,666140
1687736446,668358
1687736446,672035
1687736446,681416
1687736446,681841
1687736446,688094
1687736446,691577
1687736447,358255
1687736447,364120
1687736447,368553
1687736447,369260
1687736447,371847
1687736447,373360
1687736447,378314
1687736447,379275
1687736447,384037
1687736447,404174
1687736447,405449
1687736447,409799
1687736447,412252
1687736447,428904
1687736447,433266
1687736447,434617
1687736447,441450
1687736447,442413
1687736447,445496
1687736447,466778
1687736447,467546
1687736447,467684
1687736447,472489
1687736447,500720
1687736447,504819
1687736447,512122
1687736447,535293
1687736447,540646
1687736447,545618
1687736447,554507
1687736447,562427
1687736447,573266
1687736447,574200
1687736447,604759
1687736447,611065
1687736447,628985
1687736447,637296
1687736447,640265
1687736447,652535
1687736447,657816
1687736447,658559
1687736447,663862
1687736447,669165
1687736447,669359
1687736447,678368
1687736447,685521
1687736447,690392
1687736447,690465
1687736447,691698
1687736447,701190
1687736448,347759
1687736448,354302
1687736448,357307
1687736448,360073
1687736448,361509
1687736448,363402
1687736448,365548
1687736448,366664
1687736448,373504
1687736448,376612
1687736448,381392
1687736448,382661
1687736448,393205
1687736448,401036
1687736448,404638
1687736448,409457
1687736448,412660
1687736448,435648
1687736448,438291
1687736448,446240
1687736448,465021
1687736448,473474
1687736448,478825
1687736448,489455
1687736448,499202
1687736448,508466
1687736448,526904
1687736448,533438
1687736448,537814
1687736448,544015
1687736448,564257
1687736448,574282
1687736448,580091
1687736448,598771
1687736448,604635
1687736448,609355
1687736448,627324
1687736448,633255
1687736448,640295
1687736448,641269
1687736448,650275
1687736448,655557
1687736448,663668
1687736448,666179
1687736448,670259
1687736448,672664
1687736448,672957
1687736448,678285
1687736448,679522
1687736448,686162
1687736448,692242
1687736449,352557
1687736449,352747
1687736449,370114
1687736449,373104
1687736449,373866
1687736449,386197
1687736449,386438
1687736449,395331
1687736449,398303
1687736449,409363
1687736449,418127
1687736449,423479
1687736449,424652
1687736449,429316
1687736449,441915
1687736449,460206
1687736449,475060
1687736449,491180
1687736449,493351
1687736449,498778
1687736449,511441
1687736449,518345
1687736449,529186
1687736449,529876
1687736449,534945
1687736449,549059
1687736449,553166
1687736449,568341
1687736449,583012
1687736449,595195
1687736449,599365
1687736449,613364
1687736449,632075
1687736449,641759
1687736449,656774
1687736449,661117
1687736449,665347
1687736449,674716
1687736449,680249
1687736449,681038
1687736449,681657
1687736449,688980
1687736449,694826
1687736449,694967
1687736450,359077
1687736450,364090
1687736450,364379
1687736450,365981
1687736450,368581
1687736450,372252
1687736450,377084
1687736450,377930
1687736450,379362
1687736450,390119
1687736450,391502
1687736450,392166
1687736450,394051
1687736450,418052
1687736450,422061
1687736450,424609
1687736450,427964
1687736450,447513
1687736450,451611
1687736450,451797
1687736450,456539
1687736450,467544
1687736450,481698
1687736450,491003
1687736450,510427
1687736450,523574
1687736450,549697
1687736450,556726
1687736450,556826
1687736450,573824
1687736450,590283
1687736450,590448
1687736450,591182
1687736450,614463
1687736450,618544
1687736450,621196
1687736450,624306
1687736450,635528
1687736450,643070
1687736450,644460
1687736450,653624
1687736450,659249
1687736450,668176
1687736450,671630
1687736450,678573
1687736450,680603
1687736450,682147
1687736450,683453
1687736450,683702
1687736450,687837
1687736450,690570
1687736451,359173
1687736451,359748
1687736451,362002
1687736451,363480
1687736451,369511
1687736451,374600
1687736451,378709
1687736451,382476
1687736451,398818
1687736451,399231
1687736451,399361
1687736451,413379
1687736451,417559
1687736451,444484
1687736451,446388
1687736451,451289
1687736451,485260
1687736451,486588
1687736451,487274
1687736451,503191
1687736451,520032
1687736451,524919
1687736451,528138
1687736451,549460
1687736451,556974
1687736451,582576
1687736451,589866
1687736451,591153
1687736451,603880
1687736451,614309
1687736451,623873
1687736451,647157
1687736451,650768
1687736451,667710
1687736451,668957
1687736451,672011
1687736451,686016
1687736451,687929
1687736451,690321
1687736451,692026
1687736452,361492
1687736452,365485
1687736452,367028
1687736452,368855
1687736452,369257
1687736452,369420
1687736452,371934
1687736452,373883
1687736452,378783
1687736452,381087
1687736452,391212
1687736452,394959
1687736452,398153
1687736452,399855
1687736452,409254
1687736452,429038
1687736452,447169
1687736452,459788
1687736452,472074
1687736452,481918
1687736452,487411
1687736452,493685
1687736452,502295
1687736452,518521
1687736452,530317
1687736452,541976
1687736452,548675
1687736452,553788
1687736452,564394
1687736452,571275
1687736452,600387
1687736452,613923
1687736452,620014
1687736452,628236
1687736452,639559
1687736452,640807
1687736452,643539
1687736452,647246
1687736452,656023
1687736452,668498
1687736452,670681
1687736452,681603
1687736452,681655
1687736452,685787
1687736452,687696
1687736452,689317
1687736453,347414
1687736453,358822
1687736453,362720
1687736453,365028
1687736453,367947
1687736453,368290
1687736453,378027
1687736453,381325
1687736453,388442
1687736453,388590
1687736453,390263
1687736453,399867
1687736453,410413
1687736453,422607
1687736453,428986
1687736453,432958
1687736453,437353
1687736453,461787
1687736453,469443
1687736453,470454
1687736453,479000
1687736453,500128
1687736453,512404
1687736453,516119
1687736453,526745
1687736453,541325
1687736453,575909
1687736453,581631
1687736453,594385
1687736453,605969
1687736453,609443
1687736453,612387
1687736453,620409
1687736453,630377
1687736453,634522
1687736453,638394
1687736453,644401
1687736453,651209
1687736453,667185
1687736453,667674
1687736453,668404
1687736453,676391
1687736453,679311
1687736453,679861
1687736453,686755
1687736453,695471
1687736454,348952
1687736454,358841
1687736454,361165
1687736454,364066
1687736454,367615
1687736454,371100
1687736454,371616
1687736454,372816
1687736454,384102
1687736454,392179
1687736454,398851
1687736454,401019
1687736454,404368
1687736454,407477
1687736454,411123
1687736454,433344
1687736454,435067
1687736454,462358
1687736454,473749
1687736454,478102
1687736454,495059
1687736454,497469
1687736454,505335
1687736454,507427
1687736454,539771
1687736454,541702
1687736454,567062
1687736454,587448
1687736454,596273
1687736454,598703
1687736454,600148
1687736454,610038
1687736454,622532
1687736454,637411
1687736454,652390
1687736454,653475
1687736454,654304
1687736454,657496
1687736454,670348
1687736454,677853
1687736454,678427
1687736454,680559
1687736454,687416
1687736454,694811
1687736455,350936
1687736455,354546
1687736455,362492
1687736455,366220
1687736455,366959
1687736455,371495
1687736455,379153
1687736455,381383
1687736455,381418
1687736455,381700
1687736455,395951
1687736455,405412
1687736455,412085
1687736455,433887
1687736455,437373
1687736455,443923
1687736455,453298
1687736455,460097
1687736455,460755
1687736455,474847
1687736455,493249
1687736455,496255
1687736455,498957
1687736455,535552
1687736455,536950
1687736455,540870
1687736455,559106
1687736455,565677
1687736455,565936
1687736455,566197
1687736455,573278
1687736455,581775
1687736455,584082
1687736455,601419
1687736455,601681
1687736455,615398
1687736455,630952
1687736455,633148
1687736455,634329
1687736455,640937
1687736455,655035
1687736455,659858
1687736455,660714
1687736455,663195
1687736455,675076
1687736455,675863
1687736455,684177
1687736455,685688
1687736455,695165
1687736455,695813
1687736456,352445
1687736456,363657
1687736456,364538
1687736456,364558
1687736456,366659
1687736456,367818
1687736456,370686
1687736456,377127
1687736456,382782
1687736456,389463
1687736456,395744
1687736456,407782
1687736456,412757
1687736456,419211
1687736456,421192
1687736456,421683
1687736456,431033
1687736456,438097
1687736456,454541
1687736456,458683
1687736456,458821
1687736456,460732
1687736456,476273
1687736456,502104
1687736456,514122
1687736456,522631
1687736456,525462
1687736456,531953
1687736456,544079
1687736456,549418
1687736456,558320
1687736456,560595
1687736456,561213
1687736456,587764
1687736456,588036
1687736456,591092
1687736456,601721
1687736456,605401
1687736456,619479
1687736456,623899
1687736456,639484
1687736456,643617
1687736456,657112
1687736456,665149
1687736456,667892
1687736456,670023
1687736456,671468
1687736456,672056
1687736456,681480
1687736456,693297
1687736457,355125
1687736457,358589
1687736457,360741
1687736457,367663
1687736457,368835
1687736457,375487
1687736457,375517
1687736457,376339
1687736457,378998
1687736457,394173
1687736457,394346
1687736457,401946
1687736457,421668
1687736457,425061
1687736457,429597
1687736457,450341
1687736457,453137
1687736457,468720
1687736457,487642
1687736457,487834
1687736457,516654
1687736457,522997
1687736457,523686
1687736457,534305
1687736457,549219
1687736457,558351
1687736457,559141
1687736457,561403
1687736457,578915
1687736457,585273
1687736457,617792
1687736457,621952
1687736457,623109
1687736457,623156
1687736457,623570
1687736457,629030
1687736457,641203
1687736457,644987
1687736457,649901
1687736457,650857
1687736457,656299
1687736457,658349
1687736457,675088
1687736457,681709
1687736457,683299
1687736457,683441
1687736457,685950
1687736457,687380
1687736457,701855
1687736458,351882
1687736458,352146
1687736458,357614
1687736458,360767
1687736458,364158
1687736458,365004
1687736458,367754
1687736458,368148
1687736458,369761
1687736458,371882
1687736458,373094
1687736458,374271
1687736458,376929
1687736458,379312
1687736458,389877
1687736458,399857
1687736458,418747
1687736458,422970
1687736458,427534
1687736458,438485
1687736458,440143
1687736458,443170
1687736458,458308
1687736458,486833
1687736458,489987
1687736458,493576
1687736458,508975
1687736458,515883
1687736458,521186
1687736458,523011
1687736458,530701
1687736458,543519
1687736458,549241
1687736458,565793
1687736458,574907
1687736458,585121
1687736458,594139
1687736458,611780
1687736458,614305
1687736458,619325
1687736458,619940
1687736458,640882
1687736458,648286
1687736458,650701
1687736458,665850
1687736458,672595
1687736458,672669
1687736458,674055
1687736458,675221
1687736458,678278
1687736458,682635
1687736458,686556
1687736458,687264
1687736458,690795
1687736459,359955
1687736459,362161
1687736459,362760
1687736459,370267
1687736459,374196
1687736459,374516
1687736459,378988
1687736459,386187
1687736459,387142
1687736459,388964
1687736459,390190
1687736459,401611
1687736459,408993
1687736459,410456
1687736459,417726
1687736459,424791
1687736459,444204
1687736459,450743
1687736459,472463
1687736459,477961
1687736459,483793
1687736459,498081
1687736459,507641
1687736459,513556
1687736459,513812
1687736459,530580
1687736459,548410
1687736459,552415
1687736459,572836
1687736459,573570
1687736459,577041
1687736459,584880
1687736459,597364
1687736459,603552
1687736459,608412
1687736459,608916
1687736459,626935
1687736459,629695
1687736459,643066
1687736459,645340
1687736459,646966
1687736459,651730
1687736459,661285
1687736459,662739
1687736459,666368
1687736459,672958
1687736459,684406
1687736459,686373
1687736459,688510
1687736459,696574
1687736459,698304
1687736460,344733
1687736460,357049
1687736460,360677
1687736460,368037
1687736460,369693
1687736460,372732
1687736460,375369
1687736460,379170
1687736460,379408
1687736460,385967
1687736460,389362
1687736460,397520
1687736460,406613
1687736460,408615
1687736460,413496
1687736460,436607
1687736460,439410
1687736460,444377
1687736460,449309
1687736460,464385
1687736460,465413
1687736460,468238
1687736460,469571
1687736460,472557
1687736460,490959
1687736460,506305
1687736460,509106
1687736460,536016
1687736460,538471
1687736460,540568
1687736460,546943
1687736460,550913
1687736460,569079
1687736460,569728
1687736460,570366
1687736460,574813
1687736460,575995
1687736460,576019
1687736460,597003
1687736460,608712
1687736460,610917
1687736460,633661
1687736460,634122
1687736460,637102
1687736460,640243
1687736460,644837
1687736460,656679
1687736460,661966
1687736460,667791
1687736460,668582
1687736460,668852
1687736460,674883
1687736460,676646
1687736460,685298
1687736460,685669
1687736460,690665
1687736461,348103
1687736461,363075
1687736461,367379
1687736461,367943
1687736461,368748
1687736461,370206
1687736461,386297
1687736461,388709
1687736461,399070
1687736461,402431
1687736461,402501
1687736461,414222
1687736461,420107
1687736461,430721
1687736461,434341
1687736461,437010
1687736461,439738
1687736461,440733
1687736461,466924
1687736461,483760
1687736461,496309
1687736461,501765
1687736461,505385
1687736461,505944
1687736461,522483
1687736461,527775
1687736461,532615
1687736461,543514
1687736461,549363
1687736461,574026
1687736461,574572
1687736461,580664
1687736461,589032
1687736461,600238
1687736461,608419
1687736461,609321
1687736461,624997
1687736461,630746
1687736461,631895
1687736461,637620
1687736461,657244
1687736461,658957
1687736461,661051
1687736461,661871
1687736461,664355
1687736461,669891
1687736461,674091
1687736461,676733
1687736461,681253
1687736461,683613
1687736461,687560
1687736461,690226
1687736461,692735
1687736462,344985
1687736462,356353
1687736462,360454
1687736462,365435
1687736462,369649
1687736462,372430
1687736462,373174
1687736462,375258
1687736462,377769
1687736462,378306
1687736462,386865
1687736462,387633
1687736462,388580
1687736462,400144
1687736462,402565
1687736462,414690
1687736462,422984
1687736462,430740
1687736462,444469
1687736462,465318
1687736462,465730
1687736462,471912
1687736462,483503
1687736462,490980
1687736462,493364
1687736462,514529
1687736462,528102
1687736462,534452
1687736462,543746
1687736462,551033
1687736462,562865
1687736462,563251
1687736462,566212
1687736462,571268
1687736462,588528
1687736462,593931
1687736462,595528
1687736462,614166
1687736462,618473
1687736462,620918
1687736462,628309
1687736462,630801
1687736462,651955
1687736462,654407
1687736462,655562
1687736462,657801
1687736462,667040
1687736462,683382
1687736462,684783
1687736463,348181
1687736463,359071
1687736463,360502
1687736463,363871
1687736463,367965
1687736463,368508
1687736463,370632
1687736463,379742
1687736463,389965
1687736463,390418
1687736463,395518
1687736463,402598
1687736463,419190
1687736463,454713
1687736463,456239
1687736463,459205
1687736463,460497
1687736463,480849
1687736463,482408
1687736463,489018
1687736463,506970
1687736463,519387
1687736463,519929
1687736463,524546
1687736463,526240
1687736463,558451
1687736463,565666
1687736463,587748
1687736463,592985
1687736463,598092
1687736463,610544
1687736463,615796
1687736463,619329
1687736463,642324
1687736463,645125
1687736463,652961
1687736463,663331
1687736463,665287
1687736463,672933
1687736463,679743
1687736463,681395
1687736463,682193
1687736463,682687
1687736463,682742
1687736463,685856
1687736463,686810
1687736463,690429
1687736463,693498
1687736464,349889
1687736464,362336
1687736464,367016
1687736464,373708
1687736464,373886
1687736464,374032
1687736464,380058
1687736464,391922
1687736464,396228
1687736464,396354
1687736464,397244
1687736464,398100
1687736464,410561
1687736464,413970
1687736464,415078
1687736464,422019
1687736464,441216
1687736464,446633
1687736464,447276
1687736464,456043
1687736464,456798
1687736464,482218
1687736464,484572
1687736464,488791
1687736464,490056
1687736464,500997
1687736464,514255
1687736464,515305
1687736464,525089
1687736464,545856
1687736464,550751
1687736464,556648
1687736464,562738
1687736464,588731
1687736464,590352
1687736464,594684
1687736464,600286
1687736464,618317
1687736464,619043
1687736464,623965
1687736464,639991
1687736464,647224
1687736464,649901
1687736464,650954
1687736464,665597
1687736464,666142
1687736464,667801
1687736464,671568
1687736464,674815
1687736464,679572
1687736464,690152
1687736465,346085
1687736465,360646
1687736465,361484
1687736465,364663
1687736465,365096
1687736465,365692
1687736465,366565
1687736465,367135
1687736465,373945
1687736465,374212
1687736465,375162
1687736465,382918
1687736465,385326
1687736465,390790
1687736465,395154
1687736465,410447
1687736465,414148
1687736465,418452
1687736465,426455
1687736465,435520
1687736465,437053
1687736465,438712
1687736465,476202
1687736465,479769
1687736465,480529
1687736465,483190
1687736465,499377
1687736465,509512
1687736465,518754
1687736465,527367
1687736465,543095
1687736465,543695
1687736465,563040
1687736465,583463
1687736465,586224
1687736465,591805
1687736465,602954
1687736465,609250
1687736465,612081
1687736465,615641
1687736465,628521
1687736465,629597
1687736465,636224
1687736465,641653
1687736465,647306
1687736465,648692
1687736465,671357
1687736465,673609
1687736465,675176
1687736465,680234
1687736465,681158
1687736465,684111
1687736465,686974
1687736465,692766
1687736465,695767
1687736466,355896
1687736466,358082
1687736466,358324
1687736466,368180
1687736466,368644
1687736466,373326
1687736466,376196
1687736466,384767
1687736466,385110
1687736466,385606
1687736466,389156
1687736466,405677
1687736466,407188
1687736466,408153
1687736466,419930
1687736466,433177
1687736466,434399
1687736466,437417
1687736466,461499
1687736466,467332
1687736466,469729
1687736466,493610
1687736466,498781
1687736466,502795
1687736466,520081
1687736466,534995
1687736466,537016
1687736466,540559
1687736466,579775
1687736466,580188
1687736466,582172
1687736466,597257
1687736466,604038
1687736466,608779
1687736466,619805
1687736466,632201
1687736466,642082
1687736466,642304
1687736466,655146
1687736466,657228
1687736466,662933
1687736466,666946
1687736466,667381
1687736466,671625
1687736466,680931
1687736466,688585
1687736466,691644
1687736467,359328
1687736467,368766
1687736467,369580
1687736467,372600
1687736467,372702
1687736467,378810
1687736467,380069
1687736467,382793
1687736467,387105
1687736467,403674
1687736467,405988
1687736467,408438
1687736467,414101
1687736467,431541
1687736467,432695
1687736467,443497
1687736467,447505
1687736467,461953
1687736467,464318
1687736467,469658
1687736467,471751
1687736467,474547
1687736467,502862
1687736467,503242
1687736467,510083
1687736467,514538
1687736467,518167
1687736467,537446
1687736467,538750
1687736467,543639
1687736467,556465
1687736467,562536
1687736467,564709
1687736467,570919
1687736467,572053
1687736467,606448
1687736467,609021
1687736467,613396
1687736467,630416
1687736467,635449
1687736467,638683
1687736467,651148
1687736467,652157
1687736467,654115
1687736467,657269
1687736467,659303
1687736467,670197
1687736467,672259
1687736467,677707
1687736467,685725
1687736467,689975
1687736467,692501
1687736467,700554
1687736468,353475
1687736468,357963
1687736468,360080
1687736468,362174
1687736468,363584
1687736468,364875
1687736468,366001
1687736468,370969
1687736468,374192
1687736468,376615
1687736468,380456
1687736468,394322
1687736468,402069
1687736468,403193
1687736468,408134
1687736468,414061
1687736468,435974
1687736468,437113
1687736468,448481
1687736468,459420
1687736468,462873
1687736468,475428
1687736468,491381
1687736468,496835
1687736468,510612
1687736468,524898
1687736468,531408
1687736468,546351
1687736468,562244
1687736468,563896
1687736468,576212
1687736468,582201
1687736468,600623
1687736468,602600
1687736468,610860
1687736468,615054
1687736468,625700
1687736468,631315
1687736468,641694
1687736468,642800
1687736468,651686
1687736468,662244
1687736468,664464
1687736468,671323
1687736468,672540
1687736468,672689
1687736468,678463
1687736468,679201
1687736468,681445
1687736468,682477
1687736468,686062
1687736468,692514
1687736469,352865
1687736469,352883
1687736469,369619
1687736469,373146
1687736469,374148
1687736469,387228
1687736469,390725
1687736469,393971
1687736469,397107
1687736469,410906
1687736469,419878
1687736469,422759
1687736469,425547
1687736469,427369
1687736469,444063
1687736469,458057
1687736469,477118
1687736469,488722
1687736469,488904
1687736469,491351
1687736469,513364
1687736469,527585
1687736469,531539
1687736469,537129
1687736469,551255
1687736469,555438
1687736469,557209
1687736469,566350
1687736469,585184
1687736469,590266
1687736469,593218
1687736469,595680
1687736469,597373
1687736469,630143
1687736469,636169
1687736469,643179
1687736469,655261
1687736469,660451
1687736469,662269
1687736469,663385
1687736469,666638
1687736469,673622
1687736469,680191
1687736469,682092
1687736469,689173
1687736469,695346
1687736470,342617
1687736470,359060
1687736470,364676
1687736470,365386
1687736470,367438
1687736470,369104
1687736470,369810
1687736470,372191
1687736470,375876
1687736470,376998
1687736470,377605
1687736470,378045
1687736470,380365
1687736470,390913
1687736470,391273
1687736470,392381
1687736470,392460
1687736470,395030
1687736470,414831
1687736470,419061
1687736470,419884
1687736470,422928
1687736470,423965
1687736470,426233
1687736470,445204
1687736470,449811
1687736470,453665
1687736470,469643
1687736470,481849
1687736470,483582
1687736470,488633
1687736470,512676
1687736470,520486
1687736470,521836
1687736470,548039
1687736470,554684
1687736470,559170
1687736470,576049
1687736470,588173
1687736470,588371
1687736470,593202
1687736470,615890
1687736470,620010
1687736470,620032
1687736470,622468
1687736470,622862
1687736470,636764
1687736470,641561
1687736470,646020
1687736470,652002
1687736470,660391
1687736470,660436
1687736470,669610
1687736470,671627
1687736470,677443
1687736470,679201
1687736470,681616
1687736470,682636
1687736470,684418
1687736470,684534
1687736470,687155
1687736470,690757
1687736471,352761
1687736471,358979
1687736471,359206
1687736471,362350
1687736471,363034
1687736471,369823
1687736471,373739
1687736471,376086
1687736471,383107
1687736471,398077
1687736471,400147
1687736471,401232
1687736471,411451
1687736471,417280
1687736471,419467
1687736471,444707
1687736471,446428
1687736471,453510
1687736471,454526
1687736471,465436
1687736471,482903
1687736471,485180
1687736471,488651
1687736471,505246
1687736471,517930
1687736471,518644
1687736471,526959
1687736471,530233
1687736471,547514
1687736471,559251
1687736471,570560
1687736471,575506
1687736471,580473
1687736471,587999
1687736471,593039
1687736471,605322
1687736471,608374
1687736471,612194
1687736471,617216
1687736471,625440
1687736471,648662
1687736471,649160
1687736471,649763
1687736471,667500
1687736471,668568
1687736471,669856
1687736471,670384
1687736471,671213
1687736471,674066
1687736471,677909
1687736471,685729
1687736471,688875
1687736471,689352
1687736471,692054
1687736472,362055
1687736472,365239
1687736472,367248
1687736472,369450
1687736472,370669
1687736472,371620
1687736472,379841
1687736472,380313
1687736472,389615
1687736472,393722
1687736472,399647
1687736472,401606
1687736472,407648
1687736472,408084
1687736472,431008
1687736472,445316
1687736472,461892
1687736472,463904
1687736472,469554
1687736472,470637
1687736472,479851
1687736472,489349
1687736472,495739
1687736472,504427
1687736472,516442
1687736472,532476
1687736472,539856
1687736472,550943
1687736472,551392
1687736472,566554
1687736472,569032
1687736472,574912
1687736472,602261
1687736472,611823
1687736472,621542
1687736472,629686
1687736472,638013
1687736472,641839
1687736472,642385
1687736472,648526
1687736472,655043
1687736472,667053
1687736472,667807
1687736472,671778
1687736472,681594
1687736472,682531
1687736472,686171
1687736472,687210
1687736472,688664
1687736473,347370
1687736473,359231
1687736473,362571
1687736473,364267
1687736473,367598
1687736473,367850
1687736473,368295
1687736473,379557
1687736473,379626
1687736473,385367
1687736473,387277
1687736473,390814
1687736473,401462
1687736473,408981
1687736473,412073
1687736473,424412
1687736473,430506
1687736473,431072
1687736473,435506
1687736473,468295
1687736473,471382
1687736473,481306
1687736473,502310
1687736473,505363
1687736473,510370
1687736473,514279
1687736473,528749
1687736473,539348
1687736473,571872
1687736473,573723
1687736473,578124
1687736473,583557
1687736473,596310
1687736473,607485
1687736473,607557
1687736473,610444
1687736473,622233
1687736473,636333
1687736473,642565
1687736473,652688
1687736473,658683
1687736473,660524
1687736473,666942
1687736473,668465
1687736473,677570
1687736473,678449
1687736473,680214
1687736473,682392
1687736473,685897
1687736473,695021
1687736474,348660
1687736474,358540
1687736474,361350
1687736474,367131
1687736474,371823
1687736474,372267
1687736474,373269
1687736474,381810
1687736474,382073
1687736474,384999
1687736474,387269
1687736474,390790
1687736474,397626
1687736474,399530
1687736474,402743
1687736474,409098
1687736474,412752
1687736474,431381
1687736474,437190
1687736474,458661
1687736474,464202
1687736474,471469
1687736474,480252
1687736474,493055
1687736474,495372
1687736474,508019
1687736474,524708
1687736474,535810
1687736474,539891
1687736474,541957
1687736474,569114
1687736474,585552
1687736474,594332
1687736474,596635
1687736474,601711
1687736474,611738
1687736474,624117
1687736474,635341
1687736474,652284
1687736474,655064
1687736474,655436
1687736474,656917
1687736474,671510
1687736474,677757
1687736474,678180
1687736474,680329
1687736474,681156
1687736474,687647
1687736474,694480
1687736475,346562
1687736475,350907
1687736475,354837
1687736475,362315
1687736475,364460
1687736475,366860
1687736475,367052
1687736475,370820
1687736475,377678
1687736475,380384
1687736475,382422
1687736475,382550
1687736475,397748
1687736475,403795
1687736475,413951
1687736475,431940
1687736475,439471
1687736475,446046
1687736475,455143
1687736475,458006
1687736475,458423
1687736475,476942
1687736475,491100
1687736475,498437
1687736475,501053
1687736475,529852
1687736475,533463
1687736475,535022
1687736475,543076
1687736475,561096
1687736475,563825
1687736475,564167
1687736475,583625
1687736475,586187
1687736475,602972
1687736475,616945
1687736475,629117
1687736475,631524
1687736475,635733
1687736475,656023
1687736475,656783
1687736475,658286
1687736475,661735
1687736475,662104
1687736475,674302
1687736475,676813
1687736475,685222
1687736475,695268
1687736475,695271
1687736476,351555
1687736476,363921
1687736476,364016
1687736476,367155
1687736476,368107
1687736476,371121
1687736476,373662
1687736476,375991
1687736476,383244
1687736476,390618
1687736476,396511
1687736476,406527
1687736476,414578
1687736476,417478
1687736476,419678
1687736476,420072
1687736476,429087
1687736476,440030
1687736476,456382
1687736476,456442
1687736476,456659
1687736476,478011
1687736476,484446
1687736476,499703
1687736476,516216
1687736476,520653
1687736476,523540
1687736476,546135
1687736476,551566
1687736476,558492
1687736476,559394
1687736476,560582
1687736476,585817
1687736476,588968
1687736476,589860
1687736476,603541
1687736476,603565
1687736476,617688
1687736476,621715
1687736476,641006
1687736476,642289
1687736476,645173
1687736476,655341
1687736476,664169
1687736476,668554
1687736476,671042
1687736476,671366
1687736476,674326
1687736476,682489
1687736476,693599
1687736477,354614
1687736477,358504
1687736477,361294
1687736477,367434
1687736477,374290
1687736477,374483
1687736477,375987
1687736477,377539
1687736477,378116
1687736477,379246
1687736477,393183
1687736477,395401
1687736477,400602
1687736477,423431
1687736477,423466
1687736477,431618
1687736477,451060
1687736477,452526
1687736477,470840
1687736477,485298
1687736477,485662
1687736477,518724
1687736477,520825
1687736477,525962
1687736477,536471
1687736477,547089
1687736477,559365
1687736477,560521
1687736477,581033
1687736477,583127
1687736477,619238
1687736477,621342
1687736477,624849
1687736477,624884
1687736477,642618
1687736477,646293
1687736477,648661
1687736477,649263
1687736477,659092
1687736477,661819
1687736477,670847
1687736477,681121
1687736477,684187
1687736477,686257
1687736477,686997
1687736477,701613
1687736478,352540
1687736478,356537
1687736478,361051
1687736478,363320
1687736478,365589
1687736478,367408
1687736478,367680
1687736478,370154
1687736478,370958
1687736478,372051
1687736478,375527
1687736478,380027
1687736478,388745
1687736478,401018
1687736478,415971
1687736478,416108
1687736478,421402
1687736478,429599
1687736478,435792
1687736478,438218
1687736478,441157
1687736478,460246
1687736478,481629
1687736478,484636
1687736478,492048
1687736478,495609
1687736478,505544
1687736478,511405
1687736478,518048
1687736478,521104
1687736478,532722
1687736478,541546
1687736478,547192
1687736478,554854
1687736478,568087
1687736478,576905
1687736478,582683
1687736478,583175
1687736478,596063
1687736478,610039
1687736478,612379
1687736478,619094
1687736478,621819
1687736478,639504
1687736478,646494
1687736478,651994
1687736478,660291
1687736478,667221
1687736478,672255
1687736478,672659
1687736478,672714
1687736478,681989
1687736478,686438
1687736478,687990
1687736478,690595
1687736479,360968
1687736479,361965
1687736479,362355
1687736479,370748
1687736479,373672
1687736479,374704
1687736479,379967
1687736479,384915
1687736479,387864
1687736479,387916
1687736479,388862
1687736479,403121
1687736479,407630
1687736479,408906
1687736479,426824
1687736479,442492
1687736479,452716
1687736479,469297
1687736479,475698
1687736479,500208
1687736479,505611
1687736479,511148
1687736479,511874
1687736479,532787
1687736479,546440
1687736479,554493
1687736479,571414
1687736479,599130
1687736479,605147
1687736479,606978
1687736479,609768
1687736479,628424
1687736479,631168
1687736479,641658
1687736479,645168
1687736479,646857
1687736479,661690
1687736479,667090
1687736479,674006
1687736479,679127
1687736479,683671
1687736479,686322
1687736479,689030
1687736479,699297
1687736480,345046
1687736480,357535
1687736480,361454
1687736480,368624
1687736480,371554
1687736480,374689
1687736480,380064
1687736480,384766
1687736480,388375
1687736480,390220
1687736480,399103
1687736480,403984
1687736480,404989
1687736480,407099
1687736480,409775
1687736480,438720
1687736480,446304
1687736480,447220
1687736480,463141
1687736480,465708
1687736480,466572
1687736480,471786
1687736480,474667
1687736480,493242
1687736480,506936
1687736480,507447
1687736480,508249
1687736480,534164
1687736480,540656
1687736480,544852
1687736480,552887
1687736480,566813
1687736480,572372
1687736480,572386
1687736480,578057
1687736480,598881
1687736480,607138
1687736480,612729
1687736480,635245
1687736480,635257
1687736480,646417
1687736480,653413
1687736480,655762
1687736480,658284
1687736480,666391
1687736480,667583
1687736480,668878
1687736480,674006
1687736480,677604
1687736480,684511
1687736480,685355
1687736480,690912
1687736481,348515
1687736481,362339
1687736481,363876
1687736481,367086
1687736481,367475
1687736481,369470
1687736481,387614
1687736481,387640
1687736481,397703
1687736481,400892
1687736481,415910
1687736481,422363
1687736481,430945
1687736481,432413
1687736481,432470
1687736481,435439
1687736481,442853
1687736481,464663
1687736481,485721
1687736481,494286
1687736481,499446
1687736481,529909
1687736481,530591
1687736481,541306
1687736481,571866
1687736481,572464
1687736481,582636
1687736481,590929
1687736481,598146
1687736481,607404
1687736481,609936
1687736481,626776
1687736481,628719
1687736481,631710
1687736481,633270
1687736481,657645
1687736481,658350
1687736481,663142
1687736481,663817
1687736481,670781
1687736481,673070
1687736481,678268
1687736481,680614
1687736481,682427
1687736481,683784
1687736481,692489
1687736482,344816
1687736482,356149
1687736482,360341
1687736482,365118
1687736482,369826
1687736482,372771
1687736482,376256
1687736482,378705
1687736482,386389
1687736482,387087
1687736482,387797
1687736482,398767
1687736482,403361
1687736482,416034
1687736482,421029
1687736482,429027
1687736482,446475
1687736482,467716
1687736482,470014
1687736482,485501
1687736482,488771
1687736482,491190
1687736482,516660
1687736482,530258
1687736482,532084
1687736482,546017
1687736482,553350
1687736482,561035
1687736482,564105
1687736482,573308
1687736482,590591
1687736482,591764
1687736482,593185
1687736482,599540
1687736482,615939
1687736482,620106
1687736482,626178
1687736482,629072
1687736482,650588
1687736482,655547
1687736482,656481
1687736482,667203
1687736482,683585
1687736482,685420
1687736483,348218
1687736483,358589
1687736483,360442
1687736483,363424
1687736483,368213
1687736483,368233
1687736483,369540
1687736483,370255
1687736483,376631
1687736483,380360
1687736483,388545
1687736483,391408
1687736483,397541
1687736483,401107
1687736483,412474
1687736483,416539
1687736483,417298
1687736483,449214
1687736483,452573
1687736483,454195
1687736483,457085
1687736483,462510
1687736483,482878
1687736483,486448
1687736483,509311
1687736483,517919
1687736483,521533
1687736483,524047
1687736483,556229
1687736483,557088
1687736483,567624
1687736483,589648
1687736483,590951
1687736483,596155
1687736483,612189
1687736483,616984
1687736483,619163
1687736483,643772
1687736483,646418
1687736483,651470
1687736483,664622
1687736483,666525
1687736483,670800
1687736483,671991
1687736483,680676
1687736483,681139
1687736483,681923
1687736483,683797
1687736483,686268
1687736483,686523
1687736483,689876
1687736483,693656
1687736484,349358
1687736484,361020
1687736484,362816
1687736484,367794
1687736484,372438
1687736484,374188
1687736484,375100
1687736484,380730
1687736484,393001
1687736484,394849
1687736484,397627
1687736484,398756
1687736484,399830
1687736484,408791
1687736484,413392
1687736484,423737
1687736484,443094
1687736484,444856
1687736484,458289
1687736484,459039
1687736484,484106
1687736484,486356
1687736484,492118
1687736484,503215
1687736484,512202
1687736484,513282
1687736484,527310
1687736484,548182
1687736484,548949
1687736484,554561
1687736484,565093
1687736484,588132
1687736484,596317
1687736484,601871
1687736484,616996
1687736484,619759
1687736484,625619
1687736484,640403
1687736484,641532
1687736484,649383
1687736484,651263
1687736484,664813
1687736484,666665
1687736484,675825
1687736484,678599
1687736484,689668
1687736485,346119
1687736485,360819
1687736485,365411
1687736485,365418
1687736485,365457
1687736485,366392
1687736485,367028
1687736485,373402
1687736485,374542
1687736485,376673
1687736485,383669
1687736485,383868
1687736485,389437
1687736485,417051
1687736485,428204
1687736485,433574
1687736485,436719
1687736485,439154
1687736485,477799
1687736485,478364
1687736485,478510
1687736485,481194
1687736485,501570
1687736485,507093
1687736485,516459
1687736485,529525
1687736485,540960
1687736485,546052
1687736485,565276
1687736485,581457
1687736485,584171
1687736485,593647
1687736485,604525
1687736485,610100
1687736485,613631
1687736485,627213
1687736485,630151
1687736485,631100
1687736485,634578
1687736485,647134
1687736485,648732
1687736485,666771
1687736485,671097
1687736485,674973
1687736485,676437
1687736485,679518
1687736485,680421
1687736485,684054
1687736485,686745
1687736485,691890
1687736485,695752
1687736486,356641
1687736486,356965
1687736486,358050
1687736486,367854
1687736486,368686
1687736486,372547
1687736486,377168
1687736486,381534
1687736486,384372
1687736486,385743
1687736486,385984
1687736486,387758
1687736486,406662
1687736486,408251
1687736486,421643
1687736486,432423
1687736486,432981
1687736486,434877
1687736486,435393
1687736486,461838
1687736486,463563
1687736486,467618
1687736486,469298
1687736486,477344
1687736486,495768
1687736486,500881
1687736486,517819
1687736486,520534
1687736486,535042
1687736486,537069
1687736486,538476
1687736486,577711
1687736486,578163
1687736486,581638
1687736486,584437
1687736486,598818
1687736486,605804
1687736486,606716
1687736486,607524
1687736486,633698
1687736486,640089
1687736486,640373
1687736486,656338
1687736486,665543
1687736486,668593
1687736486,671178
1687736486,680380
1687736486,682897
1687736486,689072
1687736486,691691
1687736487,348395
1687736487,358647
1687736487,360427
1687736487,363705
1687736487,368991
1687736487,369552
1687736487,369891
1687736487,372061
1687736487,373366
1687736487,379319
1687736487,380955
1687736487,380958
1687736487,401940
1687736487,407098
1687736487,407844
1687736487,415503
1687736487,415975
1687736487,429856
1687736487,430832
1687736487,445564
1687736487,449538
1687736487,460000
1687736487,471774
1687736487,476652
1687736487,501149
1687736487,505027
1687736487,508008
1687736487,516826
1687736487,536903
1687736487,541612
1687736487,558401
1687736487,560311
1687736487,567015
1687736487,568550
1687736487,569876
1687736487,606961
1687736487,608138
1687736487,614780
1687736487,631875
1687736487,633551
1687736487,637046
1687736487,649819
1687736487,655680
1687736487,655946
1687736487,660737
1687736487,661949
1687736487,671025
1687736487,672478
1687736487,677011
1687736487,685932
1687736487,689421
1687736487,693243
1687736487,699848
1687736488,347180
1687736488,352738
1687736488,360117
1687736488,362899
1687736488,363805
1687736488,364320
1687736488,365345
1687736488,374906
1687736488,376671
1687736488,379591
1687736488,395418
1687736488,401749
1687736488,403118
1687736488,406795
1687736488,433702
1687736488,438678
1687736488,450728
1687736488,457295
1687736488,460729
1687736488,493367
1687736488,494402
1687736488,512768
1687736488,522916
1687736488,525321
1687736488,529315
1687736488,548670
1687736488,560220
1687736488,561893
1687736488,578122
1687736488,584298
1687736488,600516
1687736488,602469
1687736488,612341
1687736488,616716
1687736488,624044
1687736488,629353
1687736488,643058
1687736488,644309
1687736488,653117
1687736488,660834
1687736488,662748
1687736488,672116
1687736488,672362
1687736488,672487
1687736488,672689
1687736488,677352
1687736488,680118
1687736488,682472
1687736488,685959
1687736488,692744
1687736489,353028
1687736489,353231
1687736489,369131
1687736489,374456
1687736489,388328
1687736489,392211
1687736489,392691
1687736489,395945
1687736489,412462
1687736489,420933
1687736489,424529
1687736489,425436
1687736489,427619
1687736489,446271
1687736489,452513
1687736489,455918
1687736489,479203
1687736489,486277
1687736489,489283
1687736489,490909
1687736489,515348
1687736489,533905
1687736489,539338
1687736489,553467
1687736489,555293
1687736489,557709
1687736489,564315
1687736489,587348
1687736489,588260
1687736489,591269
1687736489,595364
1687736489,597416
1687736489,620631
1687736489,628164
1687736489,637769
1687736489,644578
1687736489,653719
1687736489,653819
1687736489,659588
1687736489,663383
1687736489,664327
1687736489,667866
1687736489,680122
1687736489,687152
1687736489,689322
1687736489,695676
1687736490,342656
1687736490,359108
1687736490,364793
1687736490,365280
1687736490,366303
1687736490,369353
1687736490,372134
1687736490,374699
1687736490,376140
1687736490,379086
1687736490,381356
1687736490,389724
1687736490,390878
1687736490,392487
1687736490,393502
1687736490,396037
1687736490,421261
1687736490,421643
1687736490,425898
1687736490,442922
1687736490,447861
1687736490,455723
1687736490,471749
1687736490,479341
1687736490,485485
1687736490,486248
1687736490,514925
1687736490,520133
1687736490,546404
1687736490,552600
1687736490,561437
1687736490,578267
1687736490,586077
1687736490,586294
1687736490,595162
1687736490,617303
1687736490,618209
1687736490,621504
1687736490,624536
1687736490,632264
1687736490,637966
1687736490,640032
1687736490,647525
1687736490,650331
1687736490,661594
1687736490,667534
1687736490,670962
1687736490,671619
1687736490,676262
1687736490,677774
1687736490,681081
1687736490,681773
1687736490,683878
1687736490,685283
1687736490,685360
1687736490,686470
1687736490,690896
1687736491,353350
1687736491,358681
1687736491,358846
1687736491,362766
1687736491,370164
1687736491,372935
1687736491,375297
1687736491,383748
1687736491,396838
1687736491,401113
1687736491,401540
1687736491,403257
1687736491,415799
1687736491,421433
1687736491,443042
1687736491,448381
1687736491,455731
1687736491,456614
1687736491,467382
1687736491,480555
1687736491,483097
1687736491,490683
1687736491,503395
1687736491,507315
1687736491,515826
1687736491,516084
1687736491,528997
1687736491,532332
1687736491,545584
1687736491,561489
1687736491,572438
1687736491,578375
1687736491,586129
1687736491,594878
1687736491,606368
1687736491,606731
1687736491,610054
1687736491,615090
1687736491,626973
1687736491,647569
1687736491,650186
1687736491,650896
1687736491,666453
1687736491,669374
1687736491,669379
1687736491,670359
1687736491,671756
1687736491,672860
1687736491,685426
1687736491,688341
1687736491,689764
1687736491,692020
1687736492,347001
1687736492,362423
1687736492,362622
1687736492,364214
1687736492,364995
1687736492,367492
1687736492,370099
1687736492,371432
1687736492,371933
1687736492,378620
1687736492,381207
1687736492,388037
1687736492,392506
1687736492,396502
1687736492,403399
1687736492,406069
1687736492,406599
1687736492,432992
1687736492,441966
1687736492,443490
1687736492,463994
1687736492,465968
1687736492,467056
1687736492,468811
1687736492,477779
1687736492,491274
1687736492,497785
1687736492,506580
1687736492,514327
1687736492,534649
1687736492,537768
1687736492,548956
1687736492,553203
1687736492,566814
1687736492,568704
1687736492,572792
1687736492,604075
1687736492,609769
1687736492,623079
1687736492,631183
1687736492,636472
1687736492,640117
1687736492,643965
1687736492,649878
1687736492,654034
1687736492,672883
1687736492,681564
1687736492,683391
1687736492,686522
1687736492,686710
1687736492,688019
1687736493,347363
1687736493,359644
1687736493,366927
1687736493,367334
1687736493,367788
1687736493,380440
1687736493,381169
1687736493,386004
1687736493,391368
1687736493,403072
1687736493,407517
1687736493,408556
1687736493,410690
1687736493,426225
1687736493,429245
1687736493,432019
1687736493,433705
1687736493,466173
1687736493,473365
1687736493,483585
1687736493,500758
1687736493,504469
1687736493,508338
1687736493,512432
1687736493,529616
1687736493,530747
1687736493,537355
1687736493,550144
1687736493,571515
1687736493,573938
1687736493,580226
1687736493,585445
1687736493,598220
1687736493,605451
1687736493,608515
1687736493,609106
1687736493,613797
1687736493,624062
1687736493,630178
1687736493,634239
1687736493,634278
1687736493,640714
1687736493,654194
1687736493,658674
1687736493,659090
1687736493,666190
1687736493,669730
1687736493,673299
1687736493,677560
1687736493,678759
1687736493,680570
1687736493,684973
1687736493,694097
1687736493,694526
1687736494,354292
1687736494,356987
1687736494,358287
1687736494,364508
1687736494,366693
1687736494,372572
1687736494,372920
1687736494,382851
1687736494,386005
1687736494,389420
1687736494,396384
1687736494,398113
1687736494,401154
1687736494,410772
1687736494,414422
1687736494,418004
1687736494,423465
1687736494,429465
1687736494,439316
1687736494,466076
1687736494,469221
1687736494,482389
1687736494,491082
1687736494,493277
1687736494,503271
1687736494,510125
1687736494,522518
1687736494,526927
1687736494,538067
1687736494,544149
1687736494,571167
1687736494,583615
1687736494,592381
1687736494,594590
1687736494,597418
1687736494,603265
1687736494,613413
1687736494,625652
1687736494,633007
1687736494,633288
1687736494,637136
1687736494,648580
1687736494,651073
1687736494,656535
1687736494,659889
1687736494,672693
1687736494,677047
1687736494,678462
1687736494,679434
1687736494,681762
1687736494,687793
1687736495,350873
1687736495,355156
1687736495,362154
1687736495,365237
1687736495,366756
1687736495,367888
1687736495,370200
1687736495,376225
1687736495,379337
1687736495,383173
1687736495,383765
1687736495,399561
1687736495,402168
1687736495,415858
1687736495,429998
1687736495,441567
1687736495,446200
1687736495,448192
1687736495,455938
1687736495,456120
1687736495,456960
1687736495,479039
1687736495,488959
1687736495,500618
1687736495,503171
1687736495,527766
1687736495,531361
1687736495,533115
1687736495,533809
1687736495,545304
1687736495,551474
1687736495,562000
1687736495,562177
1687736495,585383
1687736495,588236
1687736495,604509
1687736495,617672
1687736495,618432
1687736495,627232
1687736495,629894
1687736495,646744
1687736495,656652
1687736495,656962
1687736495,657962
1687736495,660272
1687736495,663504
1687736495,673498
1687736495,673506
1687736495,677709
1687736495,684738
1687736495,694677
1687736495,695328
1687736496,349262
1687736496,350672
1687736496,363293
1687736496,363504
1687736496,367027
1687736496,367655
1687736496,368472
1687736496,371557
1687736496,374224
1687736496,374872
1687736496,383695
1687736496,384300
1687736496,391849
1687736496,396047
1687736496,397313
1687736496,405268
1687736496,415740
1687736496,416459
1687736496,418189
1687736496,418507
1687736496,427144
1687736496,441925
1687736496,453975
1687736496,454225
1687736496,458785
1687736496,486520
1687736496,497279
1687736496,518276
1687736496,518635
1687736496,521622
1687736496,522621
1687736496,548171
1687736496,553713
1687736496,556413
1687736496,557628
1687736496,562892
1687736496,583879
1687736496,586857
1687736496,591656
1687736496,599875
1687736496,601683
1687736496,605383
1687736496,615908
1687736496,619571
1687736496,642469
1687736496,646690
1687736496,653570
1687736496,663142
1687736496,669132
1687736496,670557
1687736496,672657
1687736496,673504
1687736496,683355
1687736496,683457
1687736496,693852
1687736497,354158
1687736497,358474
1687736497,361819
1687736497,362661
1687736497,367248
1687736497,373548
1687736497,374730
1687736497,376527
1687736497,377262
1687736497,378803
1687736497,392039
1687736497,396659
1687736497,399279
1687736497,421795
1687736497,425291
1687736497,433614
1687736497,449017
1687736497,454694
1687736497,472993
1687736497,482934
1687736497,483481
1687736497,498429
1687736497,518663
1687736497,520812
1687736497,528240
1687736497,538643
1687736497,539586
1687736497,544959
1687736497,557293
1687736497,562675
1687736497,580988
1687736497,583172
1687736497,619553
1687736497,620721
1687736497,625416
1687736497,626109
1687736497,626643
1687736497,643992
1687736497,647385
1687736497,647599
1687736497,647631
1687736497,659150
1687736497,659819
1687736497,663235
1687736497,666270
1687736497,668561
1687736497,680512
1687736497,685045
1687736497,686528
1687736497,686562
1687736497,701285
1687736498,353230
1687736498,355541
1687736498,361384
1687736498,366173
1687736498,367265
1687736498,370106
1687736498,370575
1687736498,371017
1687736498,376808
1687736498,379831
1687736498,380776
1687736498,387648
1687736498,402187
1687736498,409578
1687736498,417799
1687736498,419846
1687736498,431697
1687736498,433131
1687736498,436316
1687736498,439225
1687736498,462215
1687736498,479460
1687736498,482390
1687736498,494119
1687736498,497626
1687736498,519254
1687736498,520250
1687736498,534776
1687736498,539578
1687736498,545148
1687736498,570327
1687736498,578906
1687736498,581231
1687736498,597979
1687736498,608304
1687736498,610402
1687736498,621636
1687736498,623695
1687736498,638098
1687736498,644672
1687736498,648311
1687736498,653274
1687736498,671246
1687736498,671858
1687736498,672724
1687736498,679970
1687736498,681308
1687736498,686277
1687736498,688649
1687736498,690426
1687736499,361802
1687736499,361980
1687736499,362011
1687736499,371286
1687736499,372859
1687736499,375187
1687736499,380980
1687736499,383662
1687736499,386751
1687736499,387571
1687736499,388697
1687736499,404672
1687736499,407357
1687736499,409588
1687736499,428863
1687736499,440842
1687736499,454707
1687736499,466808
1687736499,473442
1687736499,502353
1687736499,503559
1687736499,509938
1687736499,513333
1687736499,535028
1687736499,544512
1687736499,556616
1687736499,569268
1687736499,580501
1687736499,600883
1687736499,605044
1687736499,606704
1687736499,611087
1687736499,629909
1687736499,632581
1687736499,640237
1687736499,643363
1687736499,659321
1687736499,660605
1687736499,667749
1687736499,675018
1687736499,682903
1687736499,685035
1687736499,686223
1687736499,689479
1687736499,700214
1687736500,345391
1687736500,358034
1687736500,361559
1687736500,362302
1687736500,369245
1687736500,370373
1687736500,383553
1687736500,389642
1687736500,391115
1687736500,400746
1687736500,403368
1687736500,405239
1687736500,411029
1687736500,440888
1687736500,445117
1687736500,448215
1687736500,460864
1687736500,463130
1687736500,468722
1687736500,473988
1687736500,495529
1687736500,504755
1687736500,510222
1687736500,532297
1687736500,542748
1687736500,542834
1687736500,554824
1687736500,564559
1687736500,569908
1687736500,574414
1687736500,580032
1687736500,600727
1687736500,605554
1687736500,611439
1687736500,614524
1687736500,633361
1687736500,636856
1687736500,647968
1687736500,654639
1687736500,654810
1687736500,659672
1687736500,664940
1687736500,665661
1687736500,666242
1687736500,669168
1687736500,673076
1687736500,678502
1687736500,683663
1687736500,691113
1687736501,349004
1687736501,361642
1687736501,366250
1687736501,367590
1687736501,370014
1687736501,370231
1687736501,386529
1687736501,389028
1687736501,396355
1687736501,399373
1687736501,405522
1687736501,417613
1687736501,421752
1687736501,424603
1687736501,430535
1687736501,433830
1687736501,434254
1687736501,444959
1687736501,462439
1687736501,476770
1687736501,487680
1687736501,492214
1687736501,497145
1687736501,528538
1687736501,529697
1687736501,532051
1687736501,539057
1687736501,569697
1687736501,570369
1687736501,584623
1687736501,592783
1687736501,596072
1687736501,605480
1687736501,626687
1687736501,628541
1687736501,634677
1687736501,656292
1687736501,659469
1687736501,663271
1687736501,664430
1687736501,671667
1687736501,672030
1687736501,679741
1687736501,679850
1687736501,683512
1687736501,683951
1687736501,686720
1687736501,692194
1687736502,344705
1687736502,356000
1687736502,360274
1687736502,360425
1687736502,364860
1687736502,373120
1687736502,377271
1687736502,379661
1687736502,385131
1687736502,385638
1687736502,388732
1687736502,397368
1687736502,404116
1687736502,417385
1687736502,419150
1687736502,427303
1687736502,448500
1687736502,468089
1687736502,469706
1687736502,486547
1687736502,487461
1687736502,489023
1687736502,518797
1687736502,532391
1687736502,548265
1687736502,555634
1687736502,559179
1687736502,562015
1687736502,563025
1687736502,575361
1687736502,589552
1687736502,590810
1687736502,592622
1687736502,617702
1687736502,621758
1687736502,624061
1687736502,627320
1687736502,643580
1687736502,649210
1687736502,655126
1687736502,656697
1687736502,667408
1687736502,683752
1687736502,686006
1687736503,348284
1687736503,358159
1687736503,363039
1687736503,367976
1687736503,368461
1687736503,368479
1687736503,370661
1687736503,373728
1687736503,375683
1687736503,380999
1687736503,392452
1687736503,399543
1687736503,399641
1687736503,411047
1687736503,415566
1687736503,418283
1687736503,450445
1687736503,451186
1687736503,452155
1687736503,454954
1687736503,464502
1687736503,483872
1687736503,484925
1687736503,511658
1687736503,515954
1687736503,521858
1687736503,523709
1687736503,554051
1687736503,559326
1687736503,569558
1687736503,588888
1687736503,591544
1687736503,594232
1687736503,614841
1687736503,617411
1687736503,645163
1687736503,647689
1687736503,649984
1687736503,665945
1687736503,667277
1687736503,667759
1687736503,669926
1687736503,671014
1687736503,679926
1687736503,680087
1687736503,681111
1687736503,686223
1687736503,686641
1687736503,689274
1687736504,348887
1687736504,360572
1687736504,363318
1687736504,367093
1687736504,368627
1687736504,371803
1687736504,376179
1687736504,381384
1687736504,393307
1687736504,394107
1687736504,399109
1687736504,400306
1687736504,407059
1687736504,411758
1687736504,425498
1687736504,443118
1687736504,445004
1687736504,460545
1687736504,461264
1687736504,479178
1687736504,483969
1687736504,486030
1687736504,494223
1687736504,510173
1687736504,511255
1687736504,529520
1687736504,550508
1687736504,552501
1687736504,567431
1687736504,582122
1687736504,585857
1687736504,597926
1687736504,603455
1687736504,614920
1687736504,621215
1687736504,627302
1687736504,643064
1687736504,647815
1687736504,652605
1687736504,664039
1687736504,667140
1687736504,676766
1687736504,679204
1687736504,689138
1687736505,346198
1687736505,361048
1687736505,364307
1687736505,365773
1687736505,366285
1687736505,366979
1687736505,367090
1687736505,372884
1687736505,374854
1687736505,377937
1687736505,378218
1687736505,382412
1687736505,384504
1687736505,388104
1687736505,397895
1687736505,415635
1687736505,429938
1687736505,431653
1687736505,434740
1687736505,441258
1687736505,475796
1687736505,476486
1687736505,480513
1687736505,509259
1687736505,514152
1687736505,531694
1687736505,538833
1687736505,548390
1687736505,567510
1687736505,579453
1687736505,579867
1687736505,595455
1687736505,611594
1687736505,631755
1687736505,632633
1687736505,632910
1687736505,639108
1687736505,645513
1687736505,650145
1687736505,665704
1687736505,670871
1687736505,677658
1687736505,678796
1687736505,681256
1687736505,683972
1687736505,686477
1687736505,695696
1687736506,355881
1687736506,357389
1687736506,357883
1687736506,362508
1687736506,367132
1687736506,371790
1687736506,378189
1687736506,381001
1687736506,383182
1687736506,386113
1687736506,386356
1687736506,386766
1687736506,406721
1687736506,409301
1687736506,414452
1687736506,423399
1687736506,430497
1687736506,433404
1687736506,435070
1687736506,436640
1687736506,465503
1687736506,465618
1687736506,471222
1687736506,497927
1687736506,498741
1687736506,502986
1687736506,515495
1687736506,533099
1687736506,536353
1687736506,539124
1687736506,576146
1687736506,583500
1687736506,600379
1687736506,604672
1687736506,604859
1687736506,605789
1687736506,607542
1687736506,635187
1687736506,638092
1687736506,638435
1687736506,657492
1687736506,660125
1687736506,660934
1687736506,664147
1687736506,669786
1687736506,670703
1687736506,679768
1687736506,683341
1687736506,689552
1687736506,691720
1687736507,348144
1687736507,359356
1687736507,361548
1687736507,363624
1687736507,369231
1687736507,370212
1687736507,371465
1687736507,374152
1687736507,379878
1687736507,380081
1687736507,380238
1687736507,381903
1687736507,400255
1687736507,405775
1687736507,409681
1687736507,416986
1687736507,417858
1687736507,429016
1687736507,447648
1687736507,451608
1687736507,458057
1687736507,459339
1687736507,473876
1687736507,499085
1687736507,505893
1687736507,507226
1687736507,519144
1687736507,535066
1687736507,539588
1687736507,558121
1687736507,560343
1687736507,566189
1687736507,567665
1687736507,569317
1687736507,609807
1687736507,613812
1687736507,616189
1687736507,630400
1687736507,633310
1687736507,635359
1687736507,648464
1687736507,654610
1687736507,657240
1687736507,671832
1687736507,672634
1687736507,676253
1687736507,686135
1687736507,688799
1687736507,693910
1687736508,347802
1687736508,352061
1687736508,360189
1687736508,363657
1687736508,364038
1687736508,364720
1687736508,375634
1687736508,378763
1687736508,393752
1687736508,396528
1687736508,400339
1687736508,405454
1687736508,431481
1687736508,440295
1687736508,454621
1687736508,455208
1687736508,458580
1687736508,479272
1687736508,483846
1687736508,491926
1687736508,495393
1687736508,509522
1687736508,514940
1687736508,520961
1687736508,523079
1687736508,527224
1687736508,551013
1687736508,558184
1687736508,559895
1687736508,580038
1687736508,586361
1687736508,598404
1687736508,604249
1687736508,622385
1687736508,627364
1687736508,644376
1687736508,645815
1687736508,654569
1687736508,659418
1687736508,661006
1687736508,665224
1687736508,671634
1687736508,672669
1687736508,673385
1687736508,676235
1687736508,681057
1687736508,685843
1687736508,692958
1687736509,353220
1687736509,353597
1687736509,364227
1687736509,368621
1687736509,374793
1687736509,374825
1687736509,382366
1687736509,383238
1687736509,389496
1687736509,391453
1687736509,394808
1687736509,414046
1687736509,419147
1687736509,422842
1687736509,423529
1687736509,423630
1687736509,429723
1687736509,448532
1687736509,450480
1687736509,453760
1687736509,481315
1687736509,487170
1687736509,492930
1687736509,517348
1687736509,536301
1687736509,541569
1687736509,553384
1687736509,555650
1687736509,562230
1687736509,586185
1687736509,589305
1687736509,589444
1687736509,593316
1687736509,611729
1687736509,618385
1687736509,626145
1687736509,626160
1687736509,639354
1687736509,652544
1687736509,658652
1687736509,664487
1687736509,669119
1687736509,671317
1687736509,680056
1687736509,682833
1687736509,685206
1687736509,686258
1687736509,689451
1687736509,693777
1687736510,342694
1687736510,359185
1687736510,362346
1687736510,365177
1687736510,365844
1687736510,369571
1687736510,372090
1687736510,373550
1687736510,374008
1687736510,375314
1687736510,380142
1687736510,380500
1687736510,388596
1687736510,389381
1687736510,393725
1687736510,394605
1687736510,397079
1687736510,419603
1687736510,423375
1687736510,440646
1687736510,445934
1687736510,457814
1687736510,473862
1687736510,476844
1687736510,481017
1687736510,483871
1687736510,487437
1687736510,505382
1687736510,517165
1687736510,518444
1687736510,544806
1687736510,550494
1687736510,563686
1687736510,580464
1687736510,583955
1687736510,584229
1687736510,597052
1687736510,613875
1687736510,616395
1687736510,618723
1687736510,618826
1687736510,623054
1687736510,638489
1687736510,639129
1687736510,648646
1687736510,648993
1687736510,662719
1687736510,669589
1687736510,671588
1687736510,672243
1687736510,675018
1687736510,676319
1687736510,680512
1687736510,680847
1687736510,685783
1687736510,685942
1687736510,690952
1687736511,353913
1687736511,358202
1687736511,358770
1687736511,363228
1687736511,370519
1687736511,372173
1687736511,374543
1687736511,384397
1687736511,395588
1687736511,403031
1687736511,405283
1687736511,407773
1687736511,414319
1687736511,423423
1687736511,441399
1687736511,450340
1687736511,457924
1687736511,469342
1687736511,478274
1687736511,479731
1687736511,492728
1687736511,501299
1687736511,509414
1687736511,513504
1687736511,513718
1687736511,531043
1687736511,534400
1687736511,543722
1687736511,563719
1687736511,574300
1687736511,576291
1687736511,584272
1687736511,596699
1687736511,607870
1687736511,608130
1687736511,612948
1687736511,628518
1687736511,646013
1687736511,649879
1687736511,651672
1687736511,652042
1687736511,668836
1687736511,669457
1687736511,670110
1687736511,671611
1687736511,673106
1687736511,685074
1687736511,687315
1687736511,690594
1687736511,691942
1687736512,346501
1687736512,364733
1687736512,365088
1687736512,367730
1687736512,370792
1687736512,371333
1687736512,373203
1687736512,377427
1687736512,382102
1687736512,384967
1687736512,386467
1687736512,391304
1687736512,402551
1687736512,404543
1687736512,405118
1687736512,405235
1687736512,435014
1687736512,441692
1687736512,444121
1687736512,464579
1687736512,466066
1687736512,467016
1687736512,475683
1687736512,499805
1687736512,508706
1687736512,512178
1687736512,535711
1687736512,536888
1687736512,546563
1687736512,547122
1687736512,555450
1687736512,564655
1687736512,570686
1687736512,570830
1687736512,605866
1687736512,607691
1687736512,624626
1687736512,632688
1687736512,634936
1687736512,638391
1687736512,645510
1687736512,651238
1687736512,652954
1687736512,674017
1687736512,681483
1687736512,684215
1687736512,686176
1687736512,686834
1687736512,687318
1687736513,347406
1687736513,360076
1687736513,361832
1687736513,362309
1687736513,363228
1687736513,366265
1687736513,366405
1687736513,367749
1687736513,381219
1687736513,382823
1687736513,384742
1687736513,391953
1687736513,406053
1687736513,409337
1687736513,427486
1687736513,427578
1687736513,428053
1687736513,431959
1687736513,433545
1687736513,464090
1687736513,475341
1687736513,485824
1687736513,506339
1687736513,506603
1687736513,510554
1687736513,527621
1687736513,532753
1687736513,535392
1687736513,536273
1687736513,552339
1687736513,569289
1687736513,575973
1687736513,582330
1687736513,587318
1687736513,600133
1687736513,603374
1687736513,604876
1687736513,606589
1687736513,610626
1687736513,623446
1687736513,625857
1687736513,628336
1687736513,632192
1687736513,635684
1687736513,638824
1687736513,655698
1687736513,657630
1687736513,664219
1687736513,665388
1687736513,671002
1687736513,673077
1687736513,676650
1687736513,679947
1687736513,680917
1687736513,683954
1687736513,693678
1687736513,693993
1687736514,353474
1687736514,357766
1687736514,358073
1687736514,364790
1687736514,366295
1687736514,373380
1687736514,373573
1687736514,383663
1687736514,387065
1687736514,388107
1687736514,395130
1687736514,396759
1687736514,399587
1687736514,404241
1687736514,412496
1687736514,416106
1687736514,419959
1687736514,421740
1687736514,441440
1687736514,466975
1687736514,467993
1687736514,484510
1687736514,489148
1687736514,491171
1687736514,501138
1687736514,512250
1687736514,522906
1687736514,524846
1687736514,529128
1687736514,529248
1687736514,541738
1687736514,546349
1687736514,573229
1687736514,581649
1687736514,590400
1687736514,592582
1687736514,595357
1687736514,615025
1687736514,627139
1687736514,631220
1687736514,634311
1687736514,649823
1687736514,657612
1687736514,673874
1687736514,676307
1687736514,678487
1687736514,678658
1687736514,682367
1687736514,687886
1687736515,350836
1687736515,355509
1687736515,365990
1687736515,366641
1687736515,368179
1687736515,368725
1687736515,369619
1687736515,374856
1687736515,378334
1687736515,383943
1687736515,385051
1687736515,400534
1687736515,401403
1687736515,417793
1687736515,428067
1687736515,443669
1687736515,444057
1687736515,450360
1687736515,453911
1687736515,458798
1687736515,481119
1687736515,486827
1687736515,502798
1687736515,505289
1687736515,525660
1687736515,531210
1687736515,547535
1687736515,549331
1687736515,560188
1687736515,560207
1687736515,564924
1687736515,587084
1687736515,590245
1687736515,606046
1687736515,619053
1687736515,619934
1687736515,625342
1687736515,628237
1687736515,638506
1687736515,644840
1687736515,645272
1687736515,654974
1687736515,657847
1687736515,658760
1687736515,659135
1687736515,664910
1687736515,672666
1687736515,673662
1687736515,678531
1687736515,684220
1687736515,694066
1687736515,695321
1687736516,349829
1687736516,349851
1687736516,362651
1687736516,363037
1687736516,365689
1687736516,368167
1687736516,368931
1687736516,372034
1687736516,373778
1687736516,384179
1687736516,393135
1687736516,397638
1687736516,398134
1687736516,404038
1687736516,414003
1687736516,416738
1687736516,416976
1687736516,418362
1687736516,425191
1687736516,443823
1687736516,451577
1687736516,451990
1687736516,460921
1687736516,488604
1687736516,494850
1687736516,516598
1687736516,519694
1687736516,520333
1687736516,550234
1687736516,554343
1687736516,555853
1687736516,555854
1687736516,565210
1687736516,581976
1687736516,584751
1687736516,593407
1687736516,599799
1687736516,601460
1687736516,607197
1687736516,614151
1687736516,617415
1687736516,643873
1687736516,648194
1687736516,651773
1687736516,662043
1687736516,669653
1687736516,670051
1687736516,672663
1687736516,673945
1687736516,682860
1687736516,684330
1687736516,694057
1687736517,353743
1687736517,358516
1687736517,362344
1687736517,366809
1687736517,367099
1687736517,372660
1687736517,375223
1687736517,376459
1687736517,377103
1687736517,380115
1687736517,381572
1687736517,390897
1687736517,397962
1687736517,397977
1687736517,420146
1687736517,427127
1687736517,435606
1687736517,446995
1687736517,456821
1687736517,464198
1687736517,475211
1687736517,480552
1687736517,481309
1687736517,481487
1687736517,500638
1687736517,516470
1687736517,522909
1687736517,524789
1687736517,530547
1687736517,540821
1687736517,542859
1687736517,555163
1687736517,564773
1687736517,572267
1687736517,578841
1687736517,585293
1687736517,599133
1687736517,617761
1687736517,622197
1687736517,623588
1687736517,627362
1687736517,628412
1687736517,642818
1687736517,645335
1687736517,645947
1687736517,646065
1687736517,648861
1687736517,658198
1687736517,660569
1687736517,664612
1687736517,667058
1687736517,668327
1687736517,679864
1687736517,680613
1687736517,685892
1687736517,686084
1687736517,686764
1687736517,700878
1687736518,344630
1687736518,353943
1687736518,354598
1687736518,361783
1687736518,366756
1687736518,369333
1687736518,370008
1687736518,370999
1687736518,378111
1687736518,379198
1687736518,379947
1687736518,386582
1687736518,389467
1687736518,403405
1687736518,418319
1687736518,419682
1687736518,430526
1687736518,430922
1687736518,433857
1687736518,434463
1687736518,437364
1687736518,469340
1687736518,472079
1687736518,477284
1687736518,480144
1687736518,496222
1687736518,499678
1687736518,507132
1687736518,517426
1687736518,522443
1687736518,536878
1687736518,537633
1687736518,543131
1687736518,579310
1687736518,579956
1687736518,580925
1687736518,599904
1687736518,604359
1687736518,606550
1687736518,608378
1687736518,625574
1687736518,636703
1687736518,641553
1687736518,654545
1687736518,658345
1687736518,669790
1687736518,669854
1687736518,671416
1687736518,672688
1687736518,680800
1687736518,686077
1687736518,689298
1687736518,690232
1687736519,361623
1687736519,361684
1687736519,361697
1687736519,363046
1687736519,365786
1687736519,371855
1687736519,372131
1687736519,374187
1687736519,375660
1687736519,382082
1687736519,382438
1687736519,385622
1687736519,386303
1687736519,405837
1687736519,406272
1687736519,411595
1687736519,412805
1687736519,439223
1687736519,450117
1687736519,456707
1687736519,464290
1687736519,467998
1687736519,471217
1687736519,498714
1687736519,501507
1687736519,504519
1687736519,507983
1687736519,515507
1687736519,537302
1687736519,542586
1687736519,558738
1687736519,567159
1687736519,578316
1687736519,597635
1687736519,602631
1687736519,603121
1687736519,608245
1687736519,612435
1687736519,631374
1687736519,633938
1687736519,638804
1687736519,654477
1687736519,659473
1687736519,665318
1687736519,666115
1687736519,668360
1687736519,676015
1687736519,682077
1687736519,684717
1687736519,686072
1687736519,689790
1687736519,701024
1687736520,345771
1687736520,345785
1687736520,358563
1687736520,363239
1687736520,369873
1687736520,370989
1687736520,381897
1687736520,382365
1687736520,390916
1687736520,392049
1687736520,393619
1687736520,401761
1687736520,402401
1687736520,403393
1687736520,412350
1687736520,442975
1687736520,443043
1687736520,447199
1687736520,458606
1687736520,460525
1687736520,470816
1687736520,476154
1687736520,497821
1687736520,502567
1687736520,512228
1687736520,530402
1687736520,536763
1687736520,540624
1687736520,544995
1687736520,556463
1687736520,556754
1687736520,562361
1687736520,567407
1687736520,576441
1687736520,582017
1687736520,602547
1687736520,603943
1687736520,616292
1687736520,628539
1687736520,631451
1687736520,636966
1687736520,638427
1687736520,649467
1687736520,653791
1687736520,655817
1687736520,661090
1687736520,663447
1687736520,664790
1687736520,669432
1687736520,672094
1687736520,679392
1687736520,682776
1687736520,691287
1687736521,349547
1687736521,359337
1687736521,365422
1687736521,367713
1687736521,370213
1687736521,385444
1687736521,390465
1687736521,395052
1687736521,397866
1687736521,407101
1687736521,419347
1687736521,426814
1687736521,428703
1687736521,432181
1687736521,436050
1687736521,447032
1687736521,460215
1687736521,478857
1687736521,489652
1687736521,490133
1687736521,494843
1687736521,511573
1687736521,517553
1687736521,526475
1687736521,534194
1687736521,567510
1687736521,568268
1687736521,586584
1687736521,593970
1687736521,594565
1687736521,603516
1687736521,612918
1687736521,617602
1687736521,624674
1687736521,630292
1687736521,636093
1687736521,654934
1687736521,660546
1687736521,661106
1687736521,662702
1687736521,665705
1687736521,670988
1687736521,671438
1687736521,672552
1687736521,678802
1687736521,681426
1687736521,684100
1687736521,684514
1687736521,686264
1687736522,344612
1687736522,349618
1687736522,355909
1687736522,360265
1687736522,364619
1687736522,373454
1687736522,378292
1687736522,380625
1687736522,383882
1687736522,384235
1687736522,389693
1687736522,395985
1687736522,404703
1687736522,404854
1687736522,410789
1687736522,418758
1687736522,420992
1687736522,425572
1687736522,450551
1687736522,453166
1687736522,466113
1687736522,471736
1687736522,484352
1687736522,486837
1687736522,489398
1687736522,493227
1687736522,520915
1687736522,527298
1687736522,529737
1687736522,534523
1687736522,550474
1687736522,557304
1687736522,557879
1687736522,559940
1687736522,577432
1687736522,587335
1687736522,588424
1687736522,594622
1687736522,619425
1687736522,621976
1687736522,623447
1687736522,625559
1687736522,647826
1687736522,653694
1687736522,657854
1687736522,667623
1687736522,683885
1687736522,686535
1687736523,348368
1687736523,357769
1687736523,360453
1687736523,362724
1687736523,367407
1687736523,367755
1687736523,368769
1687736523,371055
1687736523,374737
1687736523,381653
1687736523,393531
1687736523,398219
1687736523,401528
1687736523,409675
1687736523,413909
1687736523,420088
1687736523,448354
1687736523,450147
1687736523,452799
1687736523,466503
1687736523,481297
1687736523,487015
1687736523,507548
1687736523,514024
1687736523,514026
1687736523,519653
1687736523,525884
1687736523,551908
1687736523,561506
1687736523,571446
1687736523,586818
1687736523,592281
1687736523,593394
1687736523,612707
1687736523,615592
1687736523,615677
1687736523,646538
1687736523,648501
1687736523,648980
1687736523,666986
1687736523,667289
1687736523,668999
1687736523,670054
1687736523,678986
1687736523,679178
1687736523,680265
1687736523,685938
1687736523,686976
1687736523,688660
1687736524,348457
1687736524,360184
1687736524,363848
1687736524,366168
1687736524,367132
1687736524,369513
1687736524,371210
1687736524,377272
1687736524,380930
1687736524,382040
1687736524,391751
1687736524,395234
1687736524,400648
1687736524,401901
1687736524,405340
1687736524,410215
1687736524,427331
1687736524,441385
1687736524,446930
1687736524,453816
1687736524,462769
1687736524,463442
1687736524,477141
1687736524,481597
1687736524,487951
1687736524,496339
1687736524,508166
1687736524,509213
1687736524,531745
1687736524,550454
1687736524,552828
1687736524,569733
1687736524,580060
1687736524,583531
1687736524,599575
1687736524,605041
1687736524,609616
1687736524,612813
1687736524,622637
1687736524,629016
1687736524,637799
1687736524,644541
1687736524,653908
1687736524,663243
1687736524,667546
1687736524,677660
1687736524,679726
1687736524,688585
1687736524,693859
1687736525,346286
1687736525,361363
1687736525,363278
1687736525,366986
1687736525,367796
1687736525,372364
1687736525,373324
1687736525,375152
1687736525,379789
1687736525,385399
1687736525,386825
1687736525,399317
1687736525,414173
1687736525,429742
1687736525,431687
1687736525,432814
1687736525,443361
1687736525,473829
1687736525,474455
1687736525,482690
1687736525,511835
1687736525,533883
1687736525,536699
1687736525,545318
1687736525,550691
1687736525,569694
1687736525,572519
1687736525,597225
1687736525,609544
1687736525,631222
1687736525,633318
1687736525,634204
1687736525,643854
1687736525,646229
1687736525,651596
1687736525,664623
1687736525,670611
1687736525,678100
1687736525,678834
1687736525,682083
1687736525,683847
1687736525,686165
1687736525,695585
1687736526,354830
1687736526,357819
1687736526,358140
1687736526,362031
1687736526,366462
1687736526,371083
1687736526,379247
1687736526,382055
1687736526,384969
1687736526,387868
1687736526,404969
1687736526,410376
1687736526,425167
1687736526,428620
1687736526,431449
1687736526,437177
1687736526,438476
1687736526,463404
1687736526,467628
1687736526,496764
1687736526,500136
1687736526,505115
1687736526,513132
1687736526,531181
1687736526,534155
1687736526,541208
1687736526,543918
1687736526,574164
1687736526,577484
1687736526,585331
1687736526,601996
1687736526,602625
1687736526,604022
1687736526,609265
1687736526,636056
1687736526,636494
1687736526,636680
1687736526,649751
1687736526,658606
1687736526,661565
1687736526,662726
1687736526,670215
1687736526,670921
1687736526,679110
1687736526,683731
1687736526,690027
1687736526,691709
1687736527,347899
1687736527,360056
1687736527,362707
1687736527,363588
1687736527,369204
1687736527,369457
1687736527,370926
1687736527,374917
1687736527,378933
1687736527,379212
1687736527,380460
1687736527,382924
1687736527,398628
1687736527,404464
1687736527,405438
1687736527,411516
1687736527,419793
1687736527,427274
1687736527,449751
1687736527,453111
1687736527,453736
1687736527,456117
1687736527,456836
1687736527,475991
1687736527,497017
1687736527,503783
1687736527,521458
1687736527,533224
1687736527,537559
1687736527,555943
1687736527,562261
1687736527,563847
1687736527,571622
1687736527,602757
1687736527,611481
1687736527,617617
1687736527,633637
1687736527,634720
1687736527,647086
1687736527,653274
1687736527,658784
1687736527,672670
1687736527,672719
1687736527,675472
1687736527,686326
1687736527,688147
1687736528,348465
1687736528,351422
1687736528,360297
1687736528,364133
1687736528,364281
1687736528,364449
1687736528,366860
1687736528,376368
1687736528,377942
1687736528,395340
1687736528,397638
1687736528,398945
1687736528,404129
1687736528,418460
1687736528,429282
1687736528,441947
1687736528,452651
1687736528,456450
1687736528,481193
1687736528,489439
1687736528,497483
1687736528,517114
1687736528,519053
1687736528,520837
1687736528,525139
1687736528,553374
1687736528,556152
1687736528,557908
1687736528,565408
1687736528,581993
1687736528,588372
1687736528,596266
1687736528,605984
1687736528,615273
1687736528,620698
1687736528,625358
1687736528,645666
1687736528,647274
1687736528,656075
1687736528,657680
1687736528,657998
1687736528,659232
1687736528,659868
1687736528,670140
1687736528,671163
1687736528,672623
1687736528,674395
1687736528,675110
1687736528,681929
1687736528,683203
1687736528,685705
1687736528,693154
1687736528,694508
1687736529,353478
1687736529,353988
1687736529,363734
1687736529,368089
1687736529,375185
1687736529,375402
1687736529,382181
1687736529,390254
1687736529,390746
1687736529,393715
1687736529,415675
1687736529,417311
1687736529,417393
1687736529,421196
1687736529,421646
1687736529,425515
1687736529,431829
1687736529,450857
1687736529,451602
1687736529,481435
1687736529,483437
1687736529,485026
1687736529,494966
1687736529,519375
1687736529,527006
1687736529,538708
1687736529,543807
1687736529,557803
1687736529,560090
1687736529,584043
1687736529,587385
1687736529,591218
1687736529,591507
1687736529,620052
1687736529,624125
1687736529,640886
1687736529,651201
1687736529,665574
1687736529,666055
1687736529,670377
1687736529,673736
1687736529,674873
1687736529,679975
1687736529,686472
1687736529,689540
1687736530,342765
1687736530,359293
1687736530,362048
1687736530,364065
1687736530,366420
1687736530,366884
1687736530,369785
1687736530,372443
1687736530,381209
1687736530,381214
1687736530,383399
1687736530,387515
1687736530,387908
1687736530,394973
1687736530,395796
1687736530,398155
1687736530,404575
1687736530,417932
1687736530,425128
1687736530,438434
1687736530,444049
1687736530,459920
1687736530,474341
1687736530,476002
1687736530,478932
1687736530,481489
1687736530,489438
1687736530,516734
1687736530,519395
1687736530,543225
1687736530,548358
1687736530,565893
1687736530,581854
1687736530,582162
1687736530,582644
1687736530,598915
1687736530,614539
1687736530,617070
1687736530,620129
1687736530,623556
1687736530,624609
1687736530,636956
1687736530,640314
1687736530,644418
1687736530,646911
1687736530,650418
1687736530,651152
1687736530,663831
1687736530,671548
1687736530,673437
1687736530,679859
1687736530,679908
1687736530,685108
1687736530,686519
1687736530,690966
1687736530,691827
1687736531,354435
1687736531,357737
1687736531,358726
1687736531,363775
1687736531,370880
1687736531,371446
1687736531,373841
1687736531,374543
1687736531,385030
1687736531,394368
1687736531,406006
1687736531,407357
1687736531,412827
1687736531,425440
1687736531,439805
1687736531,452289
1687736531,460078
1687736531,471316
1687736531,476024
1687736531,494811
1687736531,499220
1687736531,510968
1687736531,511545
1687736531,511601
1687736531,525282
1687736531,533122
1687736531,541931
1687736531,576211
1687736531,582401
1687736531,598496
1687736531,602355
1687736531,605674
1687736531,609512
1687736531,610774
1687736531,651819
1687736531,653150
1687736531,653216
1687736531,668252
1687736531,668547
1687736531,668983
1687736531,670765
1687736531,674418
1687736531,684730
1687736531,686271
1687736531,691842
1687736532,346048
1687736532,364458
1687736532,366022
1687736532,371341
1687736532,371535
1687736532,376257
1687736532,383029
1687736532,383871
1687736532,390125
1687736532,403044
1687736532,403644
1687736532,437045
1687736532,439920
1687736532,446270
1687736532,462115
1687736532,465227
1687736532,468082
1687736532,469992
1687736532,473116
1687736532,501841
1687736532,509954
1687736532,533679
1687736532,539191
1687736532,544161
1687736532,557681
1687736532,562528
1687736532,568570
1687736532,572961
1687736532,605577
1687736532,607620
1687736532,626171
1687736532,627762
1687736532,633432
1687736532,634237
1687736532,636680
1687736532,647006
1687736532,652655
1687736532,664121
1687736532,675190
1687736532,685014
1687736532,685631
1687736532,686570
1687736532,687131
1687736533,347512
1687736533,360534
1687736533,360979
1687736533,362192
1687736533,362205
1687736533,365520
1687736533,365619
1687736533,367724
1687736533,370530
1687736533,381949
1687736533,383510
1687736533,384532
1687736533,392557
1687736533,404600
1687736533,406348
1687736533,407973
1687736533,425809
1687736533,429865
1687736533,430300
1687736533,435092
1687736533,462052
1687736533,477341
1687736533,488042
1687736533,504375
1687736533,508614
1687736533,508719
1687736533,525590
1687736533,533419
1687736533,534761
1687736533,554487
1687736533,567060
1687736533,577957
1687736533,582003
1687736533,584441
1687736533,589168
1687736533,600791
1687736533,604690
1687736533,625238
1687736533,626457
1687736533,627649
1687736533,630105
1687736533,636907
1687736533,637139
1687736533,656165
1687736533,657195
1687736533,662769
1687736533,664501
1687736533,672273
1687736533,672758
1687736533,675019
1687736533,675725
1687736533,681254
1687736533,693424
1687736534,352685
1687736534,357916
1687736534,358565
1687736534,369085
1687736534,374206
1687736534,374210
1687736534,374642
1687736534,384530
1687736534,386832
1687736534,393883
1687736534,398064
1687736534,414273
1687736534,417811
1687736534,420059
1687736534,421933
1687736534,425745
1687736534,426165
1687736534,443571
1687736534,464765
1687736534,469966
1687736534,487284
1687736534,489044
1687736534,509463
1687736534,514390
1687736534,527163
1687736534,527218
1687736534,531344
1687736534,534495
1687736534,548510
1687736534,575323
1687736534,579661
1687736534,588412
1687736534,590580
1687736534,593262
1687736534,607583
1687736534,616598
1687736534,628587
1687736534,629160
1687736534,635600
1687736534,648547
1687736534,658661
1687736534,662347
1687736534,675534
1687736534,677477
1687736534,678805
1687736534,682941
1687736534,687914
1687736534,693242
1687736535,350802
1687736535,355894
1687736535,366530
1687736535,366712
1687736535,369579
1687736535,373506
1687736535,377361
1687736535,384740
1687736535,386377
1687736535,398918
1687736535,403265
1687736535,419749
1687736535,423258
1687736535,441937
1687736535,445782
1687736535,451902
1687736535,452515
1687736535,460711
1687736535,483240
1687736535,484708
1687736535,504969
1687736535,507449
1687736535,523509
1687736535,529331
1687736535,547202
1687736535,549777
1687736535,558263
1687736535,558369
1687736535,566816
1687736535,588750
1687736535,606503
1687736535,620448
1687736535,621428
1687736535,623398
1687736535,626588
1687736535,639845
1687736535,643783
1687736535,646067
1687736535,653243
1687736535,657237
1687736535,658717
1687736535,660310
1687736535,671801
1687736535,673796
1687736535,679328
1687736535,683668
1687736535,693423
1687736535,695252
1687736536,349064
1687736536,350488
1687736536,362025
1687736536,362607
1687736536,364375
1687736536,368653
1687736536,369456
1687736536,372524
1687736536,372736
1687736536,384689
1687736536,398987
1687736536,402820
1687736536,412270
1687736536,415333
1687736536,415438
1687736536,420297
1687736536,445706
1687736536,449235
1687736536,449756
1687736536,463046
1687736536,490666
1687736536,492424
1687736536,502814
1687736536,514554
1687736536,517754
1687736536,522404
1687736536,552295
1687736536,552309
1687736536,554115
1687736536,557993
1687736536,567544
1687736536,580122
1687736536,582681
1687736536,595144
1687736536,597914
1687736536,603004
1687736536,609005
1687736536,612408
1687736536,615223
1687736536,645189
1687736536,649664
1687736536,649950
1687736536,660905
1687736536,669495
1687736536,670109
1687736536,671751
1687736536,675216
1687736536,682326
1687736536,685150
1687736536,694266
1687736536,700398
1687736537,353387
1687736537,358591
1687736537,362881
1687736537,366551
1687736537,366988
1687736537,371827
1687736537,375709
1687736537,375749
1687736537,377691
1687736537,381505
1687736537,389780
1687736537,396692
1687736537,399297
1687736537,418498
1687736537,428995
1687736537,437638
1687736537,445024
1687736537,458930
1687736537,477470
1687736537,478177
1687736537,479121
1687736537,483243
1687736537,514254
1687736537,525004
1687736537,532856
1687736537,540794
1687736537,542997
1687736537,553065
1687736537,566856
1687736537,570218
1687736537,576692
1687736537,587405
1687736537,602033
1687736537,615951
1687736537,621744
1687736537,623655
1687736537,628610
1687736537,630185
1687736537,644223
1687736537,644709
1687736537,646634
1687736537,650110
1687736537,657182
1687736537,661316
1687736537,665973
1687736537,667051
1687736537,667812
1687736537,668314
1687736537,679220
1687736537,685570
1687736537,685833
1687736537,686730
1687736537,686954
1687736538,344777
1687736538,353723
1687736538,354691
1687736538,362215
1687736538,367335
1687736538,368626
1687736538,369053
1687736538,371428
1687736538,378620
1687736538,379417
1687736538,380499
1687736538,385557
1687736538,404673
1687736538,416833
1687736538,421592
1687736538,427971
1687736538,431967
1687736538,432633
1687736538,435539
1687736538,436044
1687736538,466202
1687736538,467196
1687736538,474258
1687736538,475091
1687736538,477899
1687736538,498362
1687736538,501724
1687736538,505021
1687736538,515606
1687736538,524650
1687736538,535723
1687736538,539004
1687736538,541100
1687736538,565960
1687736538,574629
1687736538,577344
1687736538,581788
1687736538,582945
1687736538,601844
1687736538,604792
1687736538,606332
1687736538,627440
1687736538,635308
1687736538,639703
1687736538,640912
1687736538,655823
1687736538,670957
1687736538,671117
1687736538,672600
1687736538,679913
1687736538,681583
1687736538,689857
1687736538,690048
1687736539,345523
1687736539,360902
1687736539,361314
1687736539,361590
1687736539,364085
1687736539,371475
1687736539,372479
1687736539,372706
1687736539,376093
1687736539,381250
1687736539,383180
1687736539,384488
1687736539,385059
1687736539,403967
1687736539,404381
1687736539,407933
1687736539,411158
1687736539,413667
1687736539,432988
1687736539,437628
1687736539,440815
1687736539,449272
1687736539,452011
1687736539,458684
1687736539,461763
1687736539,469049
1687736539,495181
1687736539,496871
1687736539,499452
1687736539,505999
1687736539,506692
1687736539,517681
1687736539,539622
1687736539,540677
1687736539,558658
1687736539,560868
1687736539,565074
1687736539,576150
1687736539,595893
1687736539,601166
1687736539,604379
1687736539,609777
1687736539,613733
1687736539,626681
1687736539,632818
1687736539,635240
1687736539,637351
1687736539,651176
1687736539,655753
1687736539,657371
1687736539,658307
1687736539,665518
1687736539,668910
1687736539,676972
1687736539,681235
1687736539,681345
1687736539,684400
1687736539,685884
1687736539,690003
1687736539,701698
1687736540,346256
1687736540,359121
1687736540,364217
1687736540,364652
1687736540,366481
1687736540,370489
1687736540,381201
1687736540,382799
1687736540,392167
1687736540,392222
1687736540,393041
1687736540,400135
1687736540,401573
1687736540,404059
1687736540,413776
1687736540,426892
1687736540,445191
1687736540,451533
1687736540,456387
1687736540,457880
1687736540,472877
1687736540,478295
1687736540,500386
1687736540,514273
1687736540,528528
1687736540,538528
1687736540,547094
1687736540,558786
1687736540,560194
1687736540,564903
1687736540,578458
1687736540,583975
1687736540,602353
1687736540,604319
1687736540,618036
1687736540,629539
1687736540,638349
1687736540,639965
1687736540,650901
1687736540,652746
1687736540,656955
1687736540,661900
1687736540,663269
1687736540,669685
1687736540,671073
1687736540,680285
1687736540,681839
1687736540,691443
1687736541,360188
1687736541,365934
1687736541,367832
1687736541,370440
1687736541,371760
1687736541,384360
1687736541,391947
1687736541,393809
1687736541,394471
1687736541,396327
1687736541,408716
1687736541,421102
1687736541,428971
1687736541,430517
1687736541,437879
1687736541,449106
1687736541,458009
1687736541,480939
1687736541,484635
1687736541,488024
1687736541,491625
1687736541,492546
1687736541,500094
1687736541,513604
1687736541,515748
1687736541,524424
1687736541,534448
1687736541,536346
1687736541,565332
1687736541,566185
1687736541,588516
1687736541,591859
1687736541,596296
1687736541,601516
1687736541,614366
1687736541,616017
1687736541,622664
1687736541,632071
1687736541,637552
1687736541,653571
1687736541,661591
1687736541,662116
1687736541,662506
1687736541,666973
1687736541,669940
1687736541,671102
1687736541,673438
1687736541,677801
1687736541,683015
1687736541,684261
1687736541,685451
1687736541,685795
1687736542,344558
1687736542,348925
1687736542,355868
1687736542,360317
1687736542,361915
1687736542,373817
1687736542,379327
1687736542,381584
1687736542,382668
1687736542,382851
1687736542,390680
1687736542,394615
1687736542,405577
1687736542,408781
1687736542,415536
1687736542,420143
1687736542,423233
1687736542,423854
1687736542,452619
1687736542,464129
1687736542,473796
1687736542,482161
1687736542,491328
1687736542,523010
1687736542,524934
1687736542,531938
1687736542,536651
1687736542,552657
1687736542,555400
1687736542,557871
1687736542,560102
1687736542,579503
1687736542,585074
1687736542,585993
1687736542,596634
1687736542,619921
1687736542,621143
1687736542,623800
1687736542,624845
1687736542,625201
1687736542,646401
1687736542,652207
1687736542,659020
1687736542,667871
1687736542,677845
1687736542,683974
1687736542,687045
1687736542,687289
1687736543,348506
1687736543,357426
1687736543,360563
1687736543,362462
1687736543,366381
1687736543,367602
1687736543,369074
1687736543,371433
1687736543,373844
1687736543,382330
1687736543,394654
1687736543,396833
1687736543,403517
1687736543,408328
1687736543,412322
1687736543,421926
1687736543,439630
1687736543,446290
1687736543,448193
1687736543,450656
1687736543,455183
1687736543,468506
1687736543,478769
1687736543,489098
1687736543,509746
1687736543,512121
1687736543,516385
1687736543,528053
1687736543,541713
1687736543,549781
1687736543,563676
1687736543,573340
1687736543,584753
1687736543,590310
1687736543,595184
1687736543,610570
1687736543,613919
1687736543,617332
1687736543,634293
1687736543,646993
1687736543,647886
1687736543,650235
1687736543,652423
1687736543,662457
1687736543,666640
1687736543,667962
1687736543,668705
1687736543,669071
1687736543,670245
1687736543,672186
1687736543,678401
1687736543,679403
1687736543,685643
1687736543,688029
1687736543,693887
1687736544,347644
1687736544,348043
1687736544,357234
1687736544,359841
1687736544,362322
1687736544,363857
1687736544,364395
1687736544,370468
1687736544,370620
1687736544,378393
1687736544,382401
1687736544,382705
1687736544,390199
1687736544,390219
1687736544,396342
1687736544,399260
1687736544,400794
1687736544,402261
1687736544,403526
1687736544,403677
1687736544,408733
1687736544,429217
1687736544,448820
1687736544,464962
1687736544,465597
1687736544,475100
1687736544,479269
1687736544,489937
1687736544,498464
1687736544,506165
1687736544,507195
1687736544,507551
1687736544,533965
1687736544,548404
1687736544,555126
1687736544,572057
1687736544,577997
1687736544,601231
1687736544,606168
1687736544,606610
1687736544,607448
1687736544,610679
1687736544,624012
1687736544,630733
1687736544,636458
1687736544,644623
1687736544,645999
1687736544,655171
1687736544,667984
1687736544,678492
1687736544,680196
1687736544,685812
1687736544,687998
1687736545,346375
1687736545,361756
1687736545,366608
1687736545,367042
1687736545,368006
1687736545,368512
1687736545,370538
1687736545,371847
1687736545,375471
1687736545,379498
1687736545,381419
1687736545,385599
1687736545,386364
1687736545,400750
1687736545,412681
1687736545,427870
1687736545,430956
1687736545,433465
1687736545,445431
1687736545,455609
1687736545,471857
1687736545,472394
1687736545,474991
1687736545,484851
1687736545,509525
1687736545,536081
1687736545,543472
1687736545,552951
1687736545,564586
1687736545,571835
1687736545,575502
1687736545,598969
1687736545,607489
1687736545,629507
1687736545,634859
1687736545,635766
1687736545,642139
1687736545,650248
1687736545,653026
1687736545,663529
1687736545,667434
1687736545,670336
1687736545,677464
1687736545,678408
1687736545,679966
1687736545,682893
1687736545,683686
1687736545,695441
1687736546,343802
1687736546,353796
1687736546,357829
1687736546,358879
1687736546,366564
1687736546,370407
1687736546,370805
1687736546,380341
1687736546,380976
1687736546,383595
1687736546,383605
1687736546,389044
1687736546,403301
1687736546,411488
1687736546,426823
1687736546,426939
1687736546,429518
1687736546,439313
1687736546,440375
1687736546,461341
1687736546,469604
1687736546,480551
1687736546,494804
1687736546,507239
1687736546,510749
1687736546,527640
1687736546,529290
1687736546,531940
1687736546,543327
1687736546,546118
1687736546,572225
1687736546,584086
1687736546,585190
1687736546,587165
1687736546,600519
1687736546,602200
1687736546,603626
1687736546,610970
1687736546,613160
1687736546,627027
1687736546,634026
1687736546,634593
1687736546,638190
1687736546,658803
1687736546,659663
1687736546,661277
1687736546,663003
1687736546,669700
1687736546,671962
1687736546,684050
1687736546,687106
1687736546,690447
1687736546,691667
1687736547,342740
1687736547,347658
1687736547,360772
1687736547,363584
1687736547,363900
1687736547,369685
1687736547,370423
1687736547,375693
1687736547,377631
1687736547,378348
1687736547,381054
1687736547,384002
1687736547,387790
1687736547,397045
1687736547,403170
1687736547,406637
1687736547,413365
1687736547,421723
1687736547,425610
1687736547,451047
1687736547,451861
1687736547,454188
1687736547,454307
1687736547,455906
1687736547,478097
1687736547,485202
1687736547,494932
1687736547,501651
1687736547,511682
1687736547,523758
1687736547,531391
1687736547,535555
1687736547,553784
1687736547,561512
1687736547,564161
1687736547,573917
1687736547,586844
1687736547,600656
1687736547,619085
1687736547,631897
1687736547,636108
1687736547,645651
1687736547,651902
1687736547,658423
1687736547,660311
1687736547,661320
1687736547,672744
1687736547,673492
1687736547,674658
1687736547,686511
1687736547,687440
1687736547,691426
1687736547,695035
1687736548,349174
1687736548,350830
1687736548,360418
1687736548,363587
1687736548,364550
1687736548,365244
1687736548,365563
1687736548,368040
1687736548,368379
1687736548,375594
1687736548,377140
1687736548,377143
1687736548,396990
1687736548,397581
1687736548,398743
1687736548,402794
1687736548,419952
1687736548,427094
1687736548,443632
1687736548,450689
1687736548,454332
1687736548,483150
1687736548,486952
1687736548,499555
1687736548,517153
1687736548,519311
1687736548,523098
1687736548,555689
1687736548,555913
1687736548,583977
1687736548,590361
1687736548,594095
1687736548,607696
1687736548,616731
1687736548,618965
1687736548,623334
1687736548,646945
1687736548,648699
1687736548,656573
1687736548,657435
1687736548,657616
1687736548,668936
1687736548,670664
1687736548,672546
1687736548,673950
1687736548,675378
1687736548,682786
1687736548,683512
1687736548,685507
1687736548,693347
1687736549,350143
1687736549,353806
1687736549,354408
1687736549,364420
1687736549,367531
1687736549,375967
1687736549,381149
1687736549,389084
1687736549,392059
1687736549,392639
1687736549,415653
1687736549,417336
1687736549,419564
1687736549,419765
1687736549,427454
1687736549,433931
1687736549,449425
1687736549,453225
1687736549,479045
1687736549,482866
1687736549,485598
1687736549,497028
1687736549,521450
1687736549,529266
1687736549,541089
1687736549,546028
1687736549,557904
1687736549,559945
1687736549,581842
1687736549,585498
1687736549,589089
1687736549,593533
1687736549,621698
1687736549,622124
1687736549,629349
1687736549,642370
1687736549,649813
1687736549,666632
1687736549,666833
1687736549,671643
1687736549,673415
1687736549,679896
1687736549,687608
1687736549,689599
1687736550,342885
1687736550,359408
1687736550,361794
1687736550,362978
1687736550,366968
1687736550,370007
1687736550,371397
1687736550,381998
1687736550,382271
1687736550,384460
1687736550,386432
1687736550,386518
1687736550,396216
1687736550,397079
1687736550,399247
1687736550,416281
1687736550,426856
1687736550,436276
1687736550,442149
1687736550,462024
1687736550,471879
1687736550,476815
1687736550,478162
1687736550,479130
1687736550,491500
1687736550,517414
1687736550,521605
1687736550,541609
1687736550,546198
1687736550,568066
1687736550,579745
1687736550,580072
1687736550,584807
1687736550,600721
1687736550,612676
1687736550,615338
1687736550,621535
1687736550,626156
1687736550,635381
1687736550,641502
1687736550,645115
1687736550,651856
1687736550,664952
1687736550,671498
1687736550,674542
1687736550,678827
1687736550,679275
1687736550,684429
1687736550,687022
1687736550,690946
1687736551,354902
1687736551,357299
1687736551,358717
1687736551,364378
1687736551,364483
1687736551,370753
1687736551,371237
1687736551,373200
1687736551,385625
1687736551,393153
1687736551,404272
1687736551,406176
1687736551,409423
1687736551,411345
1687736551,427495
1687736551,454241
1687736551,462200
1687736551,473290
1687736551,473791
1687736551,496916
1687736551,497174
1687736551,508478
1687736551,509454
1687736551,513710
1687736551,535233
1687736551,540183
1687736551,559877
1687736551,568199
1687736551,578117
1687736551,580519
1687736551,581195
1687736551,600303
1687736551,600357
1687736551,603488
1687736551,608603
1687736551,610891
1687736551,642839
1687736551,654349
1687736551,654593
1687736551,667600
1687736551,667608
1687736551,671357
1687736551,673532
1687736551,675710
1687736551,684376
1687736551,685235
1687736551,691692
1687736552,345596
1687736552,347701
1687736552,364180
1687736552,366995
1687736552,371429
1687736552,372330
1687736552,375140
1687736552,382805
1687736552,383980
1687736552,388934
1687736552,401552
1687736552,402205
1687736552,405341
1687736552,424222
1687736552,438151
1687736552,439100
1687736552,448401
1687736552,459641
1687736552,463444
1687736552,470085
1687736552,471989
1687736552,497127
1687736552,502349
1687736552,503860
1687736552,507674
1687736552,531640
1687736552,541513
1687736552,541781
1687736552,560441
1687736552,566451
1687736552,575075
1687736552,603490
1687736552,603905
1687736552,609349
1687736552,627701
1687736552,631947
1687736552,634974
1687736552,635802
1687736552,638624
1687736552,648438
1687736552,650653
1687736552,654093
1687736552,662836
1687736552,674774
1687736552,676380
1687736552,685084
1687736552,685771
1687736552,685774
1687736552,687377
1687736553,360356
1687736553,361047
1687736553,362089
1687736553,362632
1687736553,364683
1687736553,364990
1687736553,365811
1687736553,367718
1687736553,382306
1687736553,382640
1687736553,386324
1687736553,393225
1687736553,403185
1687736553,406597
1687736553,408016
1687736553,428713
1687736553,429533
1687736553,431675
1687736553,436649
1687736553,460069
1687736553,479330
1687736553,490229
1687736553,502399
1687736553,506637
1687736553,523536
1687736553,531472
1687736553,534592
1687736553,536772
1687736553,564846
1687736553,579910
1687736553,586555
1687736553,591003
1687736553,602788
1687736553,624520
1687736553,628005
1687736553,629418
1687736553,634999
1687736553,654689
1687736553,658670
1687736553,661313
1687736553,663583
1687736553,672362
1687736553,681579
1687736553,692828
1687736554,351920
1687736554,357830
1687736554,359373
1687736554,365594
1687736554,374842
1687736554,375055
1687736554,375096
1687736554,385462
1687736554,385598
1687736554,392671
1687736554,396560
1687736554,416077
1687736554,418414
1687736554,419527
1687736554,423928
1687736554,423948
1687736554,424322
1687736554,445712
1687736554,447906
1687736554,462597
1687736554,471993
1687736554,485456
1687736554,486929
1687736554,516549
1687736554,525097
1687736554,529585
1687736554,533556
1687736554,550656
1687736554,577452
1687736554,577685
1687736554,586384
1687736554,588599
1687736554,591148
1687736554,609158
1687736554,618172
1687736554,627119
1687736554,630020
1687736554,636899
1687736554,647290
1687736554,659715
1687736554,663613
1687736554,674739
1687736554,676129
1687736554,676394
1687736554,678910
1687736554,683465
1687736554,687910
1687736554,692761
1687736555,350773
1687736555,356300
1687736555,366408
1687736555,367392
1687736555,368585
1687736555,370475
1687736555,372199
1687736555,376353
1687736555,385538
1687736555,387739
1687736555,397315
1687736555,405138
1687736555,421688
1687736555,439845
1687736555,449287
1687736555,449918
1687736555,454666
1687736555,462663
1687736555,482597
1687736555,485392
1687736555,507152
1687736555,509610
1687736555,527458
1687736555,545110
1687736555,552040
1687736555,556365
1687736555,556565
1687736555,568700
1687736555,590396
1687736555,621860
1687736555,622938
1687736555,624919
1687736555,641127
1687736555,642286
1687736555,647220
1687736555,651460
1687736555,655728
1687736555,659581
1687736555,661486
1687736555,670913
1687736555,673879
1687736555,680075
1687736555,683088
1687736555,695110
1687736556,348346
1687736556,351143
1687736556,361801
1687736556,362199
1687736556,363098
1687736556,363295
1687736556,369167
1687736556,370033
1687736556,371747
1687736556,373048
1687736556,399884
1687736556,401631
1687736556,410523
1687736556,413918
1687736556,421368
1687736556,422256
1687736556,443068
1687736556,446908
1687736556,447527
1687736556,447547
1687736556,489997
1687736556,492703
1687736556,504958
1687736556,512447
1687736556,515797
1687736556,518599
1687736556,524496
1687736556,550256
1687736556,552408
1687736556,554385
1687736556,560141
1687736556,578297
1687736556,580610
1687736556,595991
1687736556,602440
1687736556,604487
1687736556,610694
1687736556,610791
1687736556,613050
1687736556,646463
1687736556,648087
1687736556,651064
1687736556,659732
1687736556,668929
1687736556,670530
1687736556,670774
1687736556,676457
1687736556,681789
1687736556,685940
1687736556,694425
1687736557,353046
1687736557,358733
1687736557,363448
1687736557,366302
1687736557,366898
1687736557,374980
1687736557,376313
1687736557,378340
1687736557,382926
1687736557,383294
1687736557,388670
1687736557,395421
1687736557,400681
1687736557,416845
1687736557,430903
1687736557,439666
1687736557,461023
1687736557,475794
1687736557,476994
1687736557,479753
1687736557,484998
1687736557,512012
1687736557,527103
1687736557,535181
1687736557,545149
1687736557,550959
1687736557,554153
1687736557,568178
1687736557,568923
1687736557,574555
1687736557,589474
1687736557,614117
1687736557,619856
1687736557,625092
1687736557,629828
1687736557,631943
1687736557,643287
1687736557,647876
1687736557,656099
1687736557,662031
1687736557,665760
1687736557,666806
1687736557,667313
1687736557,668486
1687736557,678529
1687736557,685025
1687736557,685555
1687736557,687074
1687736557,687581
1687736558,344964
1687736558,352903
1687736558,355458
1687736558,362674
1687736558,367914
1687736558,367998
1687736558,368140
1687736558,370856
1687736558,371842
1687736558,375920
1687736558,377294
1687736558,381850
1687736558,384540
1687736558,405929
1687736558,415381
1687736558,423532
1687736558,425478
1687736558,430820
1687736558,468234
1687736558,472860
1687736558,475613
1687736558,476484
1687736558,500542
1687736558,502923
1687736558,503753
1687736558,513835
1687736558,515013
1687736558,526872
1687736558,533828
1687736558,539065
1687736558,575384
1687736558,576663
1687736558,583599
1687736558,584998
1687736558,603052
1687736558,603782
1687736558,604303
1687736558,629290
1687736558,633891
1687736558,637859
1687736558,638938
1687736558,657119
1687736558,670430
1687736558,672385
1687736558,672462
1687736558,679151
1687736558,682328
1687736558,689892
1687736558,690345
1687736559,345325
1687736559,360129
1687736559,361037
1687736559,361524
1687736559,365120
1687736559,372112
1687736559,373152
1687736559,376492
1687736559,380140
1687736559,383677
1687736559,383824
1687736559,395836
1687736559,402972
1687736559,409525
1687736559,409607
1687736559,415784
1687736559,435087
1687736559,436042
1687736559,466873
1687736559,495002
1687736559,497404
1687736559,503990
1687736559,508873
1687736559,519878
1687736559,538751
1687736559,541987
1687736559,556573
1687736559,573999
1687736559,594127
1687736559,599181
1687736559,606115
1687736559,611292
1687736559,615040
1687736559,634244
1687736559,635878
1687736559,652584
1687736559,656406
1687736559,656959
1687736559,664911
1687736559,669409
1687736559,677889
1687736559,680360
1687736559,685629
1687736559,690112
1687736560,346816
1687736560,359711
1687736560,366887
1687736560,367240
1687736560,371091
1687736560,380034
1687736560,384275
1687736560,390879
1687736560,393429
1687736560,394086
1687736560,398548
1687736560,399807
1687736560,405787
1687736560,438640
1687736560,447337
1687736560,454200
1687736560,455255
1687736560,460668
1687736560,474917
1687736560,480421
1687736560,498212
1687736560,502336
1687736560,510848
1687736560,516358
1687736560,526678
1687736560,532077
1687736560,532718
1687736560,536435
1687736560,549207
1687736560,558011
1687736560,561108
1687736560,562400
1687736560,580459
1687736560,585912
1687736560,600781
1687736560,614439
1687736560,619773
1687736560,624843
1687736560,627603
1687736560,639716
1687736560,641467
1687736560,651673
1687736560,652290
1687736560,658056
1687736560,660314
1687736560,661678
1687736560,669894
1687736560,669999
1687736560,680899
1687736560,681136
1687736560,681153
1687736560,691563
1687736561,361018
1687736561,364232
1687736561,367944
1687736561,370671
1687736561,383283
1687736561,392595
1687736561,393455
1687736561,394760
1687736561,400934
1687736561,410390
1687736561,422896
1687736561,428805
1687736561,431084
1687736561,438256
1687736561,439721
1687736561,451149
1687736561,455822
1687736561,483031
1687736561,485870
1687736561,490257
1687736561,493595
1687736561,513957
1687736561,515647
1687736561,522368
1687736561,538489
1687736561,538753
1687736561,563144
1687736561,564125
1687736561,589739
1687736561,590445
1687736561,597981
1687736561,599503
1687736561,620690
1687736561,633862
1687736561,639040
1687736561,652213
1687736561,661483
1687736561,662607
1687736561,663924
1687736561,668224
1687736561,668901
1687736561,670741
1687736561,672429
1687736561,674313
1687736561,676762
1687736561,684434
1687736561,684585
1687736561,685327
1687736561,686303
1687736562,344554
1687736562,348270
1687736562,355889
1687736562,360454
1687736562,360760
1687736562,374182
1687736562,380414
1687736562,381487
1687736562,381496
1687736562,382558
1687736562,390972
1687736562,391732
1687736562,393285
1687736562,406290
1687736562,406842
1687736562,413805
1687736562,421542
1687736562,422157
1687736562,425472
1687736562,462136
1687736562,475916
1687736562,479957
1687736562,482409
1687736562,493251
1687736562,522610
1687736562,525071
1687736562,534088
1687736562,553503
1687736562,554822
1687736562,555794
1687736562,562323
1687736562,563142
1687736562,581573
1687736562,582804
1687736562,583522
1687736562,598637
1687736562,617872
1687736562,622034
1687736562,622875
1687736562,626948
1687736562,632984
1687736562,644939
1687736562,650686
1687736562,656678
1687736562,660196
1687736562,668116
1687736562,684035
1687736562,687521
1687736562,687571
1687736562,690968
1687736563,348695
1687736563,357104
1687736563,362243
1687736563,365373
1687736563,367493
1687736563,369386
1687736563,371807
1687736563,372979
1687736563,383048
1687736563,395485
1687736563,395826
1687736563,405517
1687736563,407000
1687736563,410763
1687736563,423791
1687736563,444271
1687736563,446250
1687736563,448544
1687736563,454694
1687736563,457253
1687736563,470500
1687736563,476275
1687736563,491189
1687736563,510223
1687736563,511936
1687736563,515117
1687736563,518746
1687736563,530214
1687736563,539520
1687736563,547694
1687736563,565818
1687736563,575237
1687736563,582659
1687736563,588292
1687736563,596929
1687736563,608436
1687736563,612213
1687736563,619102
1687736563,645423
1687736563,649185
1687736563,651443
1687736563,653668
1687736563,666263
1687736563,670157
1687736563,671523
1687736563,672442
1687736563,677639
1687736563,678554
1687736563,685309
1687736563,687353
1687736563,687920
1687736564,347666
1687736564,348286
1687736564,356473
1687736564,359554
1687736564,364906
1687736564,368898
1687736564,370072
1687736564,371494
1687736564,378103
1687736564,379514
1687736564,383385
1687736564,388678
1687736564,397434
1687736564,402086
1687736564,402461
1687736564,403934
1687736564,405137
1687736564,407289
1687736564,431129
1687736564,437848
1687736564,450747
1687736564,453434
1687736564,465070
1687736564,467178
1687736564,467733
1687736564,470333
1687736564,473056
1687736564,476944
1687736564,491982
1687736564,500600
1687736564,504176
1687736564,505155
1687736564,509694
1687736564,536162
1687736564,546408
1687736564,557384
1687736564,574355
1687736564,575930
1687736564,578839
1687736564,602917
1687736564,605274
1687736564,607816
1687736564,608552
1687736564,625353
1687736564,632429
1687736564,635034
1687736564,637319
1687736564,642990
1687736564,647433
1687736564,656408
1687736564,661649
1687736564,666910
1687736564,679302
1687736564,680590
1687736564,685381
1687736564,687412
1687736564,693867
1687736565,346445
1687736565,361430
1687736565,362198
1687736565,366305
1687736565,367114
1687736565,367125
1687736565,369228
1687736565,369305
1687736565,369760
1687736565,371357
1687736565,375803
1687736565,383094
1687736565,384418
1687736565,387376
1687736565,402256
1687736565,411175
1687736565,429140
1687736565,435267
1687736565,447537
1687736565,469908
1687736565,476880
1687736565,486992
1687736565,504546
1687736565,507227
1687736565,532484
1687736565,538287
1687736565,541598
1687736565,555182
1687736565,562435
1687736565,573522
1687736565,573933
1687736565,600690
1687736565,605320
1687736565,605420
1687736565,627742
1687736565,631974
1687736565,636376
1687736565,640414
1687736565,648995
1687736565,654436
1687736565,662410
1687736565,668096
1687736565,670023
1687736565,676842
1687736565,681085
1687736565,683491
1687736565,683664
1687736565,695284
1687736566,343904
1687736566,352784
1687736566,357883
1687736566,359614
1687736566,365182
1687736566,371047
1687736566,379925
1687736566,381489
1687736566,382249
1687736566,385113
1687736566,390262
1687736566,401714
1687736566,412626
1687736566,425104
1687736566,427613
1687736566,428739
1687736566,441478
1687736566,442333
1687736566,453928
1687736566,459277
1687736566,471592
1687736566,482781
1687736566,492869
1687736566,508352
1687736566,509357
1687736566,527404
1687736566,529718
1687736566,530007
1687736566,545438
1687736566,548349
1687736566,560558
1687736566,570263
1687736566,586122
1687736566,586929
1687736566,589036
1687736566,598395
1687736566,600353
1687736566,608143
1687736566,612677
1687736566,628793
1687736566,632695
1687736566,639749
1687736566,657660
1687736566,659829
1687736566,660706
1687736566,664436
1687736566,669122
1687736566,672955
1687736566,677662
1687736566,684284
1687736566,690809
1687736566,691581
1687736567,342560
1687736567,347408
1687736567,361491
1687736567,363609
1687736567,365142
1687736567,369904
1687736567,369993
1687736567,376341
1687736567,376352
1687736567,376474
1687736567,377466
1687736567,381655
1687736567,385107
1687736567,386254
1687736567,395492
1687736567,401874
1687736567,407932
1687736567,415194
1687736567,423648
1687736567,423992
1687736567,451361
1687736567,451785
1687736567,452248
1687736567,453984
1687736567,458127
1687736567,480195
1687736567,483014
1687736567,492884
1687736567,499473
1687736567,501632
1687736567,513856
1687736567,526029
1687736567,529516
1687736567,533582
1687736567,551648
1687736567,559210
1687736567,566046
1687736567,576215
1687736567,584718
1687736567,598607
1687736567,606039
1687736567,614852
1687736567,620565
1687736567,630081
1687736567,637475
1687736567,644165
1687736567,650517
1687736567,659516
1687736567,660634
1687736567,661848
1687736567,672703
1687736567,673839
1687736567,674303
1687736567,683608
1687736567,684079
1687736567,686656
1687736567,686675
1687736567,695479
1687736568,349912
1687736568,350289
1687736568,350777
1687736568,360546
1687736568,363088
1687736568,363966
1687736568,364327
1687736568,364857
1687736568,366072
1687736568,369197
1687736568,372528
1687736568,377983
1687736568,396271
1687736568,398709
1687736568,399841
1687736568,401465
1687736568,421463
1687736568,424916
1687736568,425133
1687736568,445344
1687736568,448787
1687736568,448996
1687736568,452192
1687736568,457371
1687736568,484504
1687736568,485127
1687736568,506373
1687736568,515267
1687736568,521062
1687736568,521522
1687736568,553939
1687736568,558001
1687736568,567808
1687736568,585949
1687736568,591938
1687736568,592273
1687736568,609369
1687736568,615807
1687736568,617190
1687736568,618234
1687736568,643473
1687736568,648180
1687736568,650045
1687736568,655137
1687736568,655583
1687736568,659165
1687736568,667167
1687736568,667559
1687736568,667717
1687736568,670116
1687736568,672427
1687736568,672778
1687736568,676351
1687736568,683788
1687736568,685237
1687736568,693529
1687736569,344537
1687736569,354183
1687736569,354877
1687736569,359740
1687736569,362904
1687736569,367003
1687736569,376053
1687736569,376506
1687736569,380126
1687736569,387947
1687736569,391610
1687736569,393421
1687736569,398418
1687736569,403662
1687736569,413900
1687736569,417884
1687736569,417964
1687736569,419083
1687736569,426062
1687736569,429391
1687736569,432592
1687736569,436057
1687736569,447230
1687736569,455588
1687736569,476694
1687736569,480715
1687736569,487766
1687736569,499131
1687736569,516370
1687736569,523496
1687736569,531520
1687736569,543433
1687736569,548237
1687736569,555693
1687736569,562050
1687736569,579606
1687736569,583636
1687736569,586906
1687736569,595493
1687736569,604053
1687736569,606684
1687736569,620141
1687736569,623339
1687736569,626072
1687736569,630915
1687736569,643864
1687736569,648404
1687736569,655639
1687736569,667675
1687736569,672920
1687736569,676647
1687736569,679821
1687736569,688677
1687736569,689620
1687736570,343063
1687736570,359542
1687736570,361565
1687736570,361914
1687736570,362918
1687736570,367494
1687736570,370253
1687736570,370401
1687736570,371578
1687736570,382799
1687736570,383349
1687736570,384923
1687736570,385539
1687736570,385547
1687736570,391928
1687736570,400370
1687736570,414641
1687736570,428552
1687736570,434121
1687736570,440273
1687736570,464121
1687736570,474671
1687736570,476778
1687736570,480328
1687736570,493576
1687736570,523795
1687736570,539963
1687736570,540572
1687736570,544039
1687736570,570203
1687736570,577962
1687736570,586936
1687736570,596850
1687736570,602493
1687736570,608162
1687736570,610746
1687736570,613630
1687736570,622929
1687736570,626819
1687736570,627728
1687736570,633769
1687736570,642709
1687736570,643249
1687736570,653296
1687736570,666039
1687736570,668042
1687736570,671446
1687736570,672143
1687736570,675599
1687736570,677810
1687736570,678614
1687736570,683719
1687736570,687493
1687736570,690874
1687736571,352069
1687736571,353491
1687736571,355323
1687736571,356907
1687736571,358755
1687736571,365012
1687736571,365134
1687736571,370107
1687736571,372615
1687736571,373144
1687736571,377293
1687736571,386228
1687736571,402592
1687736571,407839
1687736571,409917
1687736571,411500
1687736571,428504
1687736571,429564
1687736571,456202
1687736571,464270
1687736571,471599
1687736571,475270
1687736571,495116
1687736571,499073
1687736571,506041
1687736571,507251
1687736571,515870
1687736571,527963
1687736571,537376
1687736571,538444
1687736571,570469
1687736571,578638
1687736571,580067
1687736571,598383
1687736571,601302
1687736571,602101
1687736571,606455
1687736571,612253
1687736571,626379
1687736571,641263
1687736571,655488
1687736571,656014
1687736571,666621
1687736571,666925
1687736571,668371
1687736571,671889
1687736571,676981
1687736571,677570
1687736571,684025
1687736571,684190
1687736571,691474
1687736572,345173
1687736572,347954
1687736572,363895
1687736572,363902
1687736572,367982
1687736572,371578
1687736572,374033
1687736572,381766
1687736572,384957
1687736572,387780
1687736572,400111
1687736572,400751
1687736572,404939
1687736572,406707
1687736572,427202
1687736572,436383
1687736572,441161
1687736572,450519
1687736572,457177
1687736572,461677
1687736572,472079
1687736572,473996
1687736572,499079
1687736572,505324
1687736572,505867
1687736572,516175
1687736572,529562
1687736572,539448
1687736572,543865
1687736572,558403
1687736572,558583
1687736572,562075
1687736572,564358
1687736572,577165
1687736572,601358
1687736572,605790
1687736572,610859
1687736572,611071
1687736572,629223
1687736572,630468
1687736572,633271
1687736572,637362
1687736572,649440
1687736572,649794
1687736572,655512
1687736572,661480
1687736572,669354
1687736572,674788
1687736572,680860
1687736572,684514
1687736572,684878
1687736572,686495
1687736572,687592
1687736573,361596
1687736573,362011
1687736573,363106
1687736573,364375
1687736573,367735
1687736573,375470
1687736573,381096
1687736573,383322
1687736573,388155
1687736573,393917
1687736573,401759
1687736573,405215
1687736573,422673
1687736573,427172
1687736573,433521
1687736573,438221
1687736573,451319
1687736573,458111
1687736573,481280
1687736573,492381
1687736573,500413
1687736573,504572
1687736573,512979
1687736573,521435
1687736573,529579
1687736573,530966
1687736573,538772
1687736573,557065
1687736573,562673
1687736573,581845
1687736573,588632
1687736573,592818
1687736573,609753
1687736573,622590
1687736573,625906
1687736573,631152
1687736573,633046
1687736573,640080
1687736573,642095
1687736573,653208
1687736573,659839
1687736573,660137
1687736573,662613
1687736573,671929
1687736573,673815
1687736573,677210
1687736573,681864
1687736573,692164
1687736574,351158
1687736574,357801
1687736574,360184
1687736574,365285
1687736574,368136
1687736574,375562
1687736574,375917
1687736574,384403
1687736574,386454
1687736574,391487
1687736574,395093
1687736574,416808
1687736574,417920
1687736574,421257
1687736574,422186
1687736574,422503
1687736574,425971
1687736574,447868
1687736574,450034
1687736574,460459
1687736574,474099
1687736574,483689
1687736574,484832
1687736574,518729
1687736574,523060
1687736574,531926
1687736574,535799
1687736574,552806
1687736574,562999
1687736574,575702
1687736574,579614
1687736574,584320
1687736574,586608
1687736574,588979
1687736574,610750
1687736574,619785
1687736574,625065
1687736574,631427
1687736574,638210
1687736574,642408
1687736574,646021
1687736574,660773
1687736574,664863
1687736574,673901
1687736574,675268
1687736574,678980
1687736574,683927
1687736574,687895
1687736574,692252
1687736575,350744
1687736575,356723
1687736575,366305
1687736575,368052
1687736575,369716
1687736575,370967
1687736575,371431
1687736575,375360
1687736575,389148
1687736575,395758
1687736575,407011
1687736575,423622
1687736575,437773
1687736575,447099
1687736575,447949
1687736575,456839
1687736575,464658
1687736575,480532
1687736575,487555
1687736575,511777
1687736575,513283
1687736575,525572
1687736575,543040
1687736575,552199
1687736575,554341
1687736575,554462
1687736575,554775
1687736575,562284
1687736575,570632
1687736575,592084
1687736575,623233
1687736575,623260
1687736575,624432
1687736575,640775
1687736575,648335
1687736575,649675
1687736575,654209
1687736575,660447
1687736575,662670
1687736575,669994
1687736575,673940
1687736575,680764
1687736575,682445
1687736575,694894
1687736576,347687
1687736576,351788
1687736576,361708
1687736576,361841
1687736576,361852
1687736576,370615
1687736576,370806
1687736576,373622
1687736576,397412
1687736576,400454
1687736576,400805
1687736576,402631
1687736576,408772
1687736576,412515
1687736576,424229
1687736576,436740
1687736576,444615
1687736576,445325
1687736576,449407
1687736576,474914
1687736576,487574
1687736576,494711
1687736576,507102
1687736576,510287
1687736576,513811
1687736576,526598
1687736576,547319
1687736576,548192
1687736576,550713
1687736576,556471
1687736576,576483
1687736576,577624
1687736576,578511
1687736576,594064
1687736576,605968
1687736576,609016
1687736576,610848
1687736576,612523
1687736576,631055
1687736576,646193
1687736576,647720
1687736576,652397
1687736576,658485
1687736576,668358
1687736576,669737
1687736576,670937
1687736576,671946
1687736576,681276
1687736576,686646
1687736576,694541
1687736577,352710
1687736577,358950
1687736577,364035
1687736577,366036
1687736577,366842
1687736577,374288
1687736577,376889
1687736577,379018
1687736577,384221
1687736577,384402
1687736577,387544
1687736577,394138
1687736577,397248
1687736577,402119
1687736577,415172
1687736577,432834
1687736577,441117
1687736577,441756
1687736577,462937
1687736577,463098
1687736577,469413
1687736577,473427
1687736577,482021
1687736577,486801
1687736577,509761
1687736577,529199
1687736577,537495
1687736577,548874
1687736577,560887
1687736577,566155
1687736577,570979
1687736577,572405
1687736577,591480
1687736577,605671
1687736577,612267
1687736577,617974
1687736577,626524
1687736577,633664
1687736577,641878
1687736577,649115
1687736577,654963
1687736577,662733
1687736577,664460
1687736577,668590
1687736577,669097
1687736577,671096
1687736577,677810
1687736577,684460
1687736577,685239
1687736577,687137
1687736577,688440
1687736578,345207
1687736578,352100
1687736578,356254
1687736578,363141
1687736578,366082
1687736578,367267
1687736578,367424
1687736578,368490
1687736578,372270
1687736578,376007
1687736578,383241
1687736578,383551
1687736578,407199
1687736578,413965
1687736578,423067
1687736578,425515
1687736578,429052
1687736578,462632
1687736578,470272
1687736578,470628
1687736578,473323
1687736578,478730
1687736578,500849
1687736578,505787
1687736578,512023
1687736578,529091
1687736578,531890
1687736578,537043
1687736578,573400
1687736578,578653
1687736578,585380
1687736578,587072
1687736578,592304
1687736578,601304
1687736578,602280
1687736578,631113
1687736578,632479
1687736578,635979
1687736578,636917
1687736578,658416
1687736578,669841
1687736578,672269
1687736578,673631
1687736578,678367
1687736578,683029
1687736578,689726
1687736578,690792
1687736579,345157
1687736579,359322
1687736579,360773
1687736579,361474
1687736579,366182
1687736579,370292
1687736579,371560
1687736579,373871
1687736579,376870
1687736579,379087
1687736579,382612
1687736579,385367
1687736579,391719
1687736579,401583
1687736579,407920
1687736579,411300
1687736579,417922
1687736579,434476
1687736579,437223
1687736579,455857
1687736579,464685
1687736579,493112
1687736579,495356
1687736579,501944
1687736579,511022
1687736579,522100
1687736579,536842
1687736579,544375
1687736579,562453
1687736579,571844
1687736579,597138
1687736579,607832
1687736579,612811
1687736579,616364
1687736579,623007
1687736579,634372
1687736579,635621
1687736579,655436
1687736579,658162
1687736579,664255
1687736579,669880
1687736579,678753
1687736579,679447
1687736579,685356
1687736579,690140
1687736580,347423
1687736580,360311
1687736580,365751
1687736580,368029
1687736580,371656
1687736580,378880
1687736580,384507
1687736580,389561
1687736580,394675
1687736580,395163
1687736580,397009
1687736580,398118
1687736580,407504
1687736580,449430
1687736580,452063
1687736580,452636
1687736580,453521
1687736580,476929
1687736580,482522
1687736580,496020
1687736580,504526
1687736580,524878
1687736580,529687
1687736580,534338
1687736580,551320
1687736580,555789
1687736580,559877
1687736580,563384
1687736580,587823
1687736580,599191
1687736580,607741
1687736580,625647
1687736580,641110
1687736580,642947
1687736580,650588
1687736580,653605
1687736580,658691
1687736580,659134
1687736580,660043
1687736580,668863
1687736580,670071
1687736580,679944
1687736580,682019
1687736580,683781
1687736580,691647
1687736581,351442
1687736581,359122
1687736581,361808
1687736581,363346
1687736581,364033
1687736581,368061
1687736581,370883
1687736581,373301
1687736581,382227
1687736581,392825
1687736581,393182
1687736581,394999
1687736581,404971
1687736581,412128
1687736581,423354
1687736581,424737
1687736581,427058
1687736581,433131
1687736581,441570
1687736581,453188
1687736581,453633
1687736581,485156
1687736581,487948
1687736581,495600
1687736581,512151
1687736581,517725
1687736581,520365
1687736581,540641
1687736581,560987
1687736581,562054
1687736581,581054
1687736581,592335
1687736581,597461
1687736581,599620
1687736581,617258
1687736581,618773
1687736581,635691
1687736581,640517
1687736581,650841
1687736581,660781
1687736581,663580
1687736581,665331
1687736581,669462
1687736581,670336
1687736581,675176
1687736581,675657
1687736581,684585
1687736581,684841
1687736581,687082
1687736581,688681
1687736582,344578
1687736582,347651
1687736582,355946
1687736582,361063
1687736582,374549
1687736582,380103
1687736582,380392
1687736582,381514
1687736582,383543
1687736582,386328
1687736582,392026
1687736582,412104
1687736582,419506
1687736582,420473
1687736582,422940
1687736582,427752
1687736582,456793
1687736582,460122
1687736582,477731
1687736582,478059
1687736582,480169
1687736582,520301
1687736582,527161
1687736582,536230
1687736582,540844
1687736582,551625
1687736582,553710
1687736582,557011
1687736582,564519
1687736582,580548
1687736582,583632
1687736582,615836
1687736582,620272
1687736582,621313
1687736582,624616
1687736582,627275
1687736582,628694
1687736582,643458
1687736582,649073
1687736582,661377
1687736582,668357
1687736582,675393
1687736582,684038
1687736582,687937
1687736582,690457
1687736583,348918
1687736583,356800
1687736583,364404
1687736583,367408
1687736583,369557
1687736583,369688
1687736583,372134
1687736583,372161
1687736583,383787
1687736583,394168
1687736583,397040
1687736583,405620
1687736583,406766
1687736583,407533
1687736583,409225
1687736583,425681
1687736583,433052
1687736583,442283
1687736583,444340
1687736583,446474
1687736583,459351
1687736583,472508
1687736583,493292
1687736583,512843
1687736583,514154
1687736583,521088
1687736583,532383
1687736583,537338
1687736583,545597
1687736583,567948
1687736583,577113
1687736583,580565
1687736583,586236
1687736583,598626
1687736583,600888
1687736583,606282
1687736583,609709
1687736583,620906
1687736583,631652
1687736583,643784
1687736583,648815
1687736583,650483
1687736583,652640
1687736583,654927
1687736583,660754
1687736583,665868
1687736583,667006
1687736583,672703
1687736583,672813
1687736583,676877
1687736583,684973
1687736583,686646
1687736583,687835
1687736584,347322
1687736584,348992
1687736584,355776
1687736584,359325
1687736584,365406
1687736584,369789
1687736584,372572
1687736584,376739
1687736584,380657
1687736584,384119
1687736584,387218
1687736584,400552
1687736584,404180
1687736584,405861
1687736584,436043
1687736584,452680
1687736584,468285
1687736584,469374
1687736584,471003
1687736584,474663
1687736584,494026
1687736584,502175
1687736584,502723
1687736584,502752
1687736584,503086
1687736584,509337
1687736584,511841
1687736584,538389
1687736584,544417
1687736584,559600
1687736584,560321
1687736584,573874
1687736584,576446
1687736584,603137
1687736584,604616
1687736584,606459
1687736584,609444
1687736584,626645
1687736584,634092
1687736584,641331
1687736584,665785
1687736584,668760
1687736584,669632
1687736584,680126
1687736584,680942
1687736584,686763
1687736584,693803
1687736585,360593
1687736585,362736
1687736585,367221
1687736585,367632
1687736585,368086
1687736585,369126
1687736585,369960
1687736585,370905
1687736585,376159
1687736585,383299
1687736585,388419
1687736585,403835
1687736585,409681
1687736585,423469
1687736585,427352
1687736585,437101
1687736585,449634
1687736585,451252
1687736585,467996
1687736585,478785
1687736585,489175
1687736585,504905
1687736585,506752
1687736585,525509
1687736585,539724
1687736585,540506
1687736585,557375
1687736585,571603
1687736585,575990
1687736585,598518
1687736585,602410
1687736585,603334
1687736585,606990
1687736585,625929
1687736585,629927
1687736585,637862
1687736585,638645
1687736585,647726
1687736585,655859
1687736585,661272
1687736585,665256
1687736585,668692
1687736585,676214
1687736585,682126
1687736585,683208
1687736585,684377
1687736585,695104
1687736586,344057
1687736586,351795
1687736586,358019
1687736586,360327
1687736586,364579
1687736586,371259
1687736586,378910
1687736586,380924
1687736586,386649
1687736586,391520
1687736586,400222
1687736586,413824
1687736586,425728
1687736586,430536
1687736586,443612
1687736586,444377
1687736586,457253
1687736586,473569
1687736586,484999
1687736586,490960
1687736586,505930
1687736586,511461
1687736586,527477
1687736586,532380
1687736586,547592
1687736586,550594
1687736586,558643
1687736586,568283
1687736586,588162
1687736586,588670
1687736586,590882
1687736586,596252
1687736586,598472
1687736586,614407
1687736586,616561
1687736586,630510
1687736586,630754
1687736586,638834
1687736586,641368
1687736586,656450
1687736586,658369
1687736586,661753
1687736586,665891
1687736586,668471
1687736586,673918
1687736586,676877
1687736586,677653
1687736586,684439
1687736586,691133
1687736586,691418
1687736587,342443
1687736587,347187
1687736587,360671
1687736587,363665
1687736587,366464
1687736587,369607
1687736587,370125
1687736587,375034
1687736587,376595
1687736587,377262
1687736587,382227
1687736587,384728
1687736587,386249
1687736587,393936
1687736587,400554
1687736587,409702
1687736587,417013
1687736587,422427
1687736587,425596
1687736587,449307
1687736587,450298
1687736587,456095
1687736587,460371
1687736587,480796
1687736587,482302
1687736587,490823
1687736587,497312
1687736587,515993
1687736587,527655
1687736587,528285
1687736587,531593
1687736587,549596
1687736587,550287
1687736587,556927
1687736587,567906
1687736587,578492
1687736587,582582
1687736587,587912
1687736587,596576
1687736587,622045
1687736587,628195
1687736587,642647
1687736587,649123
1687736587,659933
1687736587,660543
1687736587,663379
1687736587,671582
1687736587,672605
1687736587,673029
1687736587,675142
1687736587,685860
1687736587,686758
1687736587,695830
1687736588,349778
1687736588,350693
1687736588,362628
1687736588,363118
1687736588,365194
1687736588,366958
1687736588,370046
1687736588,375591
1687736588,378895
1687736588,394990
1687736588,400531
1687736588,400924
1687736588,409297
1687736588,412186
1687736588,422768
1687736588,422962
1687736588,424927
1687736588,446917
1687736588,446954
1687736588,447090
1687736588,450057
1687736588,459477
1687736588,482086
1687736588,487114
1687736588,503745
1687736588,513411
1687736588,519025
1687736588,523725
1687736588,551959
1687736588,560280
1687736588,569817
1687736588,584670
1687736588,589756
1687736588,594161
1687736588,611041
1687736588,612833
1687736588,615390
1687736588,619297
1687736588,619799
1687736588,644982
1687736588,649404
1687736588,651332
1687736588,653672
1687736588,653690
1687736588,660741
1687736588,666505
1687736588,669542
1687736588,672256
1687736588,677261
1687736588,684027
1687736588,684374
1687736588,684891
1687736588,693671
1687736589,344133
1687736589,354579
1687736589,355392
1687736589,362176
1687736589,362559
1687736589,366498
1687736589,367999
1687736589,376556
1687736589,377025
1687736589,379126
1687736589,384447
1687736589,386838
1687736589,390659
1687736589,394845
1687736589,398599
1687736589,399820
1687736589,402178
1687736589,416040
1687736589,416368
1687736589,420883
1687736589,431346
1687736589,438188
1687736589,445030
1687736589,457935
1687736589,466967
1687736589,474374
1687736589,478548
1687736589,489947
1687736589,501284
1687736589,514144
1687736589,525552
1687736589,533754
1687736589,545743
1687736589,550422
1687736589,553471
1687736589,564139
1687736589,577339
1687736589,581767
1687736589,582424
1687736589,597414
1687736589,604714
1687736589,605586
1687736589,618187
1687736589,624895
1687736589,632492
1687736589,645388
1687736589,646940
1687736589,653988
1687736589,654578
1687736589,668227
1687736589,668713
1687736589,670421
1687736589,674165
1687736589,679763
1687736589,689567
1687736589,689643
1687736590,343315
1687736590,359746
1687736590,360882
1687736590,361373
1687736590,363759
1687736590,369430
1687736590,370541
1687736590,371951
1687736590,383411
1687736590,383630
1687736590,384599
1687736590,386656
1687736590,401551
1687736590,413006
1687736590,430261
1687736590,432011
1687736590,434802
1687736590,438426
1687736590,466190
1687736590,472523
1687736590,473837
1687736590,474453
1687736590,482471
1687736590,495641
1687736590,511495
1687736590,526005
1687736590,538266
1687736590,541864
1687736590,542668
1687736590,572284
1687736590,575849
1687736590,589051
1687736590,604230
1687736590,608776
1687736590,611896
1687736590,624332
1687736590,628121
1687736590,629262
1687736590,632108
1687736590,641336
1687736590,643970
1687736590,654739
1687736590,667108
1687736590,669747
1687736590,671413
1687736590,672001
1687736590,676594
1687736590,676794
1687736590,677976
1687736590,682974
1687736590,687925
1687736590,689421
1687736590,690745
1687736591,352732
1687736591,352965
1687736591,355718
1687736591,356532
1687736591,358866
1687736591,365701
1687736591,365771
1687736591,369495
1687736591,372073
1687736591,378678
1687736591,386651
1687736591,386821
1687736591,390717
1687736591,400973
1687736591,408520
1687736591,409549
1687736591,413588
1687736591,426505
1687736591,431658
1687736591,435237
1687736591,458163
1687736591,466305
1687736591,469439
1687736591,477218
1687736591,493051
1687736591,501240
1687736591,503667
1687736591,505003
1687736591,507907
1687736591,517992
1687736591,526117
1687736591,536682
1687736591,539527
1687736591,565063
1687736591,572706
1687736591,576733
1687736591,582041
1687736591,596406
1687736591,599146
1687736591,603893
1687736591,604289
1687736591,613602
1687736591,624996
1687736591,639650
1687736591,656622
1687736591,657402
1687736591,665584
1687736591,666233
1687736591,672362
1687736591,678256
1687736591,683104
1687736591,691196
1687736592,344789
1687736592,346503
1687736592,348292
1687736592,363637
1687736592,367802
1687736592,369002
1687736592,371802
1687736592,372952
1687736592,373988
1687736592,380769
1687736592,384805
1687736592,385971
1687736592,398688
1687736592,399288
1687736592,406960
1687736592,408086
1687736592,434610
1687736592,443252
1687736592,452613
1687736592,454716
1687736592,459897
1687736592,474060
1687736592,476031
1687736592,494560
1687736592,501007
1687736592,502916
1687736592,518341
1687736592,527449
1687736592,537125
1687736592,546210
1687736592,556391
1687736592,560540
1687736592,562258
1687736592,564260
1687736592,579244
1687736592,599210
1687736592,607681
1687736592,612211
1687736592,612770
1687736592,628968
1687736592,630722
1687736592,631556
1687736592,638875
1687736592,638904
1687736592,648191
1687736592,651119
1687736592,656949
1687736592,660062
1687736592,669828
1687736592,675984
1687736592,678737
1687736592,680546
1687736592,683911
1687736592,683952
1687736592,687155
1687736592,687755
1687736593,343963
1687736593,361948
1687736593,362174
1687736593,363623
1687736593,363773
1687736593,365386
1687736593,376080
1687736593,379906
1687736593,383989
1687736593,390029
1687736593,394650
1687736593,400329
1687736593,403847
1687736593,411381
1687736593,421143
1687736593,425655
1687736593,435371
1687736593,436466
1687736593,439789
1687736593,449222
1687736593,456153
1687736593,483241
1687736593,498431
1687736593,502459
1687736593,515117
1687736593,519298
1687736593,527671
1687736593,529214
1687736593,540735
1687736593,554924
1687736593,560517
1687736593,575494
1687736593,583765
1687736593,590671
1687736593,594567
1687736593,598979
1687736593,611319
1687736593,620687
1687736593,623832
1687736593,631097
1687736593,632871
1687736593,640845
1687736593,641503
1687736593,651755
1687736593,658327
1687736593,661587
1687736593,661619
1687736593,671490
1687736593,672854
1687736593,673050
1687736593,678277
1687736593,682116
1687736593,691451
1687736594,350406
1687736594,357823
1687736594,360982
1687736594,364993
1687736594,376027
1687736594,376773
1687736594,383222
1687736594,386836
1687736594,387540
1687736594,390297
1687736594,393683
1687736594,400145
1687736594,419793
1687736594,420455
1687736594,420710
1687736594,423006
1687736594,428039
1687736594,449996
1687736594,452153
1687736594,458373
1687736594,458987
1687736594,476210
1687736594,481946
1687736594,482736
1687736594,491632
1687736594,520921
1687736594,521074
1687736594,534220
1687736594,538064
1687736594,554996
1687736594,556687
1687736594,573723
1687736594,581843
1687736594,582262
1687736594,586736
1687736594,594479
1687736594,612327
1687736594,621417
1687736594,623013
1687736594,632822
1687736594,639524
1687736594,644755
1687736594,657598
1687736594,661818
1687736594,661895
1687736594,666125
1687736594,674079
1687736594,679050
1687736594,684336
1687736594,687876
1687736594,691725
1687736595,340179
1687736595,350724
1687736595,357177
1687736595,366225
1687736595,367756
1687736595,368711
1687736595,369795
1687736595,371183
1687736595,372167
1687736595,372447
1687736595,374354
1687736595,380445
1687736595,387113
1687736595,390594
1687736595,394268
1687736595,408893
1687736595,417700
1687736595,425571
1687736595,435681
1687736595,444965
1687736595,445962
1687736595,466669
1687736595,469721
1687736595,478493
1687736595,489758
1687736595,513963
1687736595,523684
1687736595,540952
1687736595,552577
1687736595,552986
1687736595,564431
1687736595,572559
1687736595,578539
1687736595,593713
1687736595,621610
1687736595,624617
1687736595,625901
1687736595,639253
1687736595,643700
1687736595,647872
1687736595,649424
1687736595,661331
1687736595,663847
1687736595,666658
1687736595,669053
1687736595,673980
1687736595,681401
1687736595,681750
1687736595,694606
1687736596,347085
1687736596,352449
1687736596,360630
1687736596,361514
1687736596,361645
1687736596,369929
1687736596,370288
1687736596,398698
1687736596,399243
1687736596,401756
1687736596,404390
1687736596,407012
1687736596,411116
1687736596,426256
1687736596,442335
1687736596,443188
1687736596,451277
1687736596,464498
1687736596,472836
1687736596,485164
1687736596,496703
1687736596,504760
1687736596,508065
1687736596,509224
1687736596,511813
1687736596,528733
1687736596,546120
1687736596,549041
1687736596,558561
1687736596,574678
1687736596,575560
1687736596,576423
1687736596,592120
1687736596,601704
1687736596,607317
1687736596,607456
1687736596,608643
1687736596,614203
1687736596,632290
1687736596,644261
1687736596,648843
1687736596,648974
1687736596,657197
1687736596,667141
1687736596,667754
1687736596,668627
1687736596,671328
1687736596,680757
1687736596,687316
1687736596,694615
1687736597,340322
1687736597,352398
1687736597,359226
1687736597,363969
1687736597,364626
1687736597,365759
1687736597,366814
1687736597,373635
1687736597,377463
1687736597,379711
1687736597,385192
1687736597,385934
1687736597,386432
1687736597,398983
1687736597,403609
1687736597,413487
1687736597,434779
1687736597,439209
1687736597,440493
1687736597,443872
1687736597,460792
1687736597,465223
1687736597,471091
1687736597,484276
1687736597,488606
1687736597,497807
1687736597,504921
1687736597,507488
1687736597,531340
1687736597,539788
1687736597,546831
1687736597,549496
1687736597,564156
1687736597,570263
1687736597,573031
1687736597,584613
1687736597,593450
1687736597,610422
1687736597,616082
1687736597,627939
1687736597,635346
1687736597,640466
1687736597,650326
1687736597,653790
1687736597,663122
1687736597,663371
1687736597,669634
1687736597,669821
1687736597,672052
1687736597,674871
1687736597,677069
1687736597,683696
1687736597,683859
1687736597,684900
1687736597,689257
1687736598,345537
1687736598,351359
1687736598,357094
1687736598,363632
1687736598,365905
1687736598,366432
1687736598,366899
1687736598,369059
1687736598,372700
1687736598,374743
1687736598,382578
1687736598,384669
1687736598,392457
1687736598,408509
1687736598,412578
1687736598,420733
1687736598,427333
1687736598,427523
1687736598,464596
1687736598,468378
1687736598,471036
1687736598,472303
1687736598,480986
1687736598,498820
1687736598,507797
1687736598,510212
1687736598,529929
1687736598,531321
1687736598,535000
1687736598,571371
1687736598,580616
1687736598,587182
1687736598,589167
1687736598,599559
1687736598,600271
1687736598,607518
1687736598,628846
1687736598,631005
1687736598,632929
1687736598,634047
1687736598,634882
1687736598,659707
1687736598,663695
1687736598,669192
1687736598,671023
1687736598,677553
1687736598,683673
1687736598,689561
1687736598,691173
1687736599,345011
1687736599,358520
1687736599,360562
1687736599,361439
1687736599,367260
1687736599,369766
1687736599,371061
1687736599,374619
1687736599,377231
1687736599,378073
1687736599,381455
1687736599,386481
1687736599,400239
1687736599,406319
1687736599,413010
1687736599,420051
1687736599,432949
1687736599,439349
1687736599,457801
1687736599,462499
1687736599,491191
1687736599,493309
1687736599,499873
1687736599,513154
1687736599,524357
1687736599,532228
1687736599,534942
1687736599,546771
1687736599,564314
1687736599,569706
1687736599,590410
1687736599,595048
1687736599,609495
1687736599,614336
1687736599,617667
1687736599,621078
1687736599,621216
1687736599,632836
1687736599,636970
1687736599,654483
1687736599,659334
1687736599,663527
1687736599,670307
1687736599,678506
1687736599,679565
1687736599,690097
1687736600,348076
1687736600,360916
1687736600,363156
1687736600,364595
1687736600,368844
1687736600,372173
1687736600,377722
1687736600,385312
1687736600,388258
1687736600,395515
1687736600,395918
1687736600,396279
1687736600,396499
1687736600,409231
1687736600,415199
1687736600,425264
1687736600,434297
1687736600,435123
1687736600,449958
1687736600,449987
1687736600,451514
1687736600,455684
1687736600,478942
1687736600,484608
1687736600,485642
1687736600,493797
1687736600,506656
1687736600,511494
1687736600,523101
1687736600,527315
1687736600,553457
1687736600,553563
1687736600,557383
1687736600,565659
1687736600,589685
1687736600,597619
1687736600,609396
1687736600,623678
1687736600,642491
1687736600,644440
1687736600,649462
1687736600,654849
1687736600,657080
1687736600,658347
1687736600,660215
1687736600,667676
1687736600,670257
1687736600,678946
1687736600,682871
1687736600,683475
1687736600,691730
1687736601,352148
1687736601,358538
1687736601,362591
1687736601,362755
1687736601,363828
1687736601,368196
1687736601,371123
1687736601,374116
1687736601,381176
1687736601,391604
1687736601,396593
1687736601,403137
1687736601,413947
1687736601,421579
1687736601,426626
1687736601,443405
1687736601,451511
1687736601,455250
1687736601,487293
1687736601,497634
1687736601,510354
1687736601,518377
1687736601,519824
1687736601,542789
1687736601,558868
1687736601,559988
1687736601,594188
1687736601,595419
1687736601,601250
1687736601,611200
1687736601,616861
1687736601,618752
1687736601,637552
1687736601,641976
1687736601,649429
1687736601,652650
1687736601,660040
1687736601,664525
1687736601,666752
1687736601,669870
1687736601,670682
1687736601,674483
1687736601,676019
1687736601,684346
1687736601,684726
1687736601,687768
1687736602,344623
1687736602,347064
1687736602,356034
1687736602,361471
1687736602,374915
1687736602,378710
1687736602,379331
1687736602,382660
1687736602,384548
1687736602,390788
1687736602,392885
1687736602,393950
1687736602,410503
1687736602,418812
1687736602,424334
1687736602,430044
1687736602,458138
1687736602,458900
1687736602,475485
1687736602,480207
1687736602,517998
1687736602,529299
1687736602,538322
1687736602,542882
1687736602,549755
1687736602,551635
1687736602,559200
1687736602,566703
1687736602,578277
1687736602,578584
1687736602,585684
1687736602,613784
1687736602,618544
1687736602,626356
1687736602,628457
1687736602,630435
1687736602,641963
1687736602,647439
1687736602,653664
1687736602,662565
1687736602,668612
1687736602,674112
1687736602,683996
1687736602,688346
1687736602,689882
1687736603,349173
1687736603,356528
1687736603,363462
1687736603,367321
1687736603,369974
1687736603,371341
1687736603,372467
1687736603,374232
1687736603,384564
1687736603,398297
1687736603,407351
1687736603,407692
1687736603,409571
1687736603,422727
1687736603,427615
1687736603,434265
1687736603,440305
1687736603,442457
1687736603,444445
1687736603,461503
1687736603,471471
1687736603,474519
1687736603,495373
1687736603,510610
1687736603,516345
1687736603,523404
1687736603,534565
1687736603,535184
1687736603,542463
1687736603,543499
1687736603,570095
1687736603,578501
1687736603,578991
1687736603,584166
1687736603,600172
1687736603,600319
1687736603,604136
1687736603,611229
1687736603,622783
1687736603,630293
1687736603,642122
1687736603,653787
1687736603,656157
1687736603,659804
1687736603,665517
1687736603,665960
1687736603,672936
1687736603,674116
1687736603,676101
1687736603,678765
1687736603,684603
1687736603,685925
1687736603,687116
1687736603,688083
1687736604,347010
1687736604,349748
1687736604,355086
1687736604,359149
1687736604,365909
1687736604,369092
1687736604,370707
1687736604,373693
1687736604,375414
1687736604,376508
1687736604,381817
1687736604,384897
1687736604,385791
1687736604,392846
1687736604,399054
1687736604,404432
1687736604,405951
1687736604,408384
1687736604,434987
1687736604,454650
1687736604,466277
1687736604,468959
1687736604,471586
1687736604,472424
1687736604,491358
1687736604,496081
1687736604,500159
1687736604,500989
1687736604,504951
1687736604,513958
1687736604,540602
1687736604,558185
1687736604,561810
1687736604,571834
1687736604,574061
1687736604,601046
1687736604,604433
1687736604,606289
1687736604,611029
1687736604,627894
1687736604,635719
1687736604,639676
1687736604,650168
1687736604,664608
1687736604,669159
1687736604,669190
1687736604,680899
1687736604,681268
1687736604,682858
1687736604,686022
1687736605,346569
1687736605,358228
1687736605,359842
1687736605,363300
1687736605,366898
1687736605,367342
1687736605,368158
1687736605,370496
1687736605,370712
1687736605,382186
1687736605,386547
1687736605,389530
1687736605,405468
1687736605,408231
1687736605,421891
1687736605,425594
1687736605,438943
1687736605,449062
1687736605,451713
1687736605,466067
1687736605,480712
1687736605,502542
1687736605,508961
1687736605,523587
1687736605,537810
1687736605,550123
1687736605,559518
1687736605,569706
1687736605,578035
1687736605,594104
1687736605,601246
1687736605,604109
1687736605,608600
1687736605,624087
1687736605,627910
1687736605,636809
1687736605,639351
1687736605,640395
1687736605,646418
1687736605,655351
1687736605,657232
1687736605,660101
1687736605,669255
1687736605,675581
1687736605,683120
1687736605,685027
1687736605,685062
1687736605,691400
1687736605,694905
1687736606,344258
1687736606,350883
1687736606,361037
1687736606,364013
1687736606,371436
1687736606,377926
1687736606,378065
1687736606,379648
1687736606,388202
1687736606,392771
1687736606,398827
1687736606,415051
1687736606,423857
1687736606,432379
1687736606,445741
1687736606,455266
1687736606,475544
1687736606,487211
1687736606,489067
1687736606,503454
1687736606,513544
1687736606,525262
1687736606,534759
1687736606,552832
1687736606,556428
1687736606,566301
1687736606,590138
1687736606,590407
1687736606,592680
1687736606,596553
1687736606,616142
1687736606,618258
1687736606,628794
1687736606,632192
1687736606,655181
1687736606,656914
1687736606,662769
1687736606,667333
1687736606,667746
1687736606,674884
1687736606,676045
1687736606,684525
1687736606,691214
1687736607,342359
1687736607,347009
1687736607,360813
1687736607,362865
1687736607,363765
1687736607,367842
1687736607,369239
1687736607,373707
1687736607,382785
1687736607,383202
1687736607,387449
1687736607,392360
1687736607,398813
1687736607,399223
1687736607,410725
1687736607,418836
1687736607,420927
1687736607,427521
1687736607,446876
1687736607,458207
1687736607,462611
1687736607,478547
1687736607,484338
1687736607,488749
1687736607,516972
1687736607,518111
1687736607,525811
1687736607,529565
1687736607,530528
1687736607,547617
1687736607,548404
1687736607,569741
1687736607,580409
1687736607,580746
1687736607,584365
1687736607,587533
1687736607,589836
1687736607,594568
1687736607,626276
1687736607,640201
1687736607,641070
1687736607,659213
1687736607,661567
1687736607,664903
1687736607,670374
1687736607,672244
1687736607,672459
1687736607,675976
1687736607,685010
1687736607,685150
1687736607,696044
1687736608,349299
1687736608,351522
1687736608,354980
1687736608,361913
1687736608,362189
1687736608,365552
1687736608,367883
1687736608,370938
1687736608,374891
1687736608,379900
1687736608,393766
1687736608,402010
1687736608,402433
1687736608,410479
1687736608,420654
1687736608,440301
1687736608,444941
1687736608,445117
1687736608,447921
1687736608,448892
1687736608,461610
1687736608,479722
1687736608,489115
1687736608,511535
1687736608,527617
1687736608,550002
1687736608,562523
1687736608,571813
1687736608,596001
1687736608,612689
1687736608,613559
1687736608,617274
1687736608,646464
1687736608,646930
1687736608,650588
1687736608,651786
1687736608,652201
1687736608,652594
1687736608,662306
1687736608,666095
1687736608,668906
1687736608,672054
1687736608,678141
1687736608,684495
1687736608,693780
1687736609,343736
1687736609,355948
1687736609,362253
1687736609,366018
1687736609,377126
1687736609,377547
1687736609,378167
1687736609,385778
1687736609,396334
1687736609,399790
1687736609,400685
1687736609,414219
1687736609,414767
1687736609,433319
1687736609,436997
1687736609,442822
1687736609,460258
1687736609,464550
1687736609,476372
1687736609,477887
1687736609,492156
1687736609,503115
1687736609,503429
1687736609,511921
1687736609,535965
1687736609,548026
1687736609,551217
1687736609,552578
1687736609,566230
1687736609,567105
1687736609,575082
1687736609,582388
1687736609,599288
1687736609,602753
1687736609,607084
1687736609,616237
1687736609,626371
1687736609,634026
1687736609,645464
1687736609,653461
1687736609,668869
1687736609,668874
1687736609,669705
1687736609,675368
1687736609,679706
1687736609,689474
1687736609,690559
1687736610,343605
1687736610,359854
1687736610,360008
1687736610,361259
1687736610,364548
1687736610,368475
1687736610,370842
1687736610,381911
1687736610,383696
1687736610,384484
1687736610,387778
1687736610,402771
1687736610,411297
1687736610,411397
1687736610,429907
1687736610,431924
1687736610,433751
1687736610,433767
1687736610,436579
1687736610,468224
1687736610,470375
1687736610,472135
1687736610,484594
1687736610,509694
1687736610,528224
1687736610,536536
1687736610,539693
1687736610,544806
1687736610,573361
1687736610,573751
1687736610,574307
1687736610,591118
1687736610,606824
1687736610,610111
1687736610,625736
1687736610,629425
1687736610,630391
1687736610,639397
1687736610,645280
1687736610,651754
1687736610,656172
1687736610,668135
1687736610,668394
1687736610,671386
1687736610,671819
1687736610,677330
1687736610,682168
1687736610,683368
1687736610,688316
1687736610,690114
1687736610,690559
1687736610,693674
1687736611,351988
1687736611,353841
1687736611,356112
1687736611,356183
1687736611,359060
1687736611,366387
1687736611,366429
1687736611,368932
1687736611,371587
1687736611,380034
1687736611,385519
1687736611,385584
1687736611,387439
1687736611,389494
1687736611,399420
1687736611,407160
1687736611,415634
1687736611,424509
1687736611,460149
1687736611,467297
1687736611,468356
1687736611,490957
1687736611,501318
1687736611,502704
1687736611,502956
1687736611,503385
1687736611,520077
1687736611,524327
1687736611,534906
1687736611,541648
1687736611,574830
1687736611,574913
1687736611,584011
1687736611,594439
1687736611,597020
1687736611,605668
1687736611,614475
1687736611,614959
1687736611,623606
1687736611,638048
1687736611,657738
1687736611,658769
1687736611,664523
1687736611,665529
1687736611,672788
1687736611,679474
1687736611,682007
1687736611,690853
1687736612,344429
1687736612,348692
1687736612,363442
1687736612,370020
1687736612,371888
1687736612,372065
1687736612,374848
1687736612,379795
1687736612,387033
1687736612,397320
1687736612,397815
1687736612,409023
1687736612,409470
1687736612,432846
1687736612,445336
1687736612,452274
1687736612,454672
1687736612,458095
1687736612,476047
1687736612,478074
1687736612,496734
1687736612,500316
1687736612,500512
1687736612,520493
1687736612,525292
1687736612,534793
1687736612,548519
1687736612,554420
1687736612,560155
1687736612,562488
1687736612,566411
1687736612,581279
1687736612,597042
1687736612,609601
1687736612,613583
1687736612,627435
1687736612,629848
1687736612,632185
1687736612,640428
1687736612,642906
1687736612,646905
1687736612,652418
1687736612,658385
1687736612,658594
1687736612,670256
1687736612,677139
1687736612,679852
1687736612,680235
1687736612,682954
1687736612,683283
1687736612,687738
1687736612,687859
1687736613,344510
1687736613,361915
1687736613,362449
1687736613,362821
1687736613,363175
1687736613,364152
1687736613,364256
1687736613,367928
1687736613,376677
1687736613,378743
1687736613,384627
1687736613,391916
1687736613,395445
1687736613,398889
1687736613,402510
1687736613,413057
1687736613,413609
1687736613,419632
1687736613,424152
1687736613,437236
1687736613,441363
1687736613,447176
1687736613,454227
1687736613,485215
1687736613,495124
1687736613,496390
1687736613,517122
1687736613,517251
1687736613,525770
1687736613,527436
1687736613,542694
1687736613,542711
1687736613,552784
1687736613,558354
1687736613,585676
1687736613,592630
1687736613,596258
1687736613,597043
1687736613,612870
1687736613,618789
1687736613,621736
1687736613,629118
1687736613,634581
1687736613,639561
1687736613,650344
1687736613,656800
1687736613,660621
1687736613,663045
1687736613,671014
1687736613,671913
1687736613,679304
1687736613,682364
1687736613,690678
1687736614,349679
1687736614,361753
1687736614,364766
1687736614,376506
1687736614,377645
1687736614,382079
1687736614,388440
1687736614,388704
1687736614,389095
1687736614,418763
1687736614,418935
1687736614,421664
1687736614,424748
1687736614,430137
1687736614,452106
1687736614,454286
1687736614,456357
1687736614,461150
1687736614,478349
1687736614,480195
1687736614,480640
1687736614,493989
1687736614,519122
1687736614,523167
1687736614,536486
1687736614,540363
1687736614,557196
1687736614,559059
1687736614,571758
1687736614,580245
1687736614,582623
1687736614,584101
1687736614,584468
1687736614,596114
1687736614,613927
1687736614,620965
1687736614,623056
1687736614,634225
1687736614,640857
1687736614,643454
1687736614,646053
1687736614,651048
1687736614,656568
1687736614,662765
1687736614,662828
1687736614,667389
1687736614,672857
1687736614,679108
1687736614,684757
1687736614,687854
1687736614,691187
1687736614,694263
1687736615,340212
1687736615,350696
1687736615,357657
1687736615,366167
1687736615,367458
1687736615,368717
1687736615,369380
1687736615,373006
1687736615,373351
1687736615,373553
1687736615,378867
1687736615,387904
1687736615,392105
1687736615,392790
1687736615,410800
1687736615,415909
1687736615,422719
1687736615,427519
1687736615,433646
1687736615,442870
1687736615,443997
1687736615,467626
1687736615,468661
1687736615,476480
1687736615,491965
1687736615,498683
1687736615,513641
1687736615,516157
1687736615,521731
1687736615,538874
1687736615,547364
1687736615,550724
1687736615,551178
1687736615,566549
1687736615,574481
1687736615,576660
1687736615,595326
1687736615,619921
1687736615,625975
1687736615,627354
1687736615,637748
1687736615,645002
1687736615,650547
1687736615,654905
1687736615,662213
1687736615,665033
1687736615,668080
1687736615,672181
1687736615,673982
1687736615,681030
1687736615,681945
1687736616,346541
1687736616,353115
1687736616,359451
1687736616,361227
1687736616,369088
1687736616,370912
1687736616,374881
1687736616,398017
1687736616,400191
1687736616,402733
1687736616,405239
1687736616,406181
1687736616,409731
1687736616,428312
1687736616,440069
1687736616,441085
1687736616,453143
1687736616,466703
1687736616,470778
1687736616,482723
1687736616,505796
1687736616,509756
1687736616,511369
1687736616,530881
1687736616,544068
1687736616,560666
1687736616,572820
1687736616,574306
1687736616,577415
1687736616,590151
1687736616,599739
1687736616,601838
1687736616,605604
1687736616,606447
1687736616,608953
1687736616,615867
1687736616,630815
1687736616,642292
1687736616,650220
1687736616,650263
1687736616,655891
1687736616,666566
1687736616,667160
1687736616,667473
1687736616,671694
1687736616,679765
1687736616,680236
1687736616,687024
1687736616,687906
1687736617,339681
1687736617,352090
1687736617,359588
1687736617,364517
1687736617,365245
1687736617,365493
1687736617,365625
1687736617,366812
1687736617,373026
1687736617,378057
1687736617,380420
1687736617,385315
1687736617,386195
1687736617,387489
1687736617,391543
1687736617,397315
1687736617,411819
1687736617,436728
1687736617,437295
1687736617,442661
1687736617,458646
1687736617,467331
1687736617,468765
1687736617,479198
1687736617,486550
1687736617,490458
1687736617,495464
1687736617,505193
1687736617,507101
1687736617,533506
1687736617,542055
1687736617,544764
1687736617,551678
1687736617,562173
1687736617,568131
1687736617,575079
1687736617,595384
1687736617,608564
1687736617,614158
1687736617,623528
1687736617,629350
1687736617,630106
1687736617,633561
1687736617,636982
1687736617,639003
1687736617,651573
1687736617,652569
1687736617,661758
1687736617,663979
1687736617,670117
1687736617,670971
1687736617,676111
1687736617,676283
1687736617,683221
1687736617,684537
1687736617,690029
1687736618,345953
1687736618,350663
1687736618,357941
1687736618,364149
1687736618,365763
1687736618,366407
1687736618,369246
1687736618,369649
1687736618,372320
1687736618,373464
1687736618,381633
1687736618,386143
1687736618,393207
1687736618,409855
1687736618,411210
1687736618,413694
1687736618,418493
1687736618,425661
1687736618,429573
1687736618,466118
1687736618,466573
1687736618,468754
1687736618,474311
1687736618,483251
1687736618,496822
1687736618,505868
1687736618,508348
1687736618,509842
1687736618,509955
1687736618,527936
1687736618,532964
1687736618,533551
1687736618,552221
1687736618,569397
1687736618,582519
1687736618,589016
1687736618,591268
1687736618,597828
1687736618,598245
1687736618,609331
1687736618,632077
1687736618,632830
1687736618,634698
1687736618,661001
1687736618,662097
1687736618,668464
1687736618,670661
1687736618,676708
1687736618,684296
1687736618,689386
1687736618,691532
1687736619,344860
1687736619,347353
1687736619,354519
1687736619,357760
1687736619,360364
1687736619,361420
1687736619,368395
1687736619,370585
1687736619,375413
1687736619,377110
1687736619,377588
1687736619,380347
1687736619,387631
1687736619,398921
1687736619,404708
1687736619,414730
1687736619,415534
1687736619,422143
1687736619,431431
1687736619,441459
1687736619,459767
1687736619,460281
1687736619,489210
1687736619,491258
1687736619,497754
1687736619,515302
1687736619,519335
1687736619,526649
1687736619,533039
1687736619,549172
1687736619,566169
1687736619,567586
1687736619,569138
1687736619,588440
1687736619,592931
1687736619,611144
1687736619,615848
1687736619,618993
1687736619,619422
1687736619,638303
1687736619,653538
1687736619,656650
1687736619,660468
1687736619,662738
1687736619,670717
1687736619,677497
1687736619,680362
1687736619,689977
1687736620,348769
1687736620,352863
1687736620,361563
1687736620,363474
1687736620,369697
1687736620,372691
1687736620,376574
1687736620,386115
1687736620,386961
1687736620,394070
1687736620,394993
1687736620,397164
1687736620,397448
1687736620,410982
1687736620,423405
1687736620,432112
1687736620,447328
1687736620,447878
1687736620,453559
1687736620,457858
1687736620,480924
1687736620,486697
1687736620,491565
1687736620,508728
1687736620,521312
1687736620,524932
1687736620,526125
1687736620,530096
1687736620,543467
1687736620,551328
1687736620,554890
1687736620,555623
1687736620,567908
1687736620,591530
1687736620,595979
1687736620,611029
1687736620,616254
1687736620,631262
1687736620,636676
1687736620,643826
1687736620,645888
1687736620,648296
1687736620,655472
1687736620,656037
1687736620,656574
1687736620,661289
1687736620,666466
1687736620,671300
1687736620,677915
1687736620,683708
1687736620,691800
1687736621,342925
1687736621,357972
1687736621,359123
1687736621,362209
1687736621,363354
1687736621,363613
1687736621,368365
1687736621,371373
1687736621,374962
1687736621,380133
1687736621,390061
1687736621,390906
1687736621,398271
1687736621,401361
1687736621,415873
1687736621,419805
1687736621,428538
1687736621,437072
1687736621,437137
1687736621,445217
1687736621,449449
1687736621,457290
1687736621,483370
1687736621,489433
1687736621,499714
1687736621,508595
1687736621,516410
1687736621,521956
1687736621,544858
1687736621,544867
1687736621,556806
1687736621,557895
1687736621,576120
1687736621,593372
1687736621,596000
1687736621,602832
1687736621,609558
1687736621,614957
1687736621,620272
1687736621,639398
1687736621,647987
1687736621,659233
1687736621,665452
1687736621,668166
1687736621,669358
1687736621,671857
1687736621,673262
1687736621,676853
1687736621,683146
1687736621,683816
1687736621,683922
1687736621,684833
1687736621,688364
1687736622,344705
1687736622,346517
1687736622,356167
1687736622,361632
1687736622,361938
1687736622,375294
1687736622,377338
1687736622,378272
1687736622,383858
1687736622,385584
1687736622,389597
1687736622,391603
1687736622,395104
1687736622,408952
1687736622,417137
1687736622,425724
1687736622,432332
1687736622,456163
1687736622,461017
1687736622,473211
1687736622,475582
1687736622,482343
1687736622,498898
1687736622,515725
1687736622,531484
1687736622,540375
1687736622,547871
1687736622,561404
1687736622,566928
1687736622,568913
1687736622,576013
1687736622,587743
1687736622,600732
1687736622,611742
1687736622,616840
1687736622,628045
1687736622,629629
1687736622,632146
1687736622,640439
1687736622,645742
1687736622,652426
1687736622,653021
1687736622,662737
1687736622,663773
1687736622,668843
1687736622,672787
1687736622,684745
1687736622,688712
1687736622,689235
1687736623,337567
1687736623,349428
1687736623,356301
1687736623,362573
1687736623,367212
1687736623,370278
1687736623,370547
1687736623,371413
1687736623,371557
1687736623,371726
1687736623,372769
1687736623,374822
1687736623,385359
1687736623,399617
1687736623,406193
1687736623,409122
1687736623,411621
1687736623,420593
1687736623,429611
1687736623,438333
1687736623,440596
1687736623,442420
1687736623,463680
1687736623,464384
1687736623,469172
1687736623,471524
1687736623,476492
1687736623,497424
1687736623,508404
1687736623,518506
1687736623,525709
1687736623,533044
1687736623,536763
1687736623,541385
1687736623,549568
1687736623,572236
1687736623,576424
1687736623,580851
1687736623,582094
1687736623,601975
1687736623,602019
1687736623,612723
1687736623,624705
1687736623,628875
1687736623,640416
1687736623,651461
1687736623,654944
1687736623,657384
1687736623,658799
1687736623,664903
1687736623,665205
1687736623,673147
1687736623,675336
1687736623,675446
1687736623,684219
1687736623,685190
1687736623,688327
1687736623,693474
1687736623,694610
1687736624,346754
1687736624,350555
1687736624,354435
1687736624,359029
1687736624,366389
1687736624,368657
1687736624,371647
1687736624,374076
1687736624,376824
1687736624,382989
1687736624,384367
1687736624,385704
1687736624,397616
1687736624,403023
1687736624,407744
1687736624,409975
1687736624,432470
1687736624,436917
1687736624,445962
1687736624,456684
1687736624,464301
1687736624,466925
1687736624,470187
1687736624,473807
1687736624,498128
1687736624,498151
1687736624,498852
1687736624,507188
1687736624,516084
1687736624,540525
1687736624,542749
1687736624,556079
1687736624,563973
1687736624,569799
1687736624,571654
1687736624,581489
1687736624,598971
1687736624,602454
1687736624,607933
1687736624,612563
1687736624,629116
1687736624,629500
1687736624,637305
1687736624,638020
1687736624,663415
1687736624,669523
1687736624,671813
1687736624,681507
1687736624,681609
1687736624,682445
1687736624,684040
1687736624,685172
1687736625,346626
1687736625,359118
1687736625,363925
1687736625,365739
1687736625,367482
1687736625,368695
1687736625,370116
1687736625,371503
1687736625,381132
1687736625,388322
1687736625,390702
1687736625,392329
1687736625,406819
1687736625,407169
1687736625,423873
1687736625,440763
1687736625,446880
1687736625,453809
1687736625,464165
1687736625,482654
1687736625,500166
1687736625,500937
1687736625,511216
1687736625,544897
1687736625,561631
1687736625,567818
1687736625,580049
1687736625,594427
1687736625,599119
1687736625,605795
1687736625,610175
1687736625,622214
1687736625,625892
1687736625,634945
1687736625,641890
1687736625,645088
1687736625,658609
1687736625,658880
1687736625,669789
1687736625,674900
1687736625,685649
1687736626,344493
1687736626,350037
1687736626,358496
1687736626,361754
1687736626,363497
1687736626,371581
1687736626,376949
1687736626,378415
1687736626,378867
1687736626,389769
1687736626,394020
1687736626,397472
1687736626,397856
1687736626,416337
1687736626,422019
1687736626,434247
1687736626,447844
1687736626,453301
1687736626,477507
1687736626,486690
1687736626,487190
1687736626,489427
1687736626,492896
1687736626,515658
1687736626,523052
1687736626,537140
1687736626,554256
1687736626,555083
1687736626,564284
1687736626,578216
1687736626,592072
1687736626,592105
1687736626,592551
1687736626,594594
1687736626,617887
1687736626,626772
1687736626,633835
1687736626,653823
1687736626,655476
1687736626,663750
1687736626,666982
1687736626,668751
1687736626,675170
1687736626,675827
1687736626,684553
1687736626,690946
1687736627,342304
1687736627,346878
1687736627,357889
1687736627,360982
1687736627,363552
1687736627,363931
1687736627,368930
1687736627,369290
1687736627,372366
1687736627,381659
1687736627,383358
1687736627,388713
1687736627,390803
1687736627,397490
1687736627,412244
1687736627,419463
1687736627,420632
1687736627,429465
1687736627,444541
1687736627,460308
1687736627,464856
1687736627,476289
1687736627,486330
1687736627,508066
1687736627,520258
1687736627,523933
1687736627,527492
1687736627,532784
1687736627,545688
1687736627,571556
1687736627,583012
1687736627,585281
1687736627,586309
1687736627,591709
1687736627,619481
1687736627,624326
1687736627,639500
1687736627,641609
1687736627,658451
1687736627,662577
1687736627,666428
1687736627,669168
1687736627,671472
1687736627,672246
1687736627,676817
1687736627,684140
1687736627,685894
1687736627,691611
1687736627,696202
1687736628,348877
1687736628,352390
1687736628,360741
1687736628,361798
1687736628,365949
1687736628,368855
1687736628,371878
1687736628,374204
1687736628,380948
1687736628,392571
1687736628,403120
1687736628,404410
1687736628,408803
1687736628,418602
1687736628,424615
1687736628,442941
1687736628,443392
1687736628,445770
1687736628,450747
1687736628,463738
1687736628,477417
1687736628,491129
1687736628,509662
1687736628,514877
1687736628,548092
1687736628,550280
1687736628,554760
1687736628,564757
1687736628,573744
1687736628,580103
1687736628,597848
1687736628,611701
1687736628,615249
1687736628,647937
1687736628,648492
1687736628,649842
1687736628,650738
1687736628,651772
1687736628,653809
1687736628,663824
1687736628,665525
1687736628,668229
1687736628,671822
1687736628,678999
1687736628,684081
1687736628,693839
1687736629,343335
1687736629,355359
1687736629,356541
1687736629,361979
1687736629,365287
1687736629,365568
1687736629,377248
1687736629,377753
1687736629,378093
1687736629,384745
1687736629,397942
1687736629,399189
1687736629,400986
1687736629,412441
1687736629,413195
1687736629,435292
1687736629,439220
1687736629,440639
1687736629,442387
1687736629,462187
1687736629,462558
1687736629,474184
1687736629,494378
1687736629,501450
1687736629,505576
1687736629,509671
1687736629,529642
1687736629,538150
1687736629,548923
1687736629,568297
1687736629,572841
1687736629,600778
1687736629,601100
1687736629,608536
1687736629,614257
1687736629,627792
1687736629,628664
1687736629,632379
1687736629,635532
1687736629,643939
1687736629,652308
1687736629,667287
1687736629,669463
1687736629,670631
1687736629,676488
1687736629,679590
1687736629,681313
1687736629,689339
1687736629,691413
1687736630,358847
1687736630,360349
1687736630,361184
1687736630,367564
1687736630,371175
1687736630,380434
1687736630,382815
1687736630,385367
1687736630,386757
1687736630,388875
1687736630,404071
1687736630,409791
1687736630,427827
1687736630,433574
1687736630,434757
1687736630,468246
1687736630,469821
1687736630,470243
1687736630,486680
1687736630,507891
1687736630,530447
1687736630,534769
1687736630,537497
1687736630,546943
1687736630,571226
1687736630,571679
1687736630,576314
1687736630,593144
1687736630,604894
1687736630,608312
1687736630,627173
1687736630,630721
1687736630,637519
1687736630,640848
1687736630,643419
1687736630,646607
1687736630,657588
1687736630,667009
1687736630,669130
1687736630,671365
1687736630,671589
1687736630,676663
1687736630,680642
1687736630,680886
1687736630,688647
1687736630,690270
1687736630,690761
1687736631,351263
1687736631,354730
1687736631,355876
1687736631,356513
1687736631,366983
1687736631,367186
1687736631,368400
1687736631,371125
1687736631,375725
1687736631,381391
1687736631,384420
1687736631,388278
1687736631,397955
1687736631,405152
1687736631,417706
1687736631,422501
1687736631,432264
1687736631,435888
1687736631,462140
1687736631,465192
1687736631,470411
1687736631,488845
1687736631,498980
1687736631,505496
1687736631,511999
1687736631,522141
1687736631,522594
1687736631,533114
1687736631,543759
1687736631,572906
1687736631,577084
1687736631,585986
1687736631,592474
1687736631,594947
1687736631,607465
1687736631,616172
1687736631,616331
1687736631,622174
1687736631,636351
1687736631,658857
1687736631,660125
1687736631,663435
1687736631,664798
1687736631,673184
1687736631,680919
1687736631,690440
1687736632,344149
1687736632,349133
1687736632,363277
1687736632,363514
1687736632,370824
1687736632,371053
1687736632,372362
1687736632,378839
1687736632,388163
1687736632,395980
1687736632,396326
1687736632,410883
1687736632,411156
1687736632,431104
1687736632,447438
1687736632,449866
1687736632,456286
1687736632,456710
1687736632,480130
1687736632,493567
1687736632,498144
1687736632,522660
1687736632,523134
1687736632,532513
1687736632,550842
1687736632,552491
1687736632,556201
1687736632,558037
1687736632,564442
1687736632,568556
1687736632,594861
1687736632,611501
1687736632,614957
1687736632,624983
1687736632,625848
1687736632,628153
1687736632,633655
1687736632,641928
1687736632,644269
1687736632,645580
1687736632,653679
1687736632,657102
1687736632,668724
1687736632,670619
1687736632,678243
1687736632,679909
1687736632,681896
1687736632,687918
1687736632,688273
1687736633,345122
1687736633,358017
1687736633,361935
1687736633,362569
1687736633,363140
1687736633,364736
1687736633,368116
1687736633,373123
1687736633,377648
1687736633,385230
1687736633,393805
1687736633,396285
1687736633,397451
1687736633,401204
1687736633,412031
1687736633,414757
1687736633,418126
1687736633,420330
1687736633,439143
1687736633,442955
1687736633,445141
1687736633,452338
1687736633,487209
1687736633,494319
1687736633,498141
1687736633,498897
1687736633,514897
1687736633,519357
1687736633,521685
1687736633,525654
1687736633,544665
1687736633,550646
1687736633,587545
1687736633,591965
1687736633,594490
1687736633,595088
1687736633,597898
1687736633,614300
1687736633,614415
1687736633,616928
1687736633,619630
1687736633,636272
1687736633,638249
1687736633,648962
1687736633,655258
1687736633,659578
1687736633,663799
1687736633,664488
1687736633,670533
1687736633,670974
1687736633,671276
1687736633,679159
1687736633,680294
1687736633,682615
1687736633,689853
1687736634,348991
1687736634,362503
1687736634,364585
1687736634,376991
1687736634,378495
1687736634,380964
1687736634,387858
1687736634,390051
1687736634,391025
1687736634,417101
1687736634,417169
1687736634,423560
1687736634,426526
1687736634,432238
1687736634,454421
1687736634,456416
1687736634,463303
1687736634,478412
1687736634,478572
1687736634,480502
1687736634,496358
1687736634,517170
1687736634,525443
1687736634,535880
1687736634,538726
1687736634,542693
1687736634,561452
1687736634,569769
1687736634,578272
1687736634,580646
1687736634,582172
1687736634,586361
1687736634,597679
1687736634,618941
1687736634,619963
1687736634,621705
1687736634,624733
1687736634,635623
1687736634,642109
1687736634,655477
1687736634,663599
1687736634,668652
1687736634,670401
1687736634,671605
1687736634,685187
1687736634,690643
1687736634,693888
1687736634,694682
1687736635,340294
1687736635,350671
1687736635,358138
1687736635,361646
1687736635,367221
1687736635,372408
1687736635,373911
1687736635,374730
1687736635,377325
1687736635,388704
1687736635,391353
1687736635,393655
1687736635,412736
1687736635,414151
1687736635,431667
1687736635,442061
1687736635,465520
1687736635,470714
1687736635,474512
1687736635,494168
1687736635,503514
1687736635,515774
1687736635,518357
1687736635,519741
1687736635,536820
1687736635,546555
1687736635,549346
1687736635,568641
1687736635,574749
1687736635,576410
1687736635,596918
1687736635,615516
1687736635,618233
1687736635,627319
1687736635,628767
1687736635,636239
1687736635,644176
1687736635,646341
1687736635,651707
1687736635,656117
1687736635,663092
1687736635,666226
1687736635,667063
1687736635,673944
1687736635,680267
1687736635,682461
1687736636,353804
1687736636,358325
1687736636,360955
1687736636,368321
1687736636,371555
1687736636,372289
1687736636,372695
1687736636,375551
1687736636,396756
1687736636,401759
1687736636,403473
1687736636,403736
1687736636,407986
1687736636,408349
1687736636,430416
1687736636,437799
1687736636,438997
1687736636,455047
1687736636,468692
1687736636,468937
1687736636,480284
1687736636,500676
1687736636,507634
1687736636,513544
1687736636,542066
1687736636,542644
1687736636,545689
1687736636,562796
1687736636,570956
1687736636,572181
1687736636,579233
1687736636,588162
1687736636,597764
1687736636,603479
1687736636,603852
1687736636,604266
1687736636,610489
1687736636,617510
1687736636,640277
1687736636,651436
1687736636,651711
1687736636,654551
1687736636,665985
1687736636,666301
1687736636,666575
1687736636,672001
1687736636,672051
1687736636,679699
1687736636,680706
1687736636,686871
1687736636,688464
1687736636,694565
1687736637,339097
1687736637,351842
1687736637,360000
1687736637,364844
1687736637,365098
1687736637,365234
1687736637,365883
1687736637,366825
1687736637,372446
1687736637,378685
1687736637,381138
1687736637,384226
1687736637,387227
1687736637,389099
1687736637,390221
1687736637,406729
1687736637,435401
1687736637,438682
1687736637,444829
1687736637,448059
1687736637,456496
1687736637,466449
1687736637,469436
1687736637,488826
1687736637,492381
1687736637,493149
1687736637,502863
1687736637,509242
1687736637,535688
1687736637,544313
1687736637,553856
1687736637,560234
1687736637,566030
1687736637,577097
1687736637,597286
1687736637,606697
1687736637,612209
1687736637,627955
1687736637,630738
1687736637,631365
1687736637,634884
1687736637,637522
1687736637,638603
1687736637,651313
1687736637,652859
1687736637,660364
1687736637,664558
1687736637,670554
1687736637,671547
1687736637,675477
1687736637,675884
1687736637,682526
1687736637,684177
1687736637,690734
1687736638,346456
1687736638,350026
1687736638,358820
1687736638,364671
1687736638,365662
1687736638,365954
1687736638,370239
1687736638,372212
1687736638,380731
1687736638,387658
1687736638,393940
1687736638,409852
1687736638,411267
1687736638,413077
1687736638,416329
1687736638,424072
1687736638,431655
1687736638,443576
1687736638,463887
1687736638,466504
1687736638,468561
1687736638,476287
1687736638,481192
1687736638,485520
1687736638,494850
1687736638,506478
1687736638,511911
1687736638,525936
1687736638,530932
1687736638,535757
1687736638,551571
1687736638,554274
1687736638,567452
1687736638,584417
1687736638,590835
1687736638,593347
1687736638,596122
1687736638,596190
1687736638,611074
1687736638,617770
1687736638,630076
1687736638,630769
1687736638,636391
1687736638,660493
1687736638,662282
1687736638,667678
1687736638,677332
1687736638,684876
1687736638,689174
1687736638,691845
1687736639,344719
1687736639,346562
1687736639,355570
1687736639,357011
1687736639,360227
1687736639,361420
1687736639,368778
1687736639,369567
1687736639,370157
1687736639,373541
1687736639,376154
1687736639,376224
1687736639,377936
1687736639,379288
1687736639,388830
1687736639,397621
1687736639,403117
1687736639,411747
1687736639,416516
1687736639,417798
1687736639,424217
1687736639,429904
1687736639,458100
1687736639,461758
1687736639,487176
1687736639,489239
1687736639,495600
1687736639,504884
1687736639,517464
1687736639,517499
1687736639,527952
1687736639,528915
1687736639,531113
1687736639,565455
1687736639,568012
1687736639,571169
1687736639,586462
1687736639,590808
1687736639,612753
1687736639,617372
1687736639,620323
1687736639,629680
1687736639,639587
1687736639,652560
1687736639,657911
1687736639,661558
1687736639,661866
1687736639,671106
1687736639,676435
1687736639,676846
1687736639,681145
1687736639,689775
1687736640,349458
1687736640,362238
1687736640,362368
1687736640,370584
1687736640,373230
1687736640,375466
1687736640,385674
1687736640,386894
1687736640,389982
1687736640,392648
1687736640,393536
1687736640,398423
1687736640,398655
1687736640,412703
1687736640,421522
1687736640,444674
1687736640,445802
1687736640,446996
1687736640,455552
1687736640,460039
1687736640,482899
1687736640,488782
1687736640,489309
1687736640,510795
1687736640,519507
1687736640,522574
1687736640,528325
1687736640,541481
1687736640,549148
1687736640,552381
1687736640,557805
1687736640,570108
1687736640,588220
1687736640,593332
1687736640,594295
1687736640,612635
1687736640,617540
1687736640,617800
1687736640,619755
1687736640,635243
1687736640,645178
1687736640,647095
1687736640,647331
1687736640,653854
1687736640,654761
1687736640,657163
1687736640,662373
1687736640,665214
1687736640,670500
1687736640,671458
1687736640,677630
1687736640,682799
1687736640,683030
1687736640,684420
1687736640,684488
1687736640,691850
1687736641,343668
1687736641,353622
1687736641,357443
1687736641,358177
1687736641,361692
1687736641,363425
1687736641,364110
1687736641,368555
1687736641,371615
1687736641,375797
1687736641,375974
1687736641,379097
1687736641,388558
1687736641,392780
1687736641,399621
1687736641,400027
1687736641,417844
1687736641,418020
1687736641,430463
1687736641,434779
1687736641,447431
1687736641,459340
1687736641,481128
1687736641,491588
1687736641,501837
1687736641,506880
1687736641,514466
1687736641,524127
1687736641,546777
1687736641,546947
1687736641,554808
1687736641,555809
1687736641,573703
1687736641,591258
1687736641,597805
1687736641,604366
1687736641,607887
1687736641,613052
1687736641,621857
1687736641,641217
1687736641,646504
1687736641,658389
1687736641,666369
1687736641,668802
1687736641,669086
1687736641,669546
1687736641,672007
1687736641,673014
1687736641,683227
1687736641,684899
1687736641,688891
1687736642,344806
1687736642,345981
1687736642,356338
1687736642,362473
1687736642,366125
1687736642,375705
1687736642,377235
1687736642,385070
1687736642,386620
1687736642,388412
1687736642,396274
1687736642,401019
1687736642,407456
1687736642,415432
1687736642,427129
1687736642,434618
1687736642,454174
1687736642,463149
1687736642,470928
1687736642,473251
1687736642,484455
1687736642,501268
1687736642,513481
1687736642,533747
1687736642,542452
1687736642,545966
1687736642,547526
1687736642,563580
1687736642,564933
1687736642,571088
1687736642,573774
1687736642,589795
1687736642,602100
1687736642,609730
1687736642,615149
1687736642,629680
1687736642,630812
1687736642,633869
1687736642,638905
1687736642,643965
1687736642,651387
1687736642,654282
1687736642,663515
1687736642,665001
1687736642,671403
1687736642,683827
1687736642,688547
1687736642,689075
1687736643,337789
1687736643,343941
1687736643,349720
1687736643,356106
1687736643,361730
1687736643,367120
1687736643,369784
1687736643,370373
1687736643,370562
1687736643,372585
1687736643,373057
1687736643,386175
1687736643,390358
1687736643,404723
1687736643,410946
1687736643,413667
1687736643,418511
1687736643,431635
1687736643,436382
1687736643,438769
1687736643,440394
1687736643,461960
1687736643,465868
1687736643,466902
1687736643,473649
1687736643,478465
1687736643,499509
1687736643,506212
1687736643,520652
1687736643,527991
1687736643,530919
1687736643,538991
1687736643,574356
1687736643,574417
1687736643,580026
1687736643,582705
1687736643,599791
1687736643,603747
1687736643,614189
1687736643,626644
1687736643,627405
1687736643,638669
1687736643,652739
1687736643,656113
1687736643,658603
1687736643,663818
1687736643,664914
1687736643,673289
1687736643,674531
1687736643,676750
1687736643,682260
1687736643,683881
1687736643,684450
1687736643,688604
1687736643,693220
1687736644,346524
1687736644,351405
1687736644,353827
1687736644,358939
1687736644,366869
1687736644,369737
1687736644,372591
1687736644,372760
1687736644,375971
1687736644,377140
1687736644,382933
1687736644,384205
1687736644,386557
1687736644,396199
1687736644,401671
1687736644,409552
1687736644,411569
1687736644,430682
1687736644,438901
1687736644,458710
1687736644,462332
1687736644,464861
1687736644,468019
1687736644,476009
1687736644,496123
1687736644,496666
1687736644,497811
1687736644,500208
1687736644,509455
1687736644,518220
1687736644,538529
1687736644,544908
1687736644,566130
1687736644,567759
1687736644,569260
1687736644,583222
1687736644,587382
1687736644,596898
1687736644,600473
1687736644,609522
1687736644,614077
1687736644,630302
1687736644,636378
1687736644,638877
1687736644,651130
1687736644,657750
1687736644,659268
1687736644,662155
1687736644,669877
1687736644,681691
1687736644,681972
1687736644,684214
1687736645,336173
1687736645,346703
1687736645,361088
1687736645,364582
1687736645,364589
1687736645,367647
1687736645,369217
1687736645,372315
1687736645,380136
1687736645,384861
1687736645,390127
1687736645,391966
1687736645,395636
1687736645,405392
1687736645,408916
1687736645,410128
1687736645,422197
1687736645,436132
1687736645,442575
1687736645,444746
1687736645,450217
1687736645,455888
1687736645,462242
1687736645,484568
1687736645,489011
1687736645,495775
1687736645,498376
1687736645,513471
1687736645,547046
1687736645,554026
1687736645,562259
1687736645,563689
1687736645,565948
1687736645,582025
1687736645,593773
1687736645,596104
1687736645,597001
1687736645,607475
1687736645,610405
1687736645,611719
1687736645,620333
1687736645,623896
1687736645,633030
1687736645,642345
1687736645,643381
1687736645,657605
1687736645,659968
1687736645,668268
1687736645,670280
1687736645,670324
1687736645,674174
1687736645,684875
1687736645,686248
1687736645,691799
1687736646,344795
1687736646,346070
1687736646,349239
1687736646,358834
1687736646,362462
1687736646,363016
1687736646,371694
1687736646,375996
1687736646,377209
1687736646,379651
1687736646,391361
1687736646,395296
1687736646,396171
1687736646,408447
1687736646,417693
1687736646,418805
1687736646,420204
1687736646,422438
1687736646,431408
1687736646,449943
1687736646,451395
1687736646,479447
1687736646,485323
1687736646,490674
1687736646,491644
1687736646,517806
1687736646,519794
1687736646,520894
1687736646,539501
1687736646,552113
1687736646,557340
1687736646,559332
1687736646,585262
1687736646,589811
1687736646,590454
1687736646,592586
1687736646,593922
1687736646,619642
1687736646,624766
1687736646,626413
1687736646,633834
1687736646,635471
1687736646,643029
1687736646,652440
1687736646,664690
1687736646,664898
1687736646,666204
1687736646,670145
1687736646,674259
1687736646,676730
1687736646,684506
1687736646,690663
1687736647,342292
1687736647,343856
1687736647,346789
1687736647,355289
1687736647,361167
1687736647,364180
1687736647,364288
1687736647,368647
1687736647,370806
1687736647,371025
1687736647,380101
1687736647,383953
1687736647,389256
1687736647,390026
1687736647,396143
1687736647,396490
1687736647,413824
1687736647,418034
1687736647,421910
1687736647,442294
1687736647,462377
1687736647,467113
1687736647,474030
1687736647,488317
1687736647,510313
1687736647,512056
1687736647,522062
1687736647,522413
1687736647,525375
1687736647,535060
1687736647,543804
1687736647,573345
1687736647,575995
1687736647,583001
1687736647,593557
1687736647,621652
1687736647,622363
1687736647,637908
1687736647,644872
1687736647,657600
1687736647,667945
1687736647,667948
1687736647,670694
1687736647,672008
1687736647,677684
1687736647,683274
1687736647,686581
1687736647,696300
1687736648,348493
1687736648,350886
1687736648,353271
1687736648,359568
1687736648,361438
1687736648,366380
1687736648,369825
1687736648,372890
1687736648,373528
1687736648,382036
1687736648,391383
1687736648,404246
1687736648,406430
1687736648,407194
1687736648,416584
1687736648,426513
1687736648,434042
1687736648,439006
1687736648,440966
1687736648,441726
1687736648,443644
1687736648,452634
1687736648,465877
1687736648,475159
1687736648,493148
1687736648,507813
1687736648,512758
1687736648,533644
1687736648,536500
1687736648,544736
1687736648,546170
1687736648,552496
1687736648,556949
1687736648,566984
1687736648,575667
1687736648,577808
1687736648,599696
1687736648,609824
1687736648,613197
1687736648,620975
1687736648,628108
1687736648,629173
1687736648,647914
1687736648,649221
1687736648,649406
1687736648,650051
1687736648,652946
1687736648,654984
1687736648,664943
1687736648,667636
1687736648,671563
1687736648,679805
1687736648,683641
1687736648,693835
1687736649,342659
1687736649,342928
1687736649,355727
1687736649,357190
1687736649,361746
1687736649,365102
1687736649,376333
1687736649,378419
1687736649,378634
1687736649,383707
1687736649,397661
1687736649,399628
1687736649,402193
1687736649,410724
1687736649,411612
1687736649,429942
1687736649,437255
1687736649,438487
1687736649,444450
1687736649,459893
1687736649,464853
1687736649,471968
1687736649,496602
1687736649,499772
1687736649,507415
1687736649,507710
1687736649,531707
1687736649,540343
1687736649,546588
1687736649,570375
1687736649,570586
1687736649,595125
1687736649,598795
1687736649,602905
1687736649,609967
1687736649,612282
1687736649,615901
1687736649,626911
1687736649,633934
1687736649,636996
1687736649,642348
1687736649,651118
1687736649,665662
1687736649,669995
1687736649,671526
1687736649,677551
1687736649,679406
1687736649,680461
1687736649,689160
1687736649,691354
1687736649,692166
1687736649,694429
1687736650,344288
1687736650,357880
1687736650,360736
1687736650,361154
1687736650,366699
1687736650,368268
1687736650,371537
1687736650,378995
1687736650,382004
1687736650,386304
1687736650,387935
1687736650,389981
1687736650,405462
1687736650,408210
1687736650,425789
1687736650,432925
1687736650,435276
1687736650,466134
1687736650,467552
1687736650,472258
1687736650,483197
1687736650,488733
1687736650,506043
1687736650,532691
1687736650,532965
1687736650,533899
1687736650,535303
1687736650,549089
1687736650,569139
1687736650,569631
1687736650,578325
1687736650,603006
1687736650,606521
1687736650,628640
1687736650,631988
1687736650,635582
1687736650,647959
1687736650,658975
1687736650,665593
1687736650,670116
1687736650,671331
1687736650,671375
1687736650,675958
1687736650,681818
1687736650,688899
1687736650,689896
1687736651,343902
1687736651,350542
1687736651,355593
1687736651,355611
1687736651,356896
1687736651,367546
1687736651,367884
1687736651,367986
1687736651,370675
1687736651,382773
1687736651,387060
1687736651,396539
1687736651,413357
1687736651,414894
1687736651,419789
1687736651,420481
1687736651,430775
1687736651,463111
1687736651,464135
1687736651,472474
1687736651,486736
1687736651,496638
1687736651,507616
1687736651,520895
1687736651,524224
1687736651,531287
1687736651,545856
1687736651,570962
1687736651,579212
1687736651,590499
1687736651,592682
1687736651,592912
1687736651,609241
1687736651,617700
1687736651,617861
1687736651,620692
1687736651,634630
1687736651,659907
1687736651,661481
1687736651,662287
1687736651,664069
1687736651,673511
1687736651,679758
1687736651,681938
1687736651,690000
1687736652,349675
1687736652,358460
1687736652,363157
1687736652,369811
1687736652,372115
1687736652,372652
1687736652,376616
1687736652,377925
1687736652,389373
1687736652,394698
1687736652,394816
1687736652,412323
1687736652,429388
1687736652,447455
1687736652,449556
1687736652,454468
1687736652,458738
1687736652,482207
1687736652,495826
1687736652,506777
1687736652,514071
1687736652,520995
1687736652,524866
1687736652,530228
1687736652,550600
1687736652,553162
1687736652,555935
1687736652,566399
1687736652,570631
1687736652,613333
1687736652,616331
1687736652,624257
1687736652,626464
1687736652,635092
1687736652,643397
1687736652,644202
1687736652,654936
1687736652,655582
1687736652,670073
1687736652,670938
1687736652,679278
1687736652,679588
1687736652,687912
1687736652,688708
1687736653,345796
1687736653,358180
1687736653,361980
1687736653,362020
1687736653,362026
1687736653,364273
1687736653,365387
1687736653,368380
1687736653,373105
1687736653,376627
1687736653,385765
1687736653,395700
1687736653,396064
1687736653,397193
1687736653,399920
1687736653,410457
1687736653,416460
1687736653,416668
1687736653,441028
1687736653,443095
1687736653,444549
1687736653,450513
1687736653,489189
1687736653,492209
1687736653,495989
1687736653,501060
1687736653,512678
1687736653,521475
1687736653,523829
1687736653,539250
1687736653,546669
1687736653,548488
1687736653,554073
1687736653,576295
1687736653,587915
1687736653,588619
1687736653,589399
1687736653,593100
1687736653,596307
1687736653,599519
1687736653,615055
1687736653,615996
1687736653,617504
1687736653,636895
1687736653,637966
1687736653,647607
1687736653,653668
1687736653,658451
1687736653,663557
1687736653,665933
1687736653,670036
1687736653,670326
1687736653,681183
1687736653,682852
1687736653,689020
1687736654,348318
1687736654,363245
1687736654,364430
1687736654,366090
1687736654,377504
1687736654,379319
1687736654,379888
1687736654,386597
1687736654,389751
1687736654,391676
1687736654,415427
1687736654,415474
1687736654,425466
1687736654,428314
1687736654,434360
1687736654,452555
1687736654,458562
1687736654,476465
1687736654,476601
1687736654,484604
1687736654,498741
1687736654,515222
1687736654,527753
1687736654,540932
1687736654,544975
1687736654,563831
1687736654,567770
1687736654,578682
1687736654,579918
1687736654,599182
1687736654,616974
1687736654,626402
1687736654,637026
1687736654,640749
1687736654,642261
1687736654,654376
1687736654,664376
1687736654,664739
1687736654,665322
1687736654,669932
1687736654,670285
1687736654,679202
1687736654,685580
1687736654,690068
1687736655,340418
1687736655,350655
1687736655,358621
1687736655,361710
1687736655,367018
1687736655,371517
1687736655,374867
1687736655,375848
1687736655,375987
1687736655,389508
1687736655,389957
1687736655,395257
1687736655,412445
1687736655,414700
1687736655,429714
1687736655,432561
1687736655,440149
1687736655,463432
1687736655,465463
1687736655,471200
1687736655,472547
1687736655,472816
1687736655,502687
1687736655,517712
1687736655,517883
1687736655,520558
1687736655,534785
1687736655,544003
1687736655,547493
1687736655,570709
1687736655,572803
1687736655,578346
1687736655,598468
1687736655,616553
1687736655,617093
1687736655,628669
1687736655,634725
1687736655,647697
1687736655,652881
1687736655,657307
1687736655,663991
1687736655,666046
1687736655,667432
1687736655,673858
1687736655,679495
1687736655,681592
1687736655,682925
1687736655,693454
1687736656,345680
1687736656,354540
1687736656,357253
1687736656,360705
1687736656,365969
1687736656,367645
1687736656,372247
1687736656,372869
1687736656,376255
1687736656,395477
1687736656,401715
1687736656,403368
1687736656,404767
1687736656,406935
1687736656,409824
1687736656,435545
1687736656,436933
1687736656,456954
1687736656,466611
1687736656,477845
1687736656,496369
1687736656,501225
1687736656,505459
1687736656,515722
1687736656,540078
1687736656,564897
1687736656,569095
1687736656,581012
1687736656,586173
1687736656,595817
1687736656,602056
1687736656,602106
1687736656,605105
1687736656,612002
1687736656,619191
1687736656,638227
1687736656,652615
1687736656,653179
1687736656,653216
1687736656,665446
1687736656,665985
1687736656,672251
1687736656,679160
1687736656,682726
1687736656,686642
1687736656,694468
1687736657,338586
1687736657,351663
1687736657,364099
1687736657,364996
1687736657,365696
1687736657,366850
1687736657,370822
1687736657,371922
1687736657,379355
1687736657,381888
1687736657,388311
1687736657,388893
1687736657,390732
1687736657,391347
1687736657,433504
1687736657,440656
1687736657,441418
1687736657,447017
1687736657,450125
1687736657,454329
1687736657,456696
1687736657,471554
1687736657,482670
1687736657,490855
1687736657,491137
1687736657,494309
1687736657,500515
1687736657,537911
1687736657,546602
1687736657,556036
1687736657,558302
1687736657,563939
1687736657,579076
1687736657,599209
1687736657,604836
1687736657,610183
1687736657,626360
1687736657,632095
1687736657,635965
1687736657,636227
1687736657,640194
1687736657,650048
1687736657,654121
1687736657,658940
1687736657,665096
1687736657,670922
1687736657,671272
1687736657,673083
1687736657,674655
1687736657,681772
1687736657,683802
1687736657,691365
1687736658,346989
1687736658,349461
1687736658,359725
1687736658,365222
1687736658,365555
1687736658,365623
1687736658,370965
1687736658,379854
1687736658,389192
1687736658,394676
1687736658,408512
1687736658,409859
1687736658,412732
1687736658,414252
1687736658,422538
1687736658,433743
1687736658,438014
1687736658,445679
1687736658,461655
1687736658,464268
1687736658,470564
1687736658,478256
1687736658,487764
1687736658,492888
1687736658,504589
1687736658,514009
1687736658,523965
1687736658,528896
1687736658,537916
1687736658,553941
1687736658,556294
1687736658,565507
1687736658,586326
1687736658,592646
1687736658,594432
1687736658,595409
1687736658,628065
1687736658,628681
1687736658,638013
1687736658,643733
1687736658,654022
1687736658,658891
1687736658,663582
1687736658,666839
1687736658,669982
1687736658,685387
1687736658,688931
1687736658,692127
1687736659,344601
1687736659,356305
1687736659,361453
1687736659,368337
1687736659,369765
1687736659,370786
1687736659,373950
1687736659,375238
1687736659,377082
1687736659,378278
1687736659,378294
1687736659,401565
1687736659,418325
1687736659,420080
1687736659,426289
1687736659,428391
1687736659,455946
1687736659,463763
1687736659,485062
1687736659,487213
1687736659,519668
1687736659,525811
1687736659,529141
1687736659,531166
1687736659,563308
1687736659,569860
1687736659,573230
1687736659,584425
1687736659,588641
1687736659,614356
1687736659,618929
1687736659,621665
1687736659,628092
1687736659,651567
1687736659,659137
1687736659,660968
1687736659,662599
1687736659,671441
1687736659,675367
1687736659,680781
1687736659,681890
1687736659,684074
1687736659,689498
1687736660,350173
1687736660,361301
1687736660,362936
1687736660,371511
1687736660,373772
1687736660,374425
1687736660,384404
1687736660,387690
1687736660,391244
1687736660,392117
1687736660,399682
1687736660,399888
1687736660,414422
1687736660,419642
1687736660,442020
1687736660,443735
1687736660,448741
1687736660,457533
1687736660,462201
1687736660,487040
1687736660,490873
1687736660,512854
1687736660,520258
1687736660,530540
1687736660,539499
1687736660,547015
1687736660,549001
1687736660,549902
1687736660,559999
1687736660,572281
1687736660,592550
1687736660,595127
1687736660,614192
1687736660,616163
1687736660,618852
1687736660,633813
1687736660,645606
1687736660,645886
1687736660,646483
1687736660,648784
1687736660,652217
1687736660,652890
1687736660,658233
1687736660,663967
1687736660,670562
1687736660,671555
1687736660,675727
1687736660,678386
1687736660,685228
1687736660,691900
1687736661,344438
1687736661,354433
1687736661,356598
1687736661,356948
1687736661,357228
1687736661,363277
1687736661,364849
1687736661,368765
1687736661,371903
1687736661,374632
1687736661,378066
1687736661,387098
1687736661,394698
1687736661,397929
1687736661,401822
1687736661,408472
1687736661,413733
1687736661,419888
1687736661,432409
1687736661,432423
1687736661,440943
1687736661,445526
1687736661,452203
1687736661,461397
1687736661,478951
1687736661,493710
1687736661,503974
1687736661,505195
1687736661,512532
1687736661,526312
1687736661,548655
1687736661,552832
1687736661,553719
1687736661,571325
1687736661,589113
1687736661,599593
1687736661,605837
1687736661,606217
1687736661,611156
1687736661,623442
1687736661,635584
1687736661,642990
1687736661,644994
1687736661,657580
1687736661,667270
1687736661,668184
1687736661,670742
1687736661,670890
1687736661,674139
1687736661,682607
1687736661,684946
1687736661,687808
1687736661,689349
1687736662,344943
1687736662,345466
1687736662,363074
1687736662,366552
1687736662,376160
1687736662,376219
1687736662,386342
1687736662,387250
1687736662,387671
1687736662,393966
1687736662,397481
1687736662,402479
1687736662,406042
1687736662,428586
1687736662,436862
1687736662,465246
1687736662,468653
1687736662,470866
1687736662,486573
1687736662,503667
1687736662,511282
1687736662,536032
1687736662,544029
1687736662,544548
1687736662,545508
1687736662,562935
1687736662,565715
1687736662,571573
1687736662,573234
1687736662,591815
1687736662,603475
1687736662,607723
1687736662,613459
1687736662,631265
1687736662,631992
1687736662,642140
1687736662,646342
1687736662,650303
1687736662,655521
1687736662,657294
1687736662,664242
1687736662,666246
1687736662,669326
1687736662,669989
1687736662,683735
1687736662,689456
1687736663,338048
1687736663,350046
1687736663,355957
1687736663,367068
1687736663,367909
1687736663,369036
1687736663,369213
1687736663,370846
1687736663,373360
1687736663,373845
1687736663,387041
1687736663,389112
1687736663,403309
1687736663,412817
1687736663,415718
1687736663,416520
1687736663,433691
1687736663,434438
1687736663,436969
1687736663,438402
1687736663,459495
1687736663,464685
1687736663,468038
1687736663,475793
1687736663,480455
1687736663,501613
1687736663,504033
1687736663,522810
1687736663,528806
1687736663,530260
1687736663,537137
1687736663,541219
1687736663,572443
1687736663,576462
1687736663,577958
1687736663,584614
1687736663,597662
1687736663,605476
1687736663,615655
1687736663,628615
1687736663,636911
1687736663,653977
1687736663,659793
1687736663,662716
1687736663,664599
1687736663,667542
1687736663,673362
1687736663,673724
1687736663,678020
1687736663,683556
1687736663,683711
1687736663,688870
1687736663,692942
1687736664,346288
1687736664,352274
1687736664,353273
1687736664,358896
1687736664,367329
1687736664,369356
1687736664,371484
1687736664,373565
1687736664,377126
1687736664,377445
1687736664,381515
1687736664,385409
1687736664,387426
1687736664,394805
1687736664,400377
1687736664,411380
1687736664,413152
1687736664,440921
1687736664,460289
1687736664,460311
1687736664,460723
1687736664,462813
1687736664,465859
1687736664,478215
1687736664,486891
1687736664,494140
1687736664,494488
1687736664,502281
1687736664,511730
1687736664,520354
1687736664,531861
1687736664,536529
1687736664,540507
1687736664,547043
1687736664,565665
1687736664,566905
1687736664,568268
1687736664,584928
1687736664,585371
1687736664,594800
1687736664,598523
1687736664,611122
1687736664,615546
1687736664,625902
1687736664,631446
1687736664,634709
1687736664,640393
1687736664,642384
1687736664,652425
1687736664,656710
1687736664,658619
1687736664,660858
1687736664,670242
1687736664,681475
1687736664,681810
1687736664,683174
1687736664,685661
1687736665,336043
1687736665,346795
1687736665,357880
1687736665,361700
1687736665,363445
1687736665,365267
1687736665,367880
1687736665,369744
1687736665,373172
1687736665,379194
1687736665,383313
1687736665,383500
1687736665,391931
1687736665,393309
1687736665,403943
1687736665,410701
1687736665,420601
1687736665,438026
1687736665,444401
1687736665,452348
1687736665,457938
1687736665,486486
1687736665,495462
1687736665,495814
1687736665,497949
1687736665,515661
1687736665,515754
1687736665,549194
1687736665,551998
1687736665,564052
1687736665,565676
1687736665,583966
1687736665,594860
1687736665,597731
1687736665,608725
1687736665,609126
1687736665,613278
1687736665,616123
1687736665,618432
1687736665,621872
1687736665,631091
1687736665,632637
1687736665,643836
1687736665,644823
1687736665,652586
1687736665,656281
1687736665,661315
1687736665,667813
1687736665,670673
1687736665,673451
1687736665,686793
1687736665,691963
1687736665,694164
1687736666,345137
1687736666,345814
1687736666,348507
1687736666,356627
1687736666,359200
1687736666,362570
1687736666,363190
1687736666,371797
1687736666,375049
1687736666,376034
1687736666,380416
1687736666,387725
1687736666,392976
1687736666,394938
1687736666,395146
1687736666,396575
1687736666,406321
1687736666,417291
1687736666,418385
1687736666,419093
1687736666,449496
1687736666,452026
1687736666,481360
1687736666,483416
1687736666,488419
1687736666,490298
1687736666,493846
1687736666,510382
1687736666,517933
1687736666,518734
1687736666,519983
1687736666,541854
1687736666,550020
1687736666,559564
1687736666,561374
1687736666,587632
1687736666,588331
1687736666,590528
1687736666,595387
1687736666,595670
1687736666,621421
1687736666,622792
1687736666,627827
1687736666,635137
1687736666,637108
1687736666,640868
1687736666,644435
1687736666,651024
1687736666,664416
1687736666,664509
1687736666,665406
1687736666,665550
1687736666,671489
1687736666,673325
1687736666,677570
1687736666,684429
1687736666,690380
1687736667,342300
1687736667,343106
1687736667,346719
1687736667,355999
1687736667,361373
1687736667,364497
1687736667,365086
1687736667,368371
1687736667,369709
1687736667,372362
1687736667,372875
1687736667,378556
1687736667,384547
1687736667,391404
1687736667,394736
1687736667,405415
1687736667,415457
1687736667,416700
1687736667,424256
1687736667,424289
1687736667,427798
1687736667,433358
1687736667,440110
1687736667,441503
1687736667,464429
1687736667,468037
1687736667,469377
1687736667,471796
1687736667,482530
1687736667,512587
1687736667,520177
1687736667,523275
1687736667,524573
1687736667,541936
1687736667,573737
1687736667,575118
1687736667,580723
1687736667,587494
1687736667,595344
1687736667,617497
1687736667,620404
1687736667,623366
1687736667,636314
1687736667,650870
1687736667,666713
1687736667,666796
1687736667,669432
1687736667,669904
1687736667,671764
1687736667,678552
1687736667,682409
1687736667,687248
1687736667,696349
1687736668,348138
1687736668,350227
1687736668,354175
1687736668,358411
1687736668,361112
1687736668,364624
1687736668,366826
1687736668,370796
1687736668,373938
1687736668,390213
1687736668,405640
1687736668,408479
1687736668,414548
1687736668,428467
1687736668,431836
1687736668,439021
1687736668,440117
1687736668,454567
1687736668,472962
1687736668,495142
1687736668,505972
1687736668,510612
1687736668,534488
1687736668,535820
1687736668,542949
1687736668,544280
1687736668,559174
1687736668,569215
1687736668,577592
1687736668,601494
1687736668,604707
1687736668,607928
1687736668,611112
1687736668,622170
1687736668,626647
1687736668,630561
1687736668,645969
1687736668,647669
1687736668,651566
1687736668,654135
1687736668,656114
1687736668,664312
1687736668,667498
1687736668,671276
1687736668,680568
1687736668,683137
1687736668,693795
1687736669,342513
1687736669,343490
1687736669,356116
1687736669,357886
1687736669,360923
1687736669,361562
1687736669,366597
1687736669,375436
1687736669,379139
1687736669,379202
1687736669,382676
1687736669,396124
1687736669,397630
1687736669,401380
1687736669,403409
1687736669,409029
1687736669,410042
1687736669,423810
1687736669,436387
1687736669,439225
1687736669,446491
1687736669,457679
1687736669,467110
1687736669,469740
1687736669,498063
1687736669,498830
1687736669,505146
1687736669,509839
1687736669,511826
1687736669,533804
1687736669,542529
1687736669,544209
1687736669,568299
1687736669,572418
1687736669,596799
1687736669,605463
1687736669,610300
1687736669,611376
1687736669,625090
1687736669,635475
1687736669,637364
1687736669,638410
1687736669,640709
1687736669,649862
1687736669,670493
1687736669,671033
1687736669,671240
1687736669,672383
1687736669,678554
1687736669,679164
1687736669,679600
1687736669,688980
1687736669,692854
1687736670,335722
1687736670,344676
1687736670,356944
1687736670,361136
1687736670,361175
1687736670,361793
1687736670,365913
1687736670,371922
1687736670,377574
1687736670,381252
1687736670,387269
1687736670,389124
1687736670,391067
1687736670,406668
1687736670,406934
1687736670,431092
1687736670,436974
1687736670,443601
1687736670,454532
1687736670,464024
1687736670,465311
1687736670,474297
1687736670,485254
1687736670,490763
1687736670,504183
1687736670,519265
1687736670,531113
1687736670,533089
1687736670,534968
1687736670,551217
1687736670,561507
1687736670,567122
1687736670,567588
1687736670,580327
1687736670,589832
1687736670,597033
1687736670,601192
1687736670,604721
1687736670,630114
1687736670,633248
1687736670,633558
1687736670,643423
1687736670,649314
1687736670,660330
1687736670,662280
1687736670,664144
1687736670,671141
1687736670,675207
1687736670,682966
1687736670,689104
1687736670,689437
1687736670,691877
1687736671,349786
1687736671,355376
1687736671,356467
1687736671,363035
1687736671,367418
1687736671,368110
1687736671,368839
1687736671,370242
1687736671,373502
1687736671,377364
1687736671,377478
1687736671,382198
1687736671,384168
1687736671,385837
1687736671,395138
1687736671,416711
1687736671,418496
1687736671,421901
1687736671,428906
1687736671,429265
1687736671,440154
1687736671,451654
1687736671,461022
1687736671,466148
1687736671,474543
1687736671,482873
1687736671,484629
1687736671,494303
1687736671,509760
1687736671,526334
1687736671,529435
1687736671,547952
1687736671,569026
1687736671,581331
1687736671,588529
1687736671,590477
1687736671,590852
1687736671,610989
1687736671,619056
1687736671,619244
1687736671,619565
1687736671,632936
1687736671,636522
1687736671,652604
1687736671,660883
1687736671,661092
1687736671,662856
1687736671,673785
1687736671,678663
1687736671,682465
1687736671,682842
1687736671,682892
1687736671,689529
1687736672,336145
1687736672,343706
1687736672,350263
1687736672,365124
1687736672,368676
1687736672,368803
1687736672,372901
1687736672,373220
1687736672,377018
1687736672,378628
1687736672,386240
1687736672,390647
1687736672,393308
1687736672,393464
1687736672,413773
1687736672,415576
1687736672,427684
1687736672,445087
1687736672,452680
1687736672,460747
1687736672,482609
1687736672,484289
1687736672,490042
1687736672,493545
1687736672,493789
1687736672,508658
1687736672,518852
1687736672,527073
1687736672,527954
1687736672,548748
1687736672,553843
1687736672,555500
1687736672,568354
1687736672,572673
1687736672,586513
1687736672,615131
1687736672,617699
1687736672,622661
1687736672,624799
1687736672,642776
1687736672,644877
1687736672,654020
1687736672,656165
1687736672,656269
1687736672,669170
1687736672,671189
1687736672,679260
1687736672,679621
1687736672,680298
1687736672,687882
1687736672,689051
1687736673,346476
1687736673,358401
1687736673,360908
1687736673,361385
1687736673,362144
1687736673,365091
1687736673,366087
1687736673,375646
1687736673,394710
1687736673,397613
1687736673,398167
1687736673,398676
1687736673,408911
1687736673,415249
1687736673,418185
1687736673,441064
1687736673,442891
1687736673,446178
1687736673,448735
1687736673,457999
1687736673,491189
1687736673,503193
1687736673,510470
1687736673,521949
1687736673,523585
1687736673,537339
1687736673,546339
1687736673,548698
1687736673,551971
1687736673,564556
1687736673,574328
1687736673,591082
1687736673,591219
1687736673,598098
1687736673,601101
1687736673,613160
1687736673,615381
1687736673,617602
1687736673,634619
1687736673,635518
1687736673,639622
1687736673,646266
1687736673,646943
1687736673,652059
1687736673,656717
1687736673,657268
1687736673,667376
1687736673,669284
1687736673,669477
1687736673,682007
1687736673,683069
1687736673,688167
1687736674,347673
1687736674,363975
1687736674,364315
1687736674,366073
1687736674,378030
1687736674,378861
1687736674,380133
1687736674,388495
1687736674,393337
1687736674,413704
1687736674,413905
1687736674,427405
1687736674,430094
1687736674,436482
1687736674,438287
1687736674,450756
1687736674,460731
1687736674,474349
1687736674,474755
1687736674,484872
1687736674,501104
1687736674,508030
1687736674,513242
1687736674,530082
1687736674,543113
1687736674,547223
1687736674,560261
1687736674,565781
1687736674,566191
1687736674,576715
1687736674,577687
1687736674,590822
1687736674,600643
1687736674,610924
1687736674,614989
1687736674,628094
1687736674,638453
1687736674,639368
1687736674,640328
1687736674,653244
1687736674,665107
1687736674,668918
1687736674,671209
1687736674,679226
1687736674,685951
1687736674,689459
1687736675,340555
1687736675,359098
1687736675,361797
1687736675,366850
1687736675,370632
1687736675,374427
1687736675,375882
1687736675,377318
1687736675,388597
1687736675,390312
1687736675,392785
1687736675,396907
1687736675,410745
1687736675,416710
1687736675,427835
1687736675,433336
1687736675,442637
1687736675,461330
1687736675,467634
1687736675,470610
1687736675,474930
1687736675,498543
1687736675,515634
1687736675,519997
1687736675,522773
1687736675,532807
1687736675,542306
1687736675,545640
1687736675,570812
1687736675,572784
1687736675,580254
1687736675,600016
1687736675,614860
1687736675,618678
1687736675,629977
1687736675,633230
1687736675,649051
1687736675,654043
1687736675,658508
1687736675,664902
1687736675,664998
1687736675,668642
1687736675,673712
1687736675,678723
1687736675,683326
1687736675,692983
1687736676,345343
1687736676,355273
1687736676,356250
1687736676,360459
1687736676,367014
1687736676,372947
1687736676,373432
1687736676,376956
1687736676,383161
1687736676,394219
1687736676,399951
1687736676,405001
1687736676,405501
1687736676,405870
1687736676,411667
1687736676,431594
1687736676,434728
1687736676,434904
1687736676,458871
1687736676,464524
1687736676,473463
1687736676,475396
1687736676,498202
1687736676,498971
1687736676,503221
1687736676,504722
1687736676,517927
1687736676,538102
1687736676,540135
1687736676,554630
1687736676,566990
1687736676,567224
1687736676,575481
1687736676,582803
1687736676,584204
1687736676,593870
1687736676,599951
1687736676,600261
1687736676,606734
1687736676,613473
1687736676,620916
1687736676,636171
1687736676,651902
1687736676,653756
1687736676,654621
1687736676,664935
1687736676,665382
1687736676,672457
1687736676,678631
1687736676,681000
1687736676,682454
1687736676,686374
1687736676,694313
1687736677,338140
1687736677,351548
1687736677,363392
1687736677,364784
1687736677,365791
1687736677,366286
1687736677,366906
1687736677,371413
1687736677,371432
1687736677,380067
1687736677,382704
1687736677,387556
1687736677,392305
1687736677,392430
1687736677,442658
1687736677,449200
1687736677,452149
1687736677,473666
1687736677,488601
1687736677,493484
1687736677,496270
1687736677,538347
1687736677,548884
1687736677,556396
1687736677,558208
1687736677,561839
1687736677,581048
1687736677,601122
1687736677,602973
1687736677,608114
1687736677,624771
1687736677,633452
1687736677,634331
1687736677,637549
1687736677,641736
1687736677,648739
1687736677,655371
1687736677,657493
1687736677,664044
1687736677,665615
1687736677,665943
1687736677,670964
1687736677,671259
1687736677,673850
1687736677,683443
1687736677,691968
1687736678,347556
1687736678,348937
1687736678,360604
1687736678,365194
1687736678,365636
1687736678,369725
1687736678,379005
1687736678,390746
1687736678,395414
1687736678,407201
1687736678,412258
1687736678,414232
1687736678,421017
1687736678,435834
1687736678,452157
1687736678,459446
1687736678,462032
1687736678,472584
1687736678,480239
1687736678,490020
1687736678,490895
1687736678,502666
1687736678,513792
1687736678,516109
1687736678,521993
1687736678,526852
1687736678,540025
1687736678,556316
1687736678,558305
1687736678,563568
1687736678,587760
1687736678,588215
1687736678,592741
1687736678,594409
1687736678,597459
1687736678,614506
1687736678,626022
1687736678,626547
1687736678,633915
1687736678,639564
1687736678,657265
1687736678,664920
1687736678,669594
1687736678,685860
1687736678,688652
1687736678,692372
1687736679,344491
1687736679,345096
1687736679,355611
1687736679,357669
1687736679,361530
1687736679,367942
1687736679,369404
1687736679,372060
1687736679,374366
1687736679,374369
1687736679,377280
1687736679,377982
1687736679,378644
1687736679,400057
1687736679,408020
1687736679,420189
1687736679,422326
1687736679,425690
1687736679,426866
1687736679,428376
1687736679,447814
1687736679,453786
1687736679,465792
1687736679,482904
1687736679,485164
1687736679,521922
1687736679,523707
1687736679,527161
1687736679,533398
1687736679,561157
1687736679,571719
1687736679,575269
1687736679,582343
1687736679,586469
1687736679,615982
1687736679,620515
1687736679,623023
1687736679,626495
1687736679,642145
1687736679,650566
1687736679,660033
1687736679,660377
1687736679,663582
1687736679,666789
1687736679,671711
1687736679,674263
1687736679,682591
1687736679,683734
1687736679,689179
1687736680,350928
1687736680,357254
1687736680,360302
1687736680,363682
1687736680,372494
1687736680,373428
1687736680,374341
1687736680,388482
1687736680,389862
1687736680,390745
1687736680,400968
1687736680,401201
1687736680,416134
1687736680,417793
1687736680,439406
1687736680,441685
1687736680,450454
1687736680,459501
1687736680,464372
1687736680,484791
1687736680,492960
1687736680,514916
1687736680,517954
1687736680,537502
1687736680,544869
1687736680,547437
1687736680,551071
1687736680,562187
1687736680,574404
1687736680,590712
1687736680,596893
1687736680,614517
1687736680,615737
1687736680,620173
1687736680,632359
1687736680,644676
1687736680,644734
1687736680,647777
1687736680,650242
1687736680,650523
1687736680,650997
1687736680,659223
1687736680,662738
1687736680,665635
1687736680,670560
1687736680,671582
1687736680,674547
1687736680,679129
1687736680,685957
1687736680,691923
1687736681,345262
1687736681,350653
1687736681,355283
1687736681,356289
1687736681,356462
1687736681,356916
1687736681,363159
1687736681,367256
1687736681,369010
1687736681,372219
1687736681,376673
1687736681,377074
1687736681,385335
1687736681,385670
1687736681,396283
1687736681,396643
1687736681,403694
1687736681,412013
1687736681,421986
1687736681,430101
1687736681,434380
1687736681,442878
1687736681,443666
1687736681,450241
1687736681,476783
1687736681,495849
1687736681,503544
1687736681,506149
1687736681,510583
1687736681,528526
1687736681,532768
1687736681,550499
1687736681,550922
1687736681,551636
1687736681,568947
1687736681,569387
1687736681,586929
1687736681,601382
1687736681,604529
1687736681,607227
1687736681,609303
1687736681,625001
1687736681,637309
1687736681,643479
1687736681,656726
1687736681,667529
1687736681,668121
1687736681,669475
1687736681,669543
1687736681,672170
1687736681,675239
1687736681,681954
1687736681,684929
1687736681,689795
1687736682,344977
1687736682,345165
1687736682,355836
1687736682,360158
1687736682,363739
1687736682,365575
1687736682,375256
1687736682,386166
1687736682,387660
1687736682,398713
1687736682,403999
1687736682,404672
1687736682,417807
1687736682,430092
1687736682,439114
1687736682,466396
1687736682,467331
1687736682,468491
1687736682,482417
1687736682,488711
1687736682,506069
1687736682,509150
1687736682,538294
1687736682,543505
1687736682,546663
1687736682,560909
1687736682,575336
1687736682,593802
1687736682,604810
1687736682,605741
1687736682,611766
1687736682,623611
1687736682,632811
1687736682,633176
1687736682,649209
1687736682,656771
1687736682,664949
1687736682,667510
1687736682,668526
1687736682,687064
1687736682,689837
1687736683,338348
1687736683,350418
1687736683,367087
1687736683,367594
1687736683,368031
1687736683,371112
1687736683,375161
1687736683,387865
1687736683,387964
1687736683,401921
1687736683,414616
1687736683,414718
1687736683,432495
1687736683,435156
1687736683,442943
1687736683,456995
1687736683,462500
1687736683,470166
1687736683,477940
1687736683,501848
1687736683,503730
1687736683,525021
1687736683,526707
1687736683,532519
1687736683,535020
1687736683,549141
1687736683,570472
1687736683,575906
1687736683,578534
1687736683,583308
1687736683,586517
1687736683,592663
1687736683,595543
1687736683,607180
1687736683,617149
1687736683,630587
1687736683,635119
1687736683,658468
1687736683,660993
1687736683,661569
1687736683,663305
1687736683,664246
1687736683,672929
1687736683,673393
1687736683,679260
1687736683,682942
1687736683,683290
1687736683,689156
1687736683,692641
1687736684,346080
1687736684,352783
1687736684,353169
1687736684,358903
1687736684,367739
1687736684,368967
1687736684,370238
1687736684,374569
1687736684,377771
1687736684,378273
1687736684,380131
1687736684,386618
1687736684,388340
1687736684,393435
1687736684,399113
1687736684,406843
1687736684,413232
1687736684,414719
1687736684,427121
1687736684,458258
1687736684,462745
1687736684,463712
1687736684,480423
1687736684,492200
1687736684,493157
1687736684,504382
1687736684,514019
1687736684,522525
1687736684,529763
1687736684,534505
1687736684,564555
1687736684,570366
1687736684,586613
1687736684,596565
1687736684,612717
1687736684,617010
1687736684,633007
1687736684,641037
1687736684,641913
1687736684,653667
1687736684,655611
1687736684,657931
1687736684,670598
1687736684,680933
1687736684,682097
1687736684,683374
1687736684,686368
1687736685,335972
1687736685,346878
1687736685,357353
1687736685,359621
1687736685,362315
1687736685,362342
1687736685,366009
1687736685,368168
1687736685,374057
1687736685,382179
1687736685,393763
1687736685,394732
1687736685,419077
1687736685,439910
1687736685,446242
1687736685,454481
1687736685,458317
1687736685,460006
1687736685,484755
1687736685,488415
1687736685,493258
1687736685,500070
1687736685,550001
1687736685,551342
1687736685,562121
1687736685,567618
1687736685,585896
1687736685,592701
1687736685,599322
1687736685,610760
1687736685,616479
1687736685,619839
1687736685,629136
1687736685,645321
1687736685,646215
1687736685,651151
1687736685,654936
1687736685,662668
1687736685,667372
1687736685,671000
1687736685,672675
1687736685,687286
1687736685,692108
1687736685,693859
1687736686,347796
1687736686,362125
1687736686,363949
1687736686,371889
1687736686,374874
1687736686,383118
1687736686,393746
1687736686,393805
1687736686,394603
1687736686,397834
1687736686,404213
1687736686,415794
1687736686,416604
1687736686,420544
1687736686,435307
1687736686,454101
1687736686,469574
1687736686,481510
1687736686,483248
1687736686,492287
1687736686,496058
1687736686,516099
1687736686,516139
1687736686,516594
1687736686,522175
1687736686,539655
1687736686,544193
1687736686,547978
1687736686,558259
1687736686,561766
1687736686,563423
1687736686,571488
1687736686,586194
1687736686,588389
1687736686,596926
1687736686,597375
1687736686,620821
1687736686,623210
1687736686,629209
1687736686,636464
1687736686,638726
1687736686,649595
1687736686,655778
1687736686,663929
1687736686,664143
1687736686,664573
1687736686,665413
1687736686,666339
1687736686,672794
1687736686,684304
1687736686,690070
1687736687,342356
1687736687,342362
1687736687,345546
1687736687,346670
1687736687,356648
1687736687,361584
1687736687,364863
1687736687,365934
1687736687,368114
1687736687,368432
1687736687,373974
1687736687,374107
1687736687,376999
1687736687,385172
1687736687,386233
1687736687,392830
1687736687,393307
1687736687,415389
1687736687,417159
1687736687,426067
1687736687,426689
1687736687,437992
1687736687,466437
1687736687,471664
1687736687,480452
1687736687,514853
1687736687,518271
1687736687,521175
1687736687,526710
1687736687,537991
1687736687,540108
1687736687,576907
1687736687,578460
1687736687,589685
1687736687,597101
1687736687,618401
1687736687,625058
1687736687,634693
1687736687,665471
1687736687,668257
1687736687,669083
1687736687,670848
1687736687,671487
1687736687,679420
1687736687,681481
1687736687,696349
1687736688,347832
1687736688,349557
1687736688,355044
1687736688,357294
1687736688,360820
1687736688,367311
1687736688,371754
1687736688,372239
1687736688,375023
1687736688,389011
1687736688,404122
1687736688,406617
1687736688,410583
1687736688,412527
1687736688,429620
1687736688,430445
1687736688,437101
1687736688,438532
1687736688,439318
1687736688,447616
1687736688,456541
1687736688,470195
1687736688,470818
1687736688,497128
1687736688,504146
1687736688,508463
1687736688,532470
1687736688,541169
1687736688,542383
1687736688,561422
1687736688,571410
1687736688,579510
1687736688,603284
1687736688,605997
1687736688,609037
1687736688,623396
1687736688,625177
1687736688,631973
1687736688,646052
1687736688,652315
1687736688,653062
1687736688,655332
1687736688,657203
1687736688,663687
1687736688,667283
1687736688,670965
1687736688,673211
1687736688,681263
1687736688,682582
1687736688,693717
1687736689,342110
1687736689,344322
1687736689,356513
1687736689,358644
1687736689,361371
1687736689,364172
1687736689,367219
1687736689,373315
1687736689,374542
1687736689,379772
1687736689,379895
1687736689,381624
1687736689,394575
1687736689,399649
1687736689,403148
1687736689,404622
1687736689,407374
1687736689,408489
1687736689,434304
1687736689,441199
1687736689,448522
1687736689,455527
1687736689,463129
1687736689,467521
1687736689,469346
1687736689,476395
1687736689,496304
1687736689,501020
1687736689,502872
1687736689,511990
1687736689,514146
1687736689,541806
1687736689,544717
1687736689,556719
1687736689,565996
1687736689,574411
1687736689,594780
1687736689,606478
1687736689,606722
1687736689,608334
1687736689,612777
1687736689,635770
1687736689,637002
1687736689,639032
1687736689,639840
1687736689,648590
1687736689,670918
1687736689,671099
1687736689,678740
1687736689,678842
1687736689,688801
1687736689,693444
1687736690,336190
1687736690,345102
1687736690,356029
1687736690,361236
1687736690,361575
1687736690,365200
1687736690,372314
1687736690,376143
1687736690,380538
1687736690,388276
1687736690,388740
1687736690,390362
1687736690,392134
1687736690,405135
1687736690,408503
1687736690,421868
1687736690,429269
1687736690,438684
1687736690,445785
1687736690,452384
1687736690,461943
1687736690,487325
1687736690,492715
1687736690,502299
1687736690,529246
1687736690,530848
1687736690,537259
1687736690,553317
1687736690,559636
1687736690,565154
1687736690,565582
1687736690,582336
1687736690,591727
1687736690,598896
1687736690,599427
1687736690,602885
1687736690,623232
1687736690,631465
1687736690,631594
1687736690,634512
1687736690,642289
1687736690,650659
1687736690,661676
1687736690,661767
1687736690,662631
1687736690,662838
1687736690,670855
1687736690,671925
1687736690,674087
1687736690,674453
1687736690,684110
1687736690,688907
1687736690,689233
1687736690,692325
1687736691,349049
1687736691,355238
1687736691,357342
1687736691,367018
1687736691,368680
1687736691,369687
1687736691,369813
1687736691,373925
1687736691,378335
1687736691,378906
1687736691,381099
1687736691,384652
1687736691,385606
1687736691,389418
1687736691,393807
1687736691,416556
1687736691,418524
1687736691,424033
1687736691,427714
1687736691,442327
1687736691,458955
1687736691,468158
1687736691,476594
1687736691,482539
1687736691,485241
1687736691,491990
1687736691,492343
1687736691,511925
1687736691,516685
1687736691,517671
1687736691,527571
1687736691,550067
1687736691,567090
1687736691,583377
1687736691,588274
1687736691,588792
1687736691,589506
1687736691,612697
1687736691,617806
1687736691,620378
1687736691,621286
1687736691,631215
1687736691,637935
1687736691,653859
1687736691,655202
1687736691,655472
1687736691,659831
1687736691,664220
1687736691,674004
1687736691,677558
1687736691,682214
1687736691,689006
1687736691,689331
1687736692,335881
1687736692,343581
1687736692,350904
1687736692,367796
1687736692,373081
1687736692,374370
1687736692,376152
1687736692,377157
1687736692,386673
1687736692,391971
1687736692,392275
1687736692,399197
1687736692,402483
1687736692,415260
1687736692,417829
1687736692,425988
1687736692,440562
1687736692,442735
1687736692,450893
1687736692,453767
1687736692,462765
1687736692,480745
1687736692,486353
1687736692,487847
1687736692,491283
1687736692,510542
1687736692,525751
1687736692,529281
1687736692,546939
1687736692,551745
1687736692,557810
1687736692,570311
1687736692,574706
1687736692,584653
1687736692,616880
1687736692,619071
1687736692,621042
1687736692,623102
1687736692,641359
1687736692,646341
1687736692,652400
1687736692,657360
1687736692,668268
1687736692,671397
1687736692,678424
1687736692,678906
1687736692,681294
1687736692,683793
1687736692,687834
1687736693,347181
1687736693,358667
1687736693,359803
1687736693,360815
1687736693,362311
1687736693,365719
1687736693,366022
1687736693,366865
1687736693,368997
1687736693,374696
1687736693,381175
1687736693,384307
1687736693,393388
1687736693,397457
1687736693,399572
1687736693,407372
1687736693,413854
1687736693,419962
1687736693,439016
1687736693,444768
1687736693,446977
1687736693,447819
1687736693,460036
1687736693,491562
1687736693,493154
1687736693,505291
1687736693,508263
1687736693,508681
1687736693,520036
1687736693,525713
1687736693,544189
1687736693,549906
1687736693,550745
1687736693,566563
1687736693,589042
1687736693,592993
1687736693,599898
1687736693,602681
1687736693,607046
1687736693,611262
1687736693,613313
1687736693,619244
1687736693,634118
1687736693,635649
1687736693,637933
1687736693,641225
1687736693,644925
1687736693,648247
1687736693,650430
1687736693,656043
1687736693,663529
1687736693,666507
1687736693,668158
1687736693,668852
1687736693,668915
1687736693,682786
1687736693,683246
1687736693,687291
1687736694,347076
1687736694,350672
1687736694,364198
1687736694,364706
1687736694,366100
1687736694,377896
1687736694,378576
1687736694,380941
1687736694,384045
1687736694,387264
1687736694,394314
1687736694,395007
1687736694,396942
1687736694,412022
1687736694,412343
1687736694,429393
1687736694,431857
1687736694,436447
1687736694,438604
1687736694,449026
1687736694,462872
1687736694,472211
1687736694,472877
1687736694,477102
1687736694,487068
1687736694,503417
1687736694,506394
1687736694,511261
1687736694,532383
1687736694,543806
1687736694,545284
1687736694,549402
1687736694,563771
1687736694,568536
1687736694,572381
1687736694,574736
1687736694,575453
1687736694,592970
1687736694,602058
1687736694,612989
1687736694,629848
1687736694,638344
1687736694,639886
1687736694,643986
1687736694,645851
1687736694,652067
1687736694,665832
1687736694,665866
1687736694,667505
1687736694,672467
1687736694,679227
1687736694,686267
1687736694,687828
1687736694,688814
1687736695,339888
1687736695,356688
1687736695,359573
1687736695,361928
1687736695,366455
1687736695,366682
1687736695,369754
1687736695,373017
1687736695,373652
1687736695,376967
1687736695,378700
1687736695,387307
1687736695,391115
1687736695,398600
1687736695,409067
1687736695,418766
1687736695,425993
1687736695,431177
1687736695,431719
1687736695,459225
1687736695,468724
1687736695,469802
1687736695,475749
1687736695,496745
1687736695,500738
1687736695,513535
1687736695,522121
1687736695,524973
1687736695,530867
1687736695,535925
1687736695,540612
1687736695,542853
1687736695,568789
1687736695,574845
1687736695,582162
1687736695,601524
1687736695,613180
1687736695,619097
1687736695,620277
1687736695,624915
1687736695,631289
1687736695,631691
1687736695,650412
1687736695,655144
1687736695,659713
1687736695,663928
1687736695,665885
1687736695,673514
1687736695,677913
1687736695,683687
1687736695,692461
1687736696,345068
1687736696,355295
1687736696,356004
1687736696,357567
1687736696,360222
1687736696,373985
1687736696,377654
1687736696,383593
1687736696,392969
1687736696,398199
1687736696,404067
1687736696,406652
1687736696,407049
1687736696,413526
1687736696,418508
1687736696,432903
1687736696,436929
1687736696,454165
1687736696,460823
1687736696,462454
1687736696,472975
1687736696,500978
1687736696,506834
1687736696,520117
1687736696,531751
1687736696,536096
1687736696,565392
1687736696,569069
1687736696,573146
1687736696,582246
1687736696,584597
1687736696,591915
1687736696,597796
1687736696,598464
1687736696,608321
1687736696,614921
1687736696,622643
1687736696,624973
1687736696,634088
1687736696,634794
1687736696,650584
1687736696,654900
1687736696,656010
1687736696,662424
1687736696,664764
1687736696,666003
1687736696,672600
1687736696,678082
1687736696,679515
1687736696,683292
1687736696,686051
1687736696,694096
1687736697,337776
1687736697,343648
1687736697,348545
1687736697,351502
1687736697,362704
1687736697,364578
1687736697,366885
1687736697,366978
1687736697,367976
1687736697,370982
1687736697,371996
1687736697,380773
1687736697,386237
1687736697,390670
1687736697,394157
1687736697,405210
1687736697,405216
1687736697,429708
1687736697,444691
1687736697,449991
1687736697,451373
1687736697,475781
1687736697,486380
1687736697,495834
1687736697,495925
1687736697,498218
1687736697,500750
1687736697,519138
1687736697,536157
1687736697,542407
1687736697,551154
1687736697,554546
1687736697,559761
1687736697,560367
1687736697,582993
1687736697,586549
1687736697,601128
1687736697,603027
1687736697,606016
1687736697,607905
1687736697,623159
1687736697,632667
1687736697,638846
1687736697,643232
1687736697,647362
1687736697,656020
1687736697,656579
1687736697,661320
1687736697,666113
1687736697,670633
1687736697,671563
1687736697,673052
1687736697,675057
1687736697,680169
1687736697,683097
1687736697,692529
1687736698,336650
1687736698,348144
1687736698,348441
1687736698,361467
1687736698,362223
1687736698,364899
1687736698,365698
1687736698,366376
1687736698,368496
1687736698,378163
1687736698,390583
1687736698,391789
1687736698,392316
1687736698,396142
1687736698,405911
1687736698,406241
1687736698,410355
1687736698,415763
1687736698,419514
1687736698,437907
1687736698,444372
1687736698,451615
1687736698,457242
1687736698,459767
1687736698,474619
1687736698,482217
1687736698,488927
1687736698,492267
1687736698,511881
1687736698,518186
1687736698,520005
1687736698,524840
1687736698,528436
1687736698,542092
1687736698,554623
1687736698,558656
1687736698,560256
1687736698,561612
1687736698,590091
1687736698,596106
1687736698,599477
1687736698,612878
1687736698,623998
1687736698,624366
1687736698,624409
1687736698,635187
1687736698,641074
1687736698,641810
1687736698,655625
1687736698,665016
1687736698,666253
1687736698,669171
1687736698,686267
1687736698,688337
1687736698,692597
1687736699,344426
1687736699,344430
1687736699,354942
1687736699,358728
1687736699,361622
1687736699,362930
1687736699,367614
1687736699,369054
1687736699,373377
1687736699,373523
1687736699,374820
1687736699,376334
1687736699,378902
1687736699,379003
1687736699,381146
1687736699,381844
1687736699,398587
1687736699,422094
1687736699,424589
1687736699,425353
1687736699,430473
1687736699,450000
1687736699,467841
1687736699,480725
1687736699,483107
1687736699,491569
1687736699,521616
1687736699,524186
1687736699,525152
1687736699,535020
1687736699,535635
1687736699,542741
1687736699,559026
1687736699,573594
1687736699,577307
1687736699,580224
1687736699,593619
1687736699,617616
1687736699,622131
1687736699,624389
1687736699,643429
1687736699,649562
1687736699,653750
1687736699,659055
1687736699,661637
1687736699,664477
1687736699,671909
1687736699,673110
1687736699,683254
1687736699,683374
1687736699,688811
1687736700,351688
1687736700,359338
1687736700,360858
1687736700,364438
1687736700,372463
1687736700,373544
1687736700,374899
1687736700,388532
1687736700,389252
1687736700,389398
1687736700,402283
1687736700,402548
1687736700,415953
1687736700,417820
1687736700,436855
1687736700,439652
1687736700,452156
1687736700,461437
1687736700,466572
1687736700,482514
1687736700,495023
1687736700,515670
1687736700,517017
1687736700,535503
1687736700,545011
1687736700,564356
1687736700,576478
1687736700,588816
1687736700,598673
1687736700,612851
1687736700,617280
1687736700,621516
1687736700,630887
1687736700,643445
1687736700,646431
1687736700,648814
1687736700,649080
1687736700,651709
1687736700,652855
1687736700,660162
1687736700,661470
1687736700,670529
1687736700,671528
1687736700,673299
1687736700,679825
1687736700,686661
1687736700,691925
1687736701,346141
1687736701,355329
1687736701,355975
1687736701,356210
1687736701,357262
1687736701,363066
1687736701,369288
1687736701,372574
1687736701,376126
1687736701,384294
1687736701,394708
1687736701,398603
1687736701,405585
1687736701,410263
1687736701,424118
1687736701,427775
1687736701,436397
1687736701,441872
1687736701,444810
1687736701,448271
1687736701,474604
1687736701,498005
1687736701,501905
1687736701,508292
1687736701,508588
1687736701,530764
1687736701,549018
1687736701,549568
1687736701,552375
1687736701,566586
1687736701,584711
1687736701,602790
1687736701,603182
1687736701,607498
1687736701,608605
1687736701,610087
1687736701,626551
1687736701,639009
1687736701,641936
1687736701,655846
1687736701,666832
1687736701,668178
1687736701,668888
1687736701,669831
1687736701,673402
1687736701,676316
1687736701,681290
1687736701,684868
1687736701,686301
1687736701,690198
1687736702,340745
1687736702,344533
1687736702,345426
1687736702,359418
1687736702,364463
1687736702,366297
1687736702,372004
1687736702,374356
1687736702,377209
1687736702,385111
1687736702,388997
1687736702,389804
1687736702,403352
1687736702,405579
1687736702,431638
1687736702,433325
1687736702,441375
1687736702,464170
1687736702,466111
1687736702,469408
1687736702,484392
1687736702,490848
1687736702,507021
1687736702,508449
1687736702,518200
1687736702,540534
1687736702,541539
1687736702,548793
1687736702,558868
1687736702,567228
1687736702,577391
1687736702,595772
1687736702,603780
1687736702,606133
1687736702,609890
1687736702,634348
1687736702,634363
1687736702,648077
1687736702,658039
1687736702,662511
1687736702,665596
1687736702,667035
1687736702,668787
1687736702,669763
1687736702,690239
1687736703,338694
1687736703,350852
1687736703,355749
1687736703,366826
1687736703,367142
1687736703,367316
1687736703,371348
1687736703,376572
1687736703,386623
1687736703,388940
1687736703,400544
1687736703,412816
1687736703,415128
1687736703,416621
1687736703,419928
1687736703,430571
1687736703,454447
1687736703,460338
1687736703,461622
1687736703,472314
1687736703,480136
1687736703,499676
1687736703,505876
1687736703,524637
1687736703,527233
1687736703,532906
1687736703,534758
1687736703,551264
1687736703,568577
1687736703,573820
1687736703,580580
1687736703,588410
1687736703,590510
1687736703,593458
1687736703,608875
1687736703,618655
1687736703,632574
1687736703,633315
1687736703,659590
1687736703,660351
1687736703,662167
1687736703,663831
1687736703,672146
1687736703,673365
1687736703,680423
1687736703,682117
1687736703,683052
1687736703,689449
1687736703,692327
1687736704,345870
1687736704,354053
1687736704,358934
1687736704,368130
1687736704,368619
1687736704,369066
1687736704,375587
1687736704,378138
1687736704,378790
1687736704,379445
1687736704,387811
1687736704,389308
1687736704,392049
1687736704,396220
1687736704,397887
1687736704,416294
1687736704,425354
1687736704,456189
1687736704,464726
1687736704,482608
1687736704,490215
1687736704,490301
1687736704,490874
1687736704,506478
1687736704,516309
1687736704,524697
1687736704,532474
1687736704,562228
1687736704,572433
1687736704,581218
1687736704,588303
1687736704,594610
1687736704,614314
1687736704,618493
1687736704,631303
1687736704,643418
1687736704,654450
1687736704,654828
1687736704,656418
1687736704,657214
1687736704,670957
1687736704,680342
1687736704,681000
1687736704,683868
1687736704,687000
1687736705,335937
1687736705,346014
1687736705,346982
1687736705,356913
1687736705,361264
1687736705,362957
1687736705,366792
1687736705,368492
1687736705,374963
1687736705,380906
1687736705,395619
1687736705,401014
1687736705,417606
1687736705,438525
1687736705,441801
1687736705,448100
1687736705,456333
1687736705,456580
1687736705,462034
1687736705,482578
1687736705,490356
1687736705,490736
1687736705,502168
1687736705,527626
1687736705,546509
1687736705,548010
1687736705,553516
1687736705,560173
1687736705,569507
1687736705,587814
1687736705,590523
1687736705,591003
1687736705,600907
1687736705,612379
1687736705,614484
1687736705,617809
1687736705,627130
1687736705,639687
1687736705,646816
1687736705,647628
1687736705,649699
1687736705,653557
1687736705,663993
1687736705,666946
1687736705,671270
1687736705,671885
1687736705,687704
1687736705,692280
1687736705,693507
1687736706,347129
1687736706,360092
1687736706,361695
1687736706,364711
1687736706,373758
1687736706,375459
1687736706,381918
1687736706,392612
1687736706,396253
1687736706,399096
1687736706,402122
1687736706,414326
1687736706,414827
1687736706,422056
1687736706,437257
1687736706,456203
1687736706,474002
1687736706,479576
1687736706,485138
1687736706,498299
1687736706,506964
1687736706,514250
1687736706,514479
1687736706,516335
1687736706,524387
1687736706,542010
1687736706,545977
1687736706,556268
1687736706,563948
1687736706,565474
1687736706,584062
1687736706,586234
1687736706,598413
1687736706,599039
1687736706,605361
1687736706,618860
1687736706,624883
1687736706,624997
1687736706,630596
1687736706,634148
1687736706,637810
1687736706,640298
1687736706,648128
1687736706,649076
1687736706,654796
1687736706,663390
1687736706,663658
1687736706,664400
1687736706,666246
1687736706,667090
1687736706,674062
1687736706,684155
1687736706,689751
1687736707,341621
1687736707,342462
1687736707,346637
1687736707,357241
1687736707,361809
1687736707,366803
1687736707,367186
1687736707,367877
1687736707,372673
1687736707,373213
1687736707,375635
1687736707,384776
1687736707,385835
1687736707,391828
1687736707,414119
1687736707,418898
1687736707,423631
1687736707,427885
1687736707,429085
1687736707,435911
1687736707,445774
1687736707,458556
1687736707,467401
1687736707,468414
1687736707,478372
1687736707,517099
1687736707,519055
1687736707,528836
1687736707,538333
1687736707,553166
1687736707,576225
1687736707,578677
1687736707,591827
1687736707,616355
1687736707,626735
1687736707,633017
1687736707,641966
1687736707,647232
1687736707,664229
1687736707,668221
1687736707,671209
1687736707,672221
1687736707,680271
1687736707,680521
1687736707,688383
1687736707,696262
1687736708,347551
1687736708,348882
1687736708,355907
1687736708,356224
1687736708,360546
1687736708,367849
1687736708,376152
1687736708,385519
1687736708,387788
1687736708,399946
1687736708,402607
1687736708,407827
1687736708,410518
1687736708,412719
1687736708,427449
1687736708,432439
1687736708,435202
1687736708,436949
1687736708,437144
1687736708,468720
1687736708,472345
1687736708,499093
1687736708,502332
1687736708,530459
1687736708,538096
1687736708,539372
1687736708,540182
1687736708,540475
1687736708,563719
1687736708,581370
1687736708,604046
1687736708,605019
1687736708,608220
1687736708,620746
1687736708,623715
1687736708,624611
1687736708,633380
1687736708,644376
1687736708,653739
1687736708,654554
1687736708,656492
1687736708,658261
1687736708,663040
1687736708,665169
1687736708,667064
1687736708,670604
1687736708,681898
1687736708,693617
1687736709,341712
1687736709,345190
1687736709,359480
1687736709,361221
1687736709,367837
1687736709,373682
1687736709,380332
1687736709,393024
1687736709,401715
1687736709,404913
1687736709,405856
1687736709,406957
1687736709,432263
1687736709,443199
1687736709,450521
1687736709,453465
1687736709,465295
1687736709,494515
1687736709,500642
1687736709,503151
1687736709,514147
1687736709,516434
1687736709,539388
1687736709,546918
1687736709,558738
1687736709,563703
1687736709,592778
1687736709,600723
1687736709,606393
1687736709,607923
1687736709,614179
1687736709,637309
1687736709,638523
1687736709,641252
1687736709,647275
1687736709,670900
1687736709,671283
1687736709,674004
1687736709,677878
1687736709,678463
1687736709,680473
1687736709,688592
1687736709,693984
1687736710,345538
1687736710,352336
1687736710,355138
1687736710,357852
1687736710,361347
1687736710,362051
1687736710,364536
1687736710,372719
1687736710,374717
1687736710,379864
1687736710,380561
1687736710,389336
1687736710,391654
1687736710,393236
1687736710,403602
1687736710,410138
1687736710,419970
1687736710,426170
1687736710,440415
1687736710,447910
1687736710,450258
1687736710,459888
1687736710,460981
1687736710,478501
1687736710,489442
1687736710,494653
1687736710,500408
1687736710,527377
1687736710,539597
1687736710,555417
1687736710,557783
1687736710,563210
1687736710,563591
1687736710,584294
1687736710,593595
1687736710,597709
1687736710,601037
1687736710,621352
1687736710,633062
1687736710,635791
1687736710,641147
1687736710,661090
1687736710,662955
1687736710,663328
1687736710,670521
1687736710,672802
1687736710,689309
1687736710,692712
1687736711,336727
1687736711,348316
1687736711,355175
1687736711,358215
1687736711,366676
1687736711,369224
1687736711,374382
1687736711,379176
1687736711,380015
1687736711,380493
1687736711,383498
1687736711,387060
1687736711,390233
1687736711,392500
1687736711,414628
1687736711,420112
1687736711,420348
1687736711,426150
1687736711,444976
1687736711,456892
1687736711,470152
1687736711,478622
1687736711,487577
1687736711,489715
1687736711,514153
1687736711,520293
1687736711,525689
1687736711,530541
1687736711,565133
1687736711,585396
1687736711,586711
1687736711,591241
1687736711,614328
1687736711,616382
1687736711,623039
1687736711,629500
1687736711,655037
1687736711,658498
1687736711,662599
1687736711,665567
1687736711,674161
1687736711,676429
1687736711,681966
1687736711,688443
1687736712,335643
1687736712,343500
1687736712,351579
1687736712,362855
1687736712,366816
1687736712,369343
1687736712,373177
1687736712,375339
1687736712,375590
1687736712,375752
1687736712,387077
1687736712,391138
1687736712,393329
1687736712,416720
1687736712,424288
1687736712,440412
1687736712,449118
1687736712,455902
1687736712,464790
1687736712,478881
1687736712,488421
1687736712,489020
1687736712,512429
1687736712,514532
1687736712,523536
1687736712,531457
1687736712,545168
1687736712,549670
1687736712,560134
1687736712,570790
1687736712,572236
1687736712,576712
1687736712,582789
1687736712,586048
1687736712,618615
1687736712,619419
1687736712,620478
1687736712,621374
1687736712,639916
1687736712,647777
1687736712,654644
1687736712,658538
1687736712,671551
1687736712,677183
1687736712,678585
1687736712,682272
1687736712,684644
1687736712,687760
1687736713,347910
1687736713,358681
1687736713,358972
1687736713,360259
1687736713,362518
1687736713,366347
1687736713,367002
1687736713,367674
1687736713,373808
1687736713,392108
1687736713,396255
1687736713,400304
1687736713,401549
1687736713,405851
1687736713,412494
1687736713,421741
1687736713,436938
1687736713,445234
1687736713,446642
1687736713,449481
1687736713,462073
1687736713,485628
1687736713,495128
1687736713,506057
1687736713,507370
1687736713,518075
1687736713,527844
1687736713,534687
1687736713,542024
1687736713,547852
1687736713,552764
1687736713,568561
1687736713,584306
1687736713,586968
1687736713,594741
1687736713,601699
1687736713,604264
1687736713,609348
1687736713,620892
1687736713,632716
1687736713,636448
1687736713,636705
1687736713,642783
1687736713,643572
1687736713,648761
1687736713,649548
1687736713,654775
1687736713,660811
1687736713,662876
1687736713,666978
1687736713,667317
1687736713,668311
1687736713,670373
1687736713,683410
1687736713,683468
1687736713,686394
1687736714,346509
1687736714,350694
1687736714,364062
1687736714,365453
1687736714,366140
1687736714,376998
1687736714,379163
1687736714,381763
1687736714,382741
1687736714,386034
1687736714,395885
1687736714,396721
1687736714,410380
1687736714,410804
1687736714,431400
1687736714,433584
1687736714,434626
1687736714,440736
1687736714,447333
1687736714,464996
1687736714,469998
1687736714,470961
1687736714,480473
1687736714,489255
1687736714,504707
1687736714,505696
1687736714,509306
1687736714,541969
1687736714,547452
1687736714,551546
1687736714,561695
1687736714,569219
1687736714,570446
1687736714,570876
1687736714,572785
1687736714,573256
1687736714,595093
1687736714,603462
1687736714,608855
1687736714,610971
1687736714,622794
1687736714,631619
1687736714,641287
1687736714,650863
1687736714,666040
1687736714,666512
1687736714,673705
1687736714,679189
1687736714,686522
1687736714,688137
1687736715,339358
1687736715,340945
1687736715,357492
1687736715,360095
1687736715,362105
1687736715,366549
1687736715,368894
1687736715,371618
1687736715,371628
1687736715,378120
1687736715,380144
1687736715,386071
1687736715,391938
1687736715,395093
1687736715,400330
1687736715,407383
1687736715,420847
1687736715,424166
1687736715,434068
1687736715,457174
1687736715,466858
1687736715,471985
1687736715,478054
1687736715,479257
1687736715,502912
1687736715,524282
1687736715,527184
1687736715,528932
1687736715,544862
1687736715,566717
1687736715,576921
1687736715,584034
1687736715,584590
1687736715,603005
1687736715,621900
1687736715,626185
1687736715,630159
1687736715,632613
1687736715,651779
1687736715,656205
1687736715,660924
1687736715,662838
1687736715,666000
1687736715,666887
1687736715,673298
1687736715,677064
1687736715,684005
1687736715,691904
1687736716,344810
1687736716,354381
1687736716,356784
1687736716,359942
1687736716,360016
1687736716,368715
1687736716,374402
1687736716,374516
1687736716,378381
1687736716,391731
1687736716,396461
1687736716,408301
1687736716,408323
1687736716,415415
1687736716,416634
1687736716,430932
1687736716,439175
1687736716,456162
1687736716,460402
1687736716,462781
1687736716,470545
1687736716,494511
1687736716,498710
1687736716,508975
1687736716,511395
1687736716,522300
1687736716,529813
1687736716,534060
1687736716,563547
1687736716,571120
1687736716,580300
1687736716,586366
1687736716,589963
1687736716,595648
1687736716,596663
1687736716,599291
1687736716,609902
1687736716,616358
1687736716,623411
1687736716,624370
1687736716,631999
1687736716,636166
1687736716,649242
1687736716,654534
1687736716,656017
1687736716,657355
1687736716,664094
1687736716,672705
1687736716,677514
1687736716,679318
1687736716,684088
1687736716,685640
1687736716,693850
1687736717,337473
1687736717,344465
1687736717,347766
1687736717,351526
1687736717,362042
1687736717,364368
1687736717,367091
1687736717,367482
1687736717,370626
1687736717,372577
1687736717,381453
1687736717,384553
1687736717,384957
1687736717,389067
1687736717,395921
1687736717,403618
1687736717,407504
1687736717,427807
1687736717,446756
1687736717,447836
1687736717,453523
1687736717,477886
1687736717,484158
1687736717,493699
1687736717,498173
1687736717,500147
1687736717,521426
1687736717,533998
1687736717,544707
1687736717,552700
1687736717,553423
1687736717,557683
1687736717,562512
1687736717,573567
1687736717,584903
1687736717,603956
1687736717,604918
1687736717,609064
1687736717,611495
1687736717,621554
1687736717,630945
1687736717,640125
1687736717,644690
1687736717,645944
1687736717,657772
1687736717,661835
1687736717,666566
1687736717,671834
1687736717,672270
1687736717,673702
1687736717,675983
1687736717,682745
1687736717,693025
1687736718,337269
1687736718,347971
1687736718,348764
1687736718,360985
1687736718,362324
1687736718,364624
1687736718,365826
1687736718,366961
1687736718,367251
1687736718,377331
1687736718,393887
1687736718,396888
1687736718,404644
1687736718,408564
1687736718,417334
1687736718,418004
1687736718,439957
1687736718,442069
1687736718,455032
1687736718,457472
1687736718,476657
1687736718,484197
1687736718,486946
1687736718,494493
1687736718,509977
1687736718,516082
1687736718,518033
1687736718,520252
1687736718,522785
1687736718,544157
1687736718,552520
1687736718,559622
1687736718,560984
1687736718,562216
1687736718,578056
1687736718,589241
1687736718,591924
1687736718,597756
1687736718,601476
1687736718,611274
1687736718,621697
1687736718,621974
1687736718,622269
1687736718,636475
1687736718,640587
1687736718,642532
1687736718,653961
1687736718,661701
1687736718,667602
1687736718,668741
1687736718,685219
1687736718,686582
1687736718,692826
1687736719,343792
1687736719,344396
1687736719,354329
1687736719,359792
1687736719,361758
1687736719,367340
1687736719,368692
1687736719,371978
1687736719,372706
1687736719,374772
1687736719,375302
1687736719,375423
1687736719,379374
1687736719,379855
1687736719,380580
1687736719,382887
1687736719,397158
1687736719,423874
1687736719,424010
1687736719,426844
1687736719,432571
1687736719,449403
1687736719,452187
1687736719,469913
1687736719,478509
1687736719,481007
1687736719,493871
1687736719,519568
1687736719,523137
1687736719,526466
1687736719,537231
1687736719,537857
1687736719,540641
1687736719,556920
1687736719,575481
1687736719,579341
1687736719,582159
1687736719,595197
1687736719,619291
1687736719,623228
1687736719,623738
1687736719,625740
1687736719,642194
1687736719,644718
1687736719,647144
1687736719,648551
1687736719,658054
1687736719,662847
1687736719,665336
1687736719,671938
1687736719,672037
1687736719,682965
1687736719,683890
1687736719,688001
1687736719,688435
1687736720,352497
1687736720,358425
1687736720,365232
1687736720,371503
1687736720,373855
1687736720,374643
1687736720,375202
1687736720,375459
1687736720,387233
1687736720,388093
1687736720,390008
1687736720,403585
1687736720,403935
1687736720,414118
1687736720,419485
1687736720,421614
1687736720,434336
1687736720,437670
1687736720,440129
1687736720,453866
1687736720,463374
1687736720,468751
1687736720,474512
1687736720,480232
1687736720,489307
1687736720,497071
1687736720,513384
1687736720,519094
1687736720,533475
1687736720,542643
1687736720,555230
1687736720,566512
1687736720,576733
1687736720,578514
1687736720,586846
1687736720,600464
1687736720,611155
1687736720,611329
1687736720,618817
1687736720,622801
1687736720,629348
1687736720,647105
1687736720,648120
1687736720,650354
1687736720,653186
1687736720,660189
1687736720,661045
1687736720,667379
1687736720,670491
1687736720,671010
1687736720,671413
1687736720,671991
1687736720,680513
1687736720,687373
1687736720,691917
1687736721,331365
1687736721,347049
1687736721,354383
1687736721,355493
1687736721,357187
1687736721,357626
1687736721,362985
1687736721,369623
1687736721,372982
1687736721,373540
1687736721,393199
1687736721,400601
1687736721,401209
1687736721,407514
1687736721,408490
1687736721,425452
1687736721,426301
1687736721,438459
1687736721,446300
1687736721,446740
1687736721,469077
1687736721,472415
1687736721,500168
1687736721,500235
1687736721,506577
1687736721,510441
1687736721,533022
1687736721,547091
1687736721,547489
1687736721,554252
1687736721,564236
1687736721,573759
1687736721,582505
1687736721,597678
1687736721,601025
1687736721,604957
1687736721,605697
1687736721,610028
1687736721,628067
1687736721,638749
1687736721,640359
1687736721,640668
1687736721,654939
1687736721,658911
1687736721,666083
1687736721,666844
1687736721,669594
1687736721,677346
1687736721,680627
1687736721,684758
1687736721,685468
1687736721,690564
1687736722,336718
1687736722,344137
1687736722,345747
1687736722,351342
1687736722,355705
1687736722,358719
1687736722,365243
1687736722,367022
1687736722,370720
1687736722,377788
1687736722,384088
1687736722,389973
1687736722,390354
1687736722,390869
1687736722,392306
1687736722,402060
1687736722,407179
1687736722,429064
1687736722,431465
1687736722,433178
1687736722,443593
1687736722,461962
1687736722,463720
1687736722,471468
1687736722,486384
1687736722,492968
1687736722,497002
1687736722,504884
1687736722,510831
1687736722,538902
1687736722,539563
1687736722,542743
1687736722,550902
1687736722,556830
1687736722,565092
1687736722,579436
1687736722,598922
1687736722,601820
1687736722,607433
1687736722,632490
1687736722,635550
1687736722,635902
1687736722,636345
1687736722,646908
1687736722,659312
1687736722,665548
1687736722,666168
1687736722,669949
1687736722,670056
1687736722,670289
1687736722,690608
1687736723,339099
1687736723,351892
1687736723,355086
1687736723,365630
1687736723,365935
1687736723,367027
1687736723,367211
1687736723,371611
1687736723,378028
1687736723,385366
1687736723,399206
1687736723,402661
1687736723,411119
1687736723,418505
1687736723,422067
1687736723,428668
1687736723,442312
1687736723,451872
1687736723,458233
1687736723,474480
1687736723,482344
1687736723,497550
1687736723,508002
1687736723,522582
1687736723,529452
1687736723,530822
1687736723,536986
1687736723,551782
1687736723,566682
1687736723,571741
1687736723,582598
1687736723,588337
1687736723,590296
1687736723,591367
1687736723,610532
1687736723,619468
1687736723,621228
1687736723,625592
1687736723,631486
1687736723,634554
1687736723,659073
1687736723,663340
1687736723,663371
1687736723,663843
1687736723,671404
1687736723,673294
1687736723,681245
1687736723,681523
1687736723,682810
1687736723,689689
1687736723,691970
1687736724,344439
1687736724,344986
1687736724,345698
1687736724,354939
1687736724,356931
1687736724,359000
1687736724,367947
1687736724,368308
1687736724,368523
1687736724,376655
1687736724,377512
1687736724,378554
1687736724,380605
1687736724,388953
1687736724,390304
1687736724,390669
1687736724,391813
1687736724,396679
1687736724,414355
1687736724,414572
1687736724,417091
1687736724,417879
1687736724,423574
1687736724,446982
1687736724,454107
1687736724,458697
1687736724,459559
1687736724,466724
1687736724,484775
1687736724,488157
1687736724,488378
1687736724,498803
1687736724,508605
1687736724,518569
1687736724,519410
1687736724,526886
1687736724,530456
1687736724,553374
1687736724,559904
1687736724,574491
1687736724,579099
1687736724,589936
1687736724,592673
1687736724,615949
1687736724,619983
1687736724,629576
1687736724,644860
1687736724,653221
1687736724,655956
1687736724,656465
1687736724,657604
1687736724,671315
1687736724,679688
1687736724,679856
1687736724,684317
1687736725,335944
1687736725,346535
1687736725,347112
1687736725,356540
1687736725,360243
1687736725,363628
1687736725,367627
1687736725,368858
1687736725,375897
1687736725,379690
1687736725,397495
1687736725,399561
1687736725,416186
1687736725,436520
1687736725,443674
1687736725,449968
1687736725,454324
1687736725,464025
1687736725,480376
1687736725,488252
1687736725,492311
1687736725,504248
1687736725,525437
1687736725,526057
1687736725,546002
1687736725,548843
1687736725,555728
1687736725,558180
1687736725,571333
1687736725,588313
1687736725,589727
1687736725,602478
1687736725,612484
1687736725,613983
1687736725,615758
1687736725,625076
1687736725,638324
1687736725,648277
1687736725,648288
1687736725,649000
1687736725,652137
1687736725,664102
1687736725,665314
1687736725,666551
1687736725,671050
1687736725,671493
1687736725,687550
1687736725,688015
1687736725,692466
1687736725,693068
1687736726,346518
1687736726,360628
1687736726,361283
1687736726,365477
1687736726,372086
1687736726,372393
1687736726,372698
1687736726,373935
1687736726,382629
1687736726,383332
1687736726,391536
1687736726,397921
1687736726,400071
1687736726,404528
1687736726,412879
1687736726,413070
1687736726,423627
1687736726,439211
1687736726,458313
1687736726,477607
1687736726,487023
1687736726,505187
1687736726,512362
1687736726,512393
1687736726,526630
1687736726,543961
1687736726,544366
1687736726,554295
1687736726,566143
1687736726,567519
1687736726,581936
1687736726,584060
1687736726,599874
1687736726,600677
1687736726,603697
1687736726,616869
1687736726,626777
1687736726,631951
1687736726,639161
1687736726,641865
1687736726,646618
1687736726,651914
1687736726,653784
1687736726,654722
1687736726,662671
1687736726,662803
1687736726,667042
1687736726,667806
1687736726,675271
1687736726,683940
1687736726,689370
1687736727,340893
1687736727,342619
1687736727,346620
1687736727,357813
1687736727,362065
1687736727,365986
1687736727,367360
1687736727,367669
1687736727,367678
1687736727,377335
1687736727,386516
1687736727,390319
1687736727,412891
1687736727,420683
1687736727,431486
1687736727,433890
1687736727,465234
1687736727,470372
1687736727,476288
1687736727,476372
1687736727,514365
1687736727,516928
1687736727,519365
1687736727,530975
1687736727,536601
1687736727,542376
1687736727,566950
1687736727,574014
1687736727,580423
1687736727,593920
1687736727,614264
1687736727,628441
1687736727,631355
1687736727,639898
1687736727,648613
1687736727,662968
1687736727,667325
1687736727,670890
1687736727,673500
1687736727,674606
1687736727,679506
1687736727,681085
1687736727,688942
1687736727,696110
1687736728,347305
1687736728,348237
1687736728,355220
1687736728,356809
1687736728,360288
1687736728,368419
1687736728,371043
1687736728,373578
1687736728,377328
1687736728,386561
1687736728,386749
1687736728,391485
1687736728,401108
1687736728,408557
1687736728,409049
1687736728,414894
1687736728,425288
1687736728,433329
1687736728,434489
1687736728,434991
1687736728,435363
1687736728,460624
1687736728,466641
1687736728,474502
1687736728,500514
1687736728,501074
1687736728,528437
1687736728,537543
1687736728,538576
1687736728,540281
1687736728,566037
1687736728,568404
1687736728,583175
1687736728,602074
1687736728,606726
1687736728,609917
1687736728,622215
1687736728,622427
1687736728,625773
1687736728,634758
1687736728,642701
1687736728,656067
1687736728,657604
1687736728,659246
1687736728,662369
1687736728,664229
1687736728,666803
1687736728,670188
1687736728,674735
1687736728,682463
1687736728,693516
1687736729,341334
1687736729,346036
1687736729,357378
1687736729,360387
1687736729,361115
1687736729,368457
1687736729,372880
1687736729,379489
1687736729,380896
1687736729,382940
1687736729,403832
1687736729,405455
1687736729,406718
1687736729,407100
1687736729,430259
1687736729,445261
1687736729,451485
1687736729,452503
1687736729,463053
1687736729,492696
1687736729,498449
1687736729,505308
1687736729,516326
1687736729,518715
1687736729,536986
1687736729,549125
1687736729,560690
1687736729,561449
1687736729,590714
1687736729,602487
1687736729,604429
1687736729,608430
1687736729,609088
1687736729,615575
1687736729,620203
1687736729,635537
1687736729,640070
1687736729,642637
1687736729,645947
1687736729,659196
1687736729,671625
1687736729,676984
1687736729,678034
1687736729,681424
1687736729,688332
1687736729,694498
1687736730,346024
1687736730,354251
1687736730,361512
1687736730,363940
1687736730,373164
1687736730,373303
1687736730,379190
1687736730,390452
1687736730,393034
1687736730,394351
1687736730,402104
1687736730,411834
1687736730,418135
1687736730,428296
1687736730,442127
1687736730,448158
1687736730,450016
1687736730,457882
1687736730,458847
1687736730,480609
1687736730,491581
1687736730,496576
1687736730,498530
1687736730,525469
1687736730,541944
1687736730,555935
1687736730,557521
1687736730,561276
1687736730,561616
1687736730,586208
1687736730,595413
1687736730,596042
1687736730,599160
1687736730,619447
1687736730,634515
1687736730,637099
1687736730,639956
1687736730,659537
1687736730,660683
1687736730,663779
1687736730,664207
1687736730,664225
1687736730,670102
1687736730,673663
1687736730,689336
1687736730,693024
1687736731,337298
1687736731,343495
1687736731,347573
1687736731,355185
1687736731,358109
1687736731,359052
1687736731,359081
1687736731,366363
1687736731,369752
1687736731,374847
1687736731,378949
1687736731,380002
1687736731,382066
1687736731,382383
1687736731,388530
1687736731,388671
1687736731,391234
1687736731,412674
1687736731,422198
1687736731,422407
1687736731,424566
1687736731,454850
1687736731,472166
1687736731,478428
1687736731,480651
1687736731,487497
1687736731,488574
1687736731,489914
1687736731,514503
1687736731,516372
1687736731,522377
1687736731,523785
1687736731,532630
1687736731,563133
1687736731,584638
1687736731,587379
1687736731,592935
1687736731,615001
1687736731,615904
1687736731,624775
1687736731,627758
1687736731,656111
1687736731,657109
1687736731,660858
1687736731,663367
1687736731,666886
1687736731,674301
1687736731,675276
1687736731,681698
1687736731,686280
1687736731,687815
1687736732,335434
1687736732,352248
1687736732,362804
1687736732,365819
1687736732,369722
1687736732,372946
1687736732,373207
1687736732,374353
1687736732,376820
1687736732,387474
1687736732,390001
1687736732,394712
1687736732,397747
1687736732,418156
1687736732,422565
1687736732,438171
1687736732,458027
1687736732,466832
1687736732,477002
1687736732,483394
1687736732,486730
1687736732,490497
1687736732,512389
1687736732,514323
1687736732,521357
1687736732,533578
1687736732,543410
1687736732,562436
1687736732,574130
1687736732,578757
1687736732,580918
1687736732,582611
1687736732,583856
1687736732,617791
1687736732,619665
1687736732,620351
1687736732,621892
1687736732,638496
1687736732,649168
1687736732,653783
1687736732,659660
1687736732,671652
1687736732,675926
1687736732,678266
1687736732,683210
1687736732,685485
1687736732,687648
1687736733,348655
1687736733,357538
1687736733,359343
1687736733,359698
1687736733,367020
1687736733,368025
1687736733,368531
1687736733,390837
1687736733,400350
1687736733,401473
1687736733,403589
1687736733,404343
1687736733,411159
1687736733,434860
1687736733,443494
1687736733,448534
1687736733,451206
1687736733,464146
1687736733,486991
1687736733,497154
1687736733,503816
1687736733,509423
1687736733,516050
1687736733,539837
1687736733,545787
1687736733,554765
1687736733,570541
1687736733,575718
1687736733,584894
1687736733,596440
1687736733,603464
1687736733,605813
1687736733,607417
1687736733,609402
1687736733,631308
1687736733,633409
1687736733,634882
1687736733,637804
1687736733,642212
1687736733,644311
1687736733,647056
1687736733,650849
1687736733,653517
1687736733,662210
1687736733,666491
1687736733,667658
1687736733,668069
1687736733,671889
1687736733,683526
1687736733,685485
1687736734,345993
1687736734,350716
1687736734,363917
1687736734,366185
1687736734,376156
1687736734,379743
1687736734,381422
1687736734,382601
1687736734,393327
1687736734,397495
1687736734,398493
1687736734,408762
1687736734,409271
1687736734,429669
1687736734,432826
1687736734,433430
1687736734,435278
1687736734,442825
1687736734,445663
1687736734,467074
1687736734,467768
1687736734,491442
1687736734,500570
1687736734,502969
1687736734,507336
1687736734,507938
1687736734,536999
1687736734,540088
1687736734,549606
1687736734,553699
1687736734,559544
1687736734,568585
1687736734,571054
1687736734,573202
1687736734,597177
1687736734,604850
1687736734,607761
1687736734,608921
1687736734,642646
1687736734,649587
1687736734,664547
1687736734,667167
1687736734,674933
1687736734,676211
1687736734,679104
1687736734,686758
1687736734,687405
1687736735,338865
1687736735,341176
1687736735,358273
1687736735,360639
1687736735,362320
1687736735,366465
1687736735,368069
1687736735,370235
1687736735,379353
1687736735,384865
1687736735,392747
1687736735,414791
1687736735,422405
1687736735,422922
1687736735,426994
1687736735,436403
1687736735,455150
1687736735,465037
1687736735,474155
1687736735,480383
1687736735,481414
1687736735,526467
1687736735,526977
1687736735,527851
1687736735,529407
1687736735,537143
1687736735,546846
1687736735,564603
1687736735,579003
1687736735,585865
1687736735,588137
1687736735,609795
1687736735,623533
1687736735,627451
1687736735,628572
1687736735,633942
1687736735,634312
1687736735,653129
1687736735,655144
1687736735,657208
1687736735,661722
1687736735,662112
1687736735,666060
1687736735,673032
1687736735,684256
1687736735,691327
1687736736,344618
1687736736,345314
1687736736,347018
1687736736,353499
1687736736,357570
1687736736,359833
1687736736,365431
1687736736,369468
1687736736,375052
1687736736,375144
1687736736,379130
1687736736,390457
1687736736,394741
1687736736,409650
1687736736,410050
1687736736,417326
1687736736,428998
1687736736,441440
1687736736,458133
1687736736,458333
1687736736,464748
1687736736,468136
1687736736,496436
1687736736,511171
1687736736,524486
1687736736,532022
1687736736,547010
1687736736,561694
1687736736,573189
1687736736,578335
1687736736,587966
1687736736,594891
1687736736,597422
1687736736,611489
1687736736,617800
1687736736,621844
1687736736,626083
1687736736,629906
1687736736,637578
1687736736,647889
1687736736,657110
1687736736,658643
1687736736,663250
1687736736,663395
1687736736,670634
1687736736,672777
1687736736,678423
1687736736,684799
1687736736,685165
1687736736,693580
1687736737,337197
1687736737,351608
1687736737,361398
1687736737,362568
1687736737,364162
1687736737,368111
1687736737,370286
1687736737,373159
1687736737,382112
1687736737,383726
1687736737,387480
1687736737,393090
1687736737,397722
1687736737,402028
1687736737,409847
1687736737,416510
1687736737,425931
1687736737,445686
1687736737,448830
1687736737,455651
1687736737,481959
1687736737,491511
1687736737,496858
1687736737,500497
1687736737,502104
1687736737,523717
1687736737,531813
1687736737,550875
1687736737,555635
1687736737,564646
1687736737,601924
1687736737,606752
1687736737,610194
1687736737,629198
1687736737,641381
1687736737,644497
1687736737,646133
1687736737,659003
1687736737,662324
1687736737,669922
1687736737,671504
1687736737,672100
1687736737,676949
1687736737,682392
1687736737,693012
1687736737,693451
1687736738,337923
1687736738,347519
1687736738,349437
1687736738,359805
1687736738,363144
1687736738,364358
1687736738,366014
1687736738,366032
1687736738,367528
1687736738,376520
1687736738,395496
1687736738,397675
1687736738,403374
1687736738,406829
1687736738,418957
1687736738,422402
1687736738,439814
1687736738,441965
1687736738,452834
1687736738,478664
1687736738,484972
1687736738,486164
1687736738,496730
1687736738,508041
1687736738,516042
1687736738,522312
1687736738,546223
1687736738,550449
1687736738,557646
1687736738,564167
1687736738,575884
1687736738,587492
1687736738,593702
1687736738,599385
1687736738,603471
1687736738,609649
1687736738,619956
1687736738,620129
1687736738,637787
1687736738,639375
1687736738,643960
1687736738,652274
1687736738,663170
1687736738,668308
1687736738,668923
1687736738,672964
1687736738,686832
1687736739,343184
1687736739,344399
1687736739,353756
1687736739,360794
1687736739,361929
1687736739,367113
1687736739,368345
1687736739,371923
1687736739,374569
1687736739,375803
1687736739,376214
1687736739,379309
1687736739,379755
1687736739,380795
1687736739,384684
1687736739,395751
1687736739,402880
1687736739,425938
1687736739,429100
1687736739,434647
1687736739,443922
1687736739,447227
1687736739,454395
1687736739,472006
1687736739,476280
1687736739,478908
1687736739,496143
1687736739,517518
1687736739,521134
1687736739,528748
1687736739,538585
1687736739,539434
1687736739,540008
1687736739,540325
1687736739,554849
1687736739,577362
1687736739,580089
1687736739,581376
1687736739,596740
1687736739,620988
1687736739,621554
1687736739,623010
1687736739,625337
1687736739,627037
1687736739,645163
1687736739,645995
1687736739,647518
1687736739,650981
1687736739,655665
1687736739,657018
1687736739,664016
1687736739,666127
1687736739,670674
1687736739,682495
1687736739,684503
1687736739,688042
1687736740,353344
1687736740,357542
1687736740,366068
1687736740,368394
1687736740,370565
1687736740,372602
1687736740,374333
1687736740,375804
1687736740,376030
1687736740,385963
1687736740,386831
1687736740,390743
1687736740,404873
1687736740,405411
1687736740,412269
1687736740,419640
1687736740,421138
1687736740,431886
1687736740,435723
1687736740,438430
1687736740,455574
1687736740,465326
1687736740,470927
1687736740,472418
1687736740,477974
1687736740,499116
1687736740,511120
1687736740,521154
1687736740,531461
1687736740,557317
1687736740,568641
1687736740,574602
1687736740,580494
1687736740,584819
1687736740,602239
1687736740,609446
1687736740,620389
1687736740,624053
1687736740,645371
1687736740,649777
1687736740,651618
1687736740,654651
1687736740,658905
1687736740,661875
1687736740,670440
1687736740,670634
1687736740,671249
1687736740,675791
1687736740,681180
1687736740,688018
1687736740,691896
1687736741,331307
1687736741,347987
1687736741,353423
1687736741,355048
1687736741,357982
1687736741,358200
1687736741,362909
1687736741,369997
1687736741,372787
1687736741,373439
1687736741,381652
1687736741,383064
1687736741,391730
1687736741,402488
1687736741,402644
1687736741,406673
1687736741,409488
1687736741,423150
1687736741,428470
1687736741,434729
1687736741,440548
1687736741,444309
1687736741,448641
1687736741,470203
1687736741,471256
1687736741,498538
1687736741,502356
1687736741,504551
1687736741,512632
1687736741,535261
1687736741,545200
1687736741,545436
1687736741,556133
1687736741,561871
1687736741,575640
1687736741,580324
1687736741,599220
1687736741,603892
1687736741,606726
1687736741,611460
1687736741,629547
1687736741,637433
1687736741,638763
1687736741,639880
1687736741,642266
1687736741,653938
1687736741,658224
1687736741,665314
1687736741,665439
1687736741,667913
1687736741,670245
1687736741,678373
1687736741,679958
1687736741,684539
1687736741,684603
1687736741,690891
1687736742,336311
1687736742,343772
1687736742,346117
1687736742,358059
1687736742,366077
1687736742,367776
1687736742,369457
1687736742,378425
1687736742,390679
1687736742,391729
1687736742,391945
1687736742,400784
1687736742,408803
1687736742,424248
1687736742,429584
1687736742,445807
1687736742,459755
1687736742,461348
1687736742,473528
1687736742,488369
1687736742,494943
1687736742,495060
1687736742,502734
1687736742,513184
1687736742,528789
1687736742,544879
1687736742,553018
1687736742,554789
1687736742,562981
1687736742,581458
1687736742,596734
1687736742,599570
1687736742,599880
1687736742,606762
1687736742,608663
1687736742,627779
1687736742,630796
1687736742,636730
1687736742,645679
1687736742,660618
1687736742,664033
1687736742,666671
1687736742,670144
1687736742,671287
1687736742,690965
1687736743,339540
1687736743,351468
1687736743,351880
1687736743,355713
1687736743,355984
1687736743,364444
1687736743,366744
1687736743,367302
1687736743,371876
1687736743,379565
1687736743,384149
1687736743,391058
1687736743,395071
1687736743,397887
1687736743,409498
1687736743,420390
1687736743,426795
1687736743,444661
1687736743,449273
1687736743,456177
1687736743,476664
1687736743,484591
1687736743,495402
1687736743,510116
1687736743,520547
1687736743,531620
1687736743,539200
1687736743,553783
1687736743,564813
1687736743,569695
1687736743,584620
1687736743,586146
1687736743,589234
1687736743,612201
1687736743,617876
1687736743,619638
1687736743,621740
1687736743,626867
1687736743,629632
1687736743,636507
1687736743,657725
1687736743,662874
1687736743,664025
1687736743,664507
1687736743,670669
1687736743,673142
1687736743,680332
1687736743,682558
1687736743,682572
1687736743,689936
1687736743,691554
1687736744,344123
1687736744,345444
1687736744,345583
1687736744,355858
1687736744,359109
1687736744,366864
1687736744,368020
1687736744,368917
1687736744,376252
1687736744,377764
1687736744,379006
1687736744,381751
1687736744,389309
1687736744,390104
1687736744,391338
1687736744,395490
1687736744,412913
1687736744,416800
1687736744,419116
1687736744,419449
1687736744,421774
1687736744,448979
1687736744,452058
1687736744,455145
1687736744,457521
1687736744,468736
1687736744,486129
1687736744,486276
1687736744,486456
1687736744,486913
1687736744,510771
1687736744,517477
1687736744,520861
1687736744,528399
1687736744,529048
1687736744,555491
1687736744,555614
1687736744,556132
1687736744,557559
1687736744,576543
1687736744,576925
1687736744,590712
1687736744,591538
1687736744,617574
1687736744,621494
1687736744,627868
1687736744,646311
1687736744,651936
1687736744,653018
1687736744,655702
1687736744,657056
1687736744,658764
1687736744,671659
1687736744,678710
1687736744,678949
1687736744,684768
1687736745,335988
1687736745,347099
1687736745,347259
1687736745,356216
1687736745,359284
1687736745,364365
1687736745,368505
1687736745,369262
1687736745,371672
1687736745,376849
1687736745,378519
1687736745,398129
1687736745,399390
1687736745,414763
1687736745,434580
1687736745,445531
1687736745,451861
1687736745,452311
1687736745,460843
1687736745,466022
1687736745,478165
1687736745,485766
1687736745,494242
1687736745,506361
1687736745,523182
1687736745,528193
1687736745,543991
1687736745,551145
1687736745,557945
1687736745,573152
1687736745,586093
1687736745,591619
1687736745,604057
1687736745,610451
1687736745,612263
1687736745,613690
1687736745,615580
1687736745,623005
1687736745,631989
1687736745,636919
1687736745,646877
1687736745,649715
1687736745,650394
1687736745,650652
1687736745,666166
1687736745,670176
1687736745,671703
1687736745,688047
1687736745,692559
1687736745,692612
1687736746,335456
1687736746,345954
1687736746,354718
1687736746,360897
1687736746,361196
1687736746,366245
1687736746,371645
1687736746,372201
1687736746,372421
1687736746,379070
1687736746,381610
1687736746,381901
1687736746,383290
1687736746,389280
1687736746,390503
1687736746,398032
1687736746,399616
1687736746,401593
1687736746,411348
1687736746,411473
1687736746,411658
1687736746,425269
1687736746,437533
1687736746,441156
1687736746,442095
1687736746,460433
1687736746,475666
1687736746,503391
1687736746,510245
1687736746,510514
1687736746,528894
1687736746,537551
1687736746,541934
1687736746,546744
1687736746,552324
1687736746,568367
1687736746,569562
1687736746,579772
1687736746,581861
1687736746,595953
1687736746,601342
1687736746,602073
1687736746,602285
1687736746,614895
1687736746,628533
1687736746,633297
1687736746,640523
1687736746,640886
1687736746,643355
1687736746,645037
1687736746,652727
1687736746,661598
1687736746,662193
1687736746,667809
1687736746,668477
1687736746,672116
1687736746,676441
1687736746,683680
1687736746,688933
1687736747,340187
1687736747,342838
1687736747,346615
1687736747,358349
1687736747,362320
1687736747,364810
1687736747,367525
1687736747,368519
1687736747,387243
1687736747,388811
1687736747,405711
1687736747,422513
1687736747,431943
1687736747,433901
1687736747,463037
1687736747,472309
1687736747,474196
1687736747,478796
1687736747,503892
1687736747,509242
1687736747,512372
1687736747,514822
1687736747,521623
1687736747,533131
1687736747,534895
1687736747,544542
1687736747,562423
1687736747,564707
1687736747,571841
1687736747,577880
1687736747,582173
1687736747,599036
1687736747,612119
1687736747,629676
1687736747,637825
1687736747,644554
1687736747,649987
1687736747,654784
1687736747,661704
1687736747,666383
1687736747,670509
1687736747,674740
1687736747,678435
1687736747,681858
1687736747,689499
1687736747,695881
1687736748,333234
1687736748,346862
1687736748,347125
1687736748,347601
1687736748,354246
1687736748,357711
1687736748,360032
1687736748,368035
1687736748,369001
1687736748,370433
1687736748,374413
1687736748,378568
1687736748,385330
1687736748,388012
1687736748,389971
1687736748,399610
1687736748,406654
1687736748,410284
1687736748,417083
1687736748,423141
1687736748,431480
1687736748,432913
1687736748,433747
1687736748,436539
1687736748,459696
1687736748,462751
1687736748,464612
1687736748,476652
1687736748,477384
1687736748,498675
1687736748,503073
1687736748,526422
1687736748,535672
1687736748,536679
1687736748,542481
1687736748,566027
1687736748,568346
1687736748,584968
1687736748,600081
1687736748,608408
1687736748,620731
1687736748,624100
1687736748,626892
1687736748,630115
1687736748,636085
1687736748,640989
1687736748,656499
1687736748,657602
1687736748,658714
1687736748,660174
1687736748,661672
1687736748,663200
1687736748,666507
1687736748,669738
1687736748,675410
1687736748,682979
1687736748,693387
1687736749,340999
1687736749,357798
1687736749,361058
1687736749,361358
1687736749,369077
1687736749,372132
1687736749,381459
1687736749,403999
1687736749,405972
1687736749,408340
1687736749,408541
1687736749,428282
1687736749,447337
1687736749,449549
1687736749,454473
1687736749,460822
1687736749,490836
1687736749,496307
1687736749,507454
1687736749,518543
1687736749,520974
1687736749,534615
1687736749,551357
1687736749,559266
1687736749,562624
1687736749,587651
1687736749,588618
1687736749,602452
1687736749,610201
1687736749,617005
1687736749,633762
1687736749,641640
1687736749,642939
1687736749,644010
1687736749,644631
1687736749,655603
1687736749,657576
1687736749,670341
1687736749,671916
1687736749,676059
1687736749,677559
1687736749,682369
1687736749,688014
1687736749,694975
1687736750,335645
1687736750,346516
1687736750,353346
1687736750,361749
1687736750,363407
1687736750,371898
1687736750,373628
1687736750,378499
1687736750,382253
1687736750,391635
1687736750,394472
1687736750,395531
1687736750,400658
1687736750,416337
1687736750,443843
1687736750,446089
1687736750,452097
1687736750,455919
1687736750,456738
1687736750,482839
1687736750,493732
1687736750,496644
1687736750,498483
1687736750,502849
1687736750,518623
1687736750,523543
1687736750,537578
1687736750,544302
1687736750,554087
1687736750,559331
1687736750,559644
1687736750,559702
1687736750,588115
1687736750,592106
1687736750,594353
1687736750,597224
1687736750,597272
1687736750,604250
1687736750,617563
1687736750,619967
1687736750,635961
1687736750,638443
1687736750,638763
1687736750,657962
1687736750,661720
1687736750,664182
1687736750,665473
1687736750,669618
1687736750,674492
1687736750,689312
1687736750,693286
1687736751,337916
1687736751,346873
1687736751,358189
1687736751,359964
1687736751,366052
1687736751,370249
1687736751,375339
1687736751,377902
1687736751,380873
1687736751,381299
1687736751,383619
1687736751,387064
1687736751,390012
1687736751,390017
1687736751,410668
1687736751,422972
1687736751,424080
1687736751,424709
1687736751,430406
1687736751,452839
1687736751,474184
1687736751,475106
1687736751,476388
1687736751,482647
1687736751,485307
1687736751,492221
1687736751,512891
1687736751,520720
1687736751,521846
1687736751,524480
1687736751,534732
1687736751,561123
1687736751,579036
1687736751,580613
1687736751,582614
1687736751,589337
1687736751,594553
1687736751,613576
1687736751,617464
1687736751,624323
1687736751,625949
1687736751,626527
1687736751,655647
1687736751,657090
1687736751,659988
1687736751,664088
1687736751,668149
1687736751,674084
1687736751,674411
1687736751,681412
1687736751,687139
1687736751,687320
1687736751,687660
1687736752,335280
1687736752,343549
1687736752,352917
1687736752,359144
1687736752,362797
1687736752,364870
1687736752,372962
1687736752,373168
1687736752,387888
1687736752,388899
1687736752,396109
1687736752,419637
1687736752,420843
1687736752,435974
1687736752,460142
1687736752,468891
1687736752,481152
1687736752,484449
1687736752,492576
1687736752,510229
1687736752,516237
1687736752,519211
1687736752,535670
1687736752,541703
1687736752,543744
1687736752,564687
1687736752,576017
1687736752,580770
1687736752,581710
1687736752,616121
1687736752,618018
1687736752,622069
1687736752,623310
1687736752,637048
1687736752,650534
1687736752,652877
1687736752,660761
1687736752,663206
1687736752,666630
1687736752,666996
1687736752,671706
1687736752,674627
1687736752,677954
1687736752,684115
1687736752,686332
1687736752,687521
1687736753,349443
1687736753,356425
1687736753,359736
1687736753,367706
1687736753,369091
1687736753,369438
1687736753,389569
1687736753,399309
1687736753,402698
1687736753,402833
1687736753,405666
1687736753,409839
1687736753,413592
1687736753,432815
1687736753,441785
1687736753,450423
1687736753,452956
1687736753,466252
1687736753,484629
1687736753,488907
1687736753,499190
1687736753,501595
1687736753,511475
1687736753,513986
1687736753,537634
1687736753,556735
1687736753,572468
1687736753,582818
1687736753,598137
1687736753,599196
1687736753,605204
1687736753,605461
1687736753,607370
1687736753,607503
1687736753,629856
1687736753,633231
1687736753,638925
1687736753,640844
1687736753,645335
1687736753,645812
1687736753,652144
1687736753,652211
1687736753,661519
1687736753,665583
1687736753,667001
1687736753,668770
1687736753,673422
1687736753,683632
1687736753,684570
1687736754,345531
1687736754,350728
1687736754,361236
1687736754,363747
1687736754,366944
1687736754,378410
1687736754,380092
1687736754,380343
1687736754,383218
1687736754,383475
1687736754,391626
1687736754,399146
1687736754,400323
1687736754,407171
1687736754,407750
1687736754,431040
1687736754,431429
1687736754,435486
1687736754,436961
1687736754,444057
1687736754,444883
1687736754,465500
1687736754,469147
1687736754,493637
1687736754,501151
1687736754,505347
1687736754,507082
1687736754,510180
1687736754,538170
1687736754,539280
1687736754,551779
1687736754,555827
1687736754,557334
1687736754,566796
1687736754,568899
1687736754,575532
1687736754,578441
1687736754,606244
1687736754,606614
1687736754,606911
1687736754,635201
1687736754,643949
1687736754,648264
1687736754,663039
1687736754,667760
1687736754,668964
1687736754,672228
1687736754,675332
1687736754,676149
1687736754,678952
1687736754,686633
1687736754,686974
1687736755,338402
1687736755,341472
1687736755,362609
1687736755,363142
1687736755,366417
1687736755,367297
1687736755,368874
1687736755,380686
1687736755,383705
1687736755,393535
1687736755,420689
1687736755,424949
1687736755,438715
1687736755,453157
1687736755,463210
1687736755,476289
1687736755,482754
1687736755,483620
1687736755,525011
1687736755,525887
1687736755,528645
1687736755,531620
1687736755,535347
1687736755,548823
1687736755,562482
1687736755,581055
1687736755,587662
1687736755,608114
1687736755,625176
1687736755,626948
1687736755,628681
1687736755,632217
1687736755,635289
1687736755,654486
1687736755,658199
1687736755,660607
1687736755,662665
1687736755,663266
1687736755,666090
1687736755,672759
1687736755,684454
1687736755,690731
1687736756,344506
1687736756,352648
1687736756,358370
1687736756,364949
1687736756,370228
1687736756,370495
1687736756,375606
1687736756,375901
1687736756,379911
1687736756,389196
1687736756,393026
1687736756,411066
1687736756,411835
1687736756,419283
1687736756,427087
1687736756,443714
1687736756,456295
1687736756,460087
1687736756,465795
1687736756,466732
1687736756,494151
1687736756,513403
1687736756,526675
1687736756,529986
1687736756,549293
1687736756,559862
1687736756,575296
1687736756,576358
1687736756,585931
1687736756,589881
1687736756,593113
1687736756,595522
1687736756,611526
1687736756,613070
1687736756,619302
1687736756,620264
1687736756,627726
1687736756,627794
1687736756,639039
1687736756,646523
1687736756,658173
1687736756,659899
1687736756,662587
1687736756,672815
1687736756,677456
1687736756,684617
1687736756,685436
1687736756,693289
1687736757,336957
1687736757,346176
1687736757,346272
1687736757,351752
1687736757,358371
1687736757,360813
1687736757,363967
1687736757,368762
1687736757,369984
1687736757,373741
1687736757,382532
1687736757,382782
1687736757,385910
1687736757,394428
1687736757,398512
1687736757,399536
1687736757,400435
1687736757,412230
1687736757,424088
1687736757,443536
1687736757,450901
1687736757,452787
1687736757,457777
1687736757,479771
1687736757,482715
1687736757,489343
1687736757,494916
1687736757,502804
1687736757,504110
1687736757,518681
1687736757,525982
1687736757,529605
1687736757,549081
1687736757,553549
1687736757,557830
1687736757,566761
1687736757,599902
1687736757,608534
1687736757,611323
1687736757,627426
1687736757,642633
1687736757,643025
1687736757,647551
1687736757,651487
1687736757,662794
1687736757,669540
1687736757,670735
1687736757,672368
1687736757,677880
1687736757,693160
1687736757,693775
1687736758,338611
1687736758,347111
1687736758,350090
1687736758,353244
1687736758,355218
1687736758,358678
1687736758,363993
1687736758,364833
1687736758,366245
1687736758,368089
1687736758,371172
1687736758,375696
1687736758,397163
1687736758,402116
1687736758,420627
1687736758,437617
1687736758,443977
1687736758,450634
1687736758,480682
1687736758,483020
1687736758,488107
1687736758,498962
1687736758,506093
1687736758,524399
1687736758,548296
1687736758,548390
1687736758,566110
1687736758,573698
1687736758,585729
1687736758,595436
1687736758,600970
1687736758,605459
1687736758,607958
1687736758,618409
1687736758,638118
1687736758,639105
1687736758,645329
1687736758,650581
1687736758,662217
1687736758,667397
1687736758,667872
1687736758,670237
1687736758,687007
1687736758,687262
1687736759,342608
1687736759,344463
1687736759,361766
1687736759,362120
1687736759,366910
1687736759,368014
1687736759,373785
1687736759,376278
1687736759,377693
1687736759,378036
1687736759,378057
1687736759,381735
1687736759,386522
1687736759,394385
1687736759,401274
1687736759,420932
1687736759,427833
1687736759,431379
1687736759,436705
1687736759,445107
1687736759,474005
1687736759,474103
1687736759,476822
1687736759,498436
1687736759,515464
1687736759,531032
1687736759,538079
1687736759,541615
1687736759,542129
1687736759,552782
1687736759,578025
1687736759,579242
1687736759,583443
1687736759,598222
1687736759,619852
1687736759,622678
1687736759,626942
1687736759,628302
1687736759,639524
1687736759,646470
1687736759,650034
1687736759,655950
1687736759,656586
1687736759,665143
1687736759,666869
1687736759,669345
1687736759,672159
1687736759,681928
1687736759,685101
1687736759,688250
1687736760,331350
1687736760,354206
1687736760,356706
1687736760,366926
1687736760,369455
1687736760,370151
1687736760,371360
1687736760,372139
1687736760,377034
1687736760,384738
1687736760,385611
1687736760,391468
1687736760,393875
1687736760,406136
1687736760,406904
1687736760,410400
1687736760,411478
1687736760,417725
1687736760,422802
1687736760,429514
1687736760,457248
1687736760,467289
1687736760,470274
1687736760,473103
1687736760,473457
1687736760,475723
1687736760,501168
1687736760,502568
1687736760,508844
1687736760,523195
1687736760,529491
1687736760,559374
1687736760,570727
1687736760,572441
1687736760,582436
1687736760,582767
1687736760,602077
1687736760,604043
1687736760,607738
1687736760,621999
1687736760,625288
1687736760,626200
1687736760,641047
1687736760,643602
1687736760,651379
1687736760,652851
1687736760,656057
1687736760,657610
1687736760,662663
1687736760,669243
1687736760,670372
1687736760,671054
1687736760,676941
1687736760,681819
1687736760,688613
1687736760,691851
1687736761,348914
1687736761,352450
1687736761,354636
1687736761,358350
1687736761,359082
1687736761,359284
1687736761,362842
1687736761,370389
1687736761,373485
1687736761,373944
1687736761,375358
1687736761,380276
1687736761,390311
1687736761,403770
1687736761,404770
1687736761,404832
1687736761,436783
1687736761,442271
1687736761,442673
1687736761,450528
1687736761,467999
1687736761,496774
1687736761,504551
1687736761,514840
1687736761,543291
1687736761,546974
1687736761,558034
1687736761,559542
1687736761,577525
1687736761,578163
1687736761,597353
1687736761,608483
1687736761,612893
1687736761,637147
1687736761,643827
1687736761,652880
1687736761,657497
1687736761,664529
1687736761,670838
1687736761,679270
1687736761,679378
1687736761,683518
1687736761,684432
1687736762,335962
1687736762,343440
1687736762,346484
1687736762,357431
1687736762,359685
1687736762,367395
1687736762,368220
1687736762,368528
1687736762,379102
1687736762,389134
1687736762,393006
1687736762,393095
1687736762,399536
1687736762,404073
1687736762,410447
1687736762,424987
1687736762,427686
1687736762,436323
1687736762,447969
1687736762,458972
1687736762,475593
1687736762,490351
1687736762,492881
1687736762,497158
1687736762,500551
1687736762,515511
1687736762,526755
1687736762,552764
1687736762,555127
1687736762,583444
1687736762,594529
1687736762,597981
1687736762,601455
1687736762,605082
1687736762,609912
1687736762,629116
1687736762,637902
1687736762,638943
1687736762,644405
1687736762,661943
1687736762,662498
1687736762,662714
1687736762,667114
1687736762,669918
1687736762,670336
1687736762,672472
1687736762,691306
1687736763,339994
1687736763,351072
1687736763,355765
1687736763,356902
1687736763,363280
1687736763,366455
1687736763,372132
1687736763,381206
1687736763,382993
1687736763,387966
1687736763,392151
1687736763,396597
1687736763,407925
1687736763,413009
1687736763,421174
1687736763,422270
1687736763,424951
1687736763,426455
1687736763,446666
1687736763,446976
1687736763,454222
1687736763,478878
1687736763,484552
1687736763,486882
1687736763,493263
1687736763,512268
1687736763,518512
1687736763,533731
1687736763,541431
1687736763,555771
1687736763,563010
1687736763,567623
1687736763,574724
1687736763,583958
1687736763,586581
1687736763,587118
1687736763,593891
1687736763,613882
1687736763,616261
1687736763,618053
1687736763,623268
1687736763,627750
1687736763,628174
1687736763,638471
1687736763,654905
1687736763,656356
1687736763,662360
1687736763,663769
1687736763,665649
1687736763,672917
1687736763,679364
1687736763,682286
1687736763,683542
1687736763,690113
1687736763,691060
1687736764,343295
1687736764,345491
1687736764,346442
1687736764,359306
1687736764,365813
1687736764,367762
1687736764,369302
1687736764,375020
1687736764,378889
1687736764,379494
1687736764,382898
1687736764,391245
1687736764,392388
1687736764,394353
1687736764,411264
1687736764,419231
1687736764,419936
1687736764,421028
1687736764,432662
1687736764,450019
1687736764,450993
1687736764,455503
1687736764,470744
1687736764,475922
1687736764,483964
1687736764,484098
1687736764,489022
1687736764,512918
1687736764,515529
1687736764,523121
1687736764,526312
1687736764,531173
1687736764,554082
1687736764,555232
1687736764,557634
1687736764,578595
1687736764,588763
1687736764,593080
1687736764,619223
1687736764,622999
1687736764,626182
1687736764,647728
1687736764,650638
1687736764,658127
1687736764,659909
1687736764,671986
1687736764,677536
1687736764,678211
1687736764,685208
1687736764,688397
1687736765,336068
1687736765,347434
1687736765,347700
1687736765,355923
1687736765,358360
1687736765,365185
1687736765,367006
1687736765,369436
1687736765,369703
1687736765,377377
1687736765,377829
1687736765,396705
1687736765,401296
1687736765,413379
1687736765,426987
1687736765,447390
1687736765,450312
1687736765,453790
1687736765,462982
1687736765,467995
1687736765,483331
1687736765,496164
1687736765,508503
1687736765,520880
1687736765,530330
1687736765,541991
1687736765,555693
1687736765,560173
1687736765,571583
1687736765,574929
1687736765,583872
1687736765,593468
1687736765,603868
1687736765,605616
1687736765,608420
1687736765,611626
1687736765,613171
1687736765,617173
1687736765,620934
1687736765,630647
1687736765,635478
1687736765,645514
1687736765,651098
1687736765,651792
1687736765,663424
1687736765,665801
1687736765,667940
1687736765,669296
1687736765,688482
1687736765,691981
1687736765,692733
1687736766,335971
1687736766,345416
1687736766,353556
1687736766,360565
1687736766,361787
1687736766,370962
1687736766,372314
1687736766,380431
1687736766,380822
1687736766,383921
1687736766,389473
1687736766,391110
1687736766,396034
1687736766,401354
1687736766,402856
1687736766,405145
1687736766,409614
1687736766,410108
1687736766,433191
1687736766,435360
1687736766,440287
1687736766,443143
1687736766,462534
1687736766,473718
1687736766,490782
1687736766,501587
1687736766,508166
1687736766,508609
1687736766,519070
1687736766,531204
1687736766,535588
1687736766,539933
1687736766,549112
1687736766,550321
1687736766,570609
1687736766,577585
1687736766,579626
1687736766,583906
1687736766,597953
1687736766,600401
1687736766,602826
1687736766,609962
1687736766,612937
1687736766,618020
1687736766,630256
1687736766,634656
1687736766,641902
1687736766,643384
1687736766,644778
1687736766,651331
1687736766,651640
1687736766,660483
1687736766,661544
1687736766,668532
1687736766,669145
1687736766,675962
1687736766,677372
1687736766,677558
1687736766,683368
1687736766,688406
1687736767,339481
1687736767,343077
1687736767,346622
1687736767,358867
1687736767,362593
1687736767,363679
1687736767,367399
1687736767,369345
1687736767,387296
1687736767,387983
1687736767,410451
1687736767,424380
1687736767,430048
1687736767,436333
1687736767,460829
1687736767,472111
1687736767,474251
1687736767,481205
1687736767,505998
1687736767,510340
1687736767,512719
1687736767,523926
1687736767,533186
1687736767,535327
1687736767,535585
1687736767,546695
1687736767,560392
1687736767,562476
1687736767,569673
1687736767,580071
1687736767,586727
1687736767,598068
1687736767,600343
1687736767,628032
1687736767,631790
1687736767,635725
1687736767,643500
1687736767,655721
1687736767,660433
1687736767,665412
1687736767,669202
1687736767,670097
1687736767,682585
1687736767,695579
1687736768,333291
1687736768,346977
1687736768,346983
1687736768,353299
1687736768,358657
1687736768,359788
1687736768,366732
1687736768,369581
1687736768,369795
1687736768,371745
1687736768,375222
1687736768,377345
1687736768,379879
1687736768,384132
1687736768,389312
1687736768,398124
1687736768,404783
1687736768,411566
1687736768,419254
1687736768,420998
1687736768,429671
1687736768,430911
1687736768,432108
1687736768,438626
1687736768,457944
1687736768,462624
1687736768,464878
1687736768,478789
1687736768,479446
1687736768,496842
1687736768,505079
1687736768,524386
1687736768,533749
1687736768,534765
1687736768,563659
1687736768,570672
1687736768,580038
1687736768,610061
1687736768,619265
1687736768,625781
1687736768,627967
1687736768,637337
1687736768,639231
1687736768,657775
1687736768,659117
1687736768,659878
1687736768,660914
1687736768,661051
1687736768,662134
1687736768,666250
1687736768,676032
1687736768,683442
1687736768,693231
1687736769,340682
1687736769,347689
1687736769,358218
1687736769,361101
1687736769,362371
1687736769,369673
1687736769,371450
1687736769,372074
1687736769,382023
1687736769,388494
1687736769,400878
1687736769,402596
1687736769,408134
1687736769,409577
1687736769,410412
1687736769,426370
1687736769,447676
1687736769,449422
1687736769,456419
1687736769,458610
1687736769,488939
1687736769,494173
1687736769,509612
1687736769,520771
1687736769,523196
1687736769,532256
1687736769,543374
1687736769,544711
1687736769,553601
1687736769,557142
1687736769,557805
1687736769,564526
1687736769,585853
1687736769,586511
1687736769,600459
1687736769,605985
1687736769,611320
1687736769,613084
1687736769,618431
1687736769,631934
1687736769,643231
1687736769,643338
1687736769,645372
1687736769,655965
1687736769,670040
1687736769,672205
1687736769,675130
1687736769,677039
1687736769,683305
1687736769,687636
1687736769,695399
1687736770,334988
1687736770,347029
1687736770,352449
1687736770,352452
1687736770,356476
1687736770,356794
1687736770,358633
1687736770,362052
1687736770,362928
1687736770,370501
1687736770,374152
1687736770,375848
1687736770,377831
1687736770,380695
1687736770,392873
1687736770,395930
1687736770,396779
1687736770,399265
1687736770,414631
1687736770,415412
1687736770,444024
1687736770,445566
1687736770,450677
1687736770,453985
1687736770,454164
1687736770,454629
1687736770,480888
1687736770,484628
1687736770,484776
1687736770,494723
1687736770,495934
1687736770,500453
1687736770,521592
1687736770,546685
1687736770,552243
1687736770,557348
1687736770,561778
1687736770,589995
1687736770,592633
1687736770,595400
1687736770,599046
1687736770,615654
1687736770,637419
1687736770,637513
1687736770,639818
1687736770,644084
1687736770,656369
1687736770,664496
1687736770,666672
1687736770,669097
1687736770,671452
1687736770,675317
1687736770,689264
1687736770,693500
1687736771,338530
1687736771,346182
1687736771,357382
1687736771,360826
1687736771,365731
1687736771,370704
1687736771,376866
1687736771,380227
1687736771,381764
1687736771,385202
1687736771,385446
1687736771,388819
1687736771,391552
1687736771,408616
1687736771,421379
1687736771,425989
1687736771,427001
1687736771,432506
1687736771,450848
1687736771,474372
1687736771,476228
1687736771,483176
1687736771,494512
1687736771,511253
1687736771,519843
1687736771,520910
1687736771,526626
1687736771,536847
1687736771,556347
1687736771,559095
1687736771,578600
1687736771,580642
1687736771,591318
1687736771,596127
1687736771,610923
1687736771,612113
1687736771,624084
1687736771,625049
1687736771,625633
1687736771,628277
1687736771,654149
1687736771,658006
1687736771,659101
1687736771,661969
1687736771,664794
1687736771,669400
1687736771,671890
1687736771,672851
1687736771,674487
1687736771,681149
1687736771,686412
1687736771,688290
1687736772,335144
1687736772,343462
1687736772,343686
1687736772,346583
1687736772,353563
1687736772,362815
1687736772,363745
1687736772,363966
1687736772,370699
1687736772,371604
1687736772,373087
1687736772,379344
1687736772,387839
1687736772,388307
1687736772,392672
1687736772,397562
1687736772,399942
1687736772,417960
1687736772,419122
1687736772,420857
1687736772,421143
1687736772,433826
1687736772,462243
1687736772,473149
1687736772,478914
1687736772,482145
1687736772,494654
1687736772,504838
1687736772,508098
1687736772,517056
1687736772,518197
1687736772,537727
1687736772,540047
1687736772,541737
1687736772,566950
1687736772,577084
1687736772,577876
1687736772,579559
1687736772,582752
1687736772,614454
1687736772,616450
1687736772,623802
1687736772,624710
1687736772,628396
1687736772,635563
1687736772,651885
1687736772,651941
1687736772,661843
1687736772,671726
1687736772,673318
1687736772,677605
1687736772,683657
1687736772,684947
1687736772,687170
1687736772,687368
1687736773,350262
1687736773,355335
1687736773,358595
1687736773,360171
1687736773,368470
1687736773,370207
1687736773,370405
1687736773,370620
1687736773,371377
1687736773,388305
1687736773,401309
1687736773,403998
1687736773,407734
1687736773,408538
1687736773,430774
1687736773,440097
1687736773,452304
1687736773,454727
1687736773,468351
1687736773,470952
1687736773,482232
1687736773,499384
1687736773,505142
1687736773,511857
1687736773,513550
1687736773,529728
1687736773,532353
1687736773,535408
1687736773,541569
1687736773,553417
1687736773,558684
1687736773,574343
1687736773,580742
1687736773,599816
1687736773,601180
1687736773,603539
1687736773,605600
1687736773,606913
1687736773,608898
1687736773,611342
1687736773,626775
1687736773,631535
1687736773,639450
1687736773,640047
1687736773,643600
1687736773,647287
1687736773,650892
1687736773,653428
1687736773,660779
1687736773,661947
1687736773,664645
1687736773,666340
1687736773,669398
1687736773,683718
1687736774,332629
1687736774,345106
1687736774,350729
1687736774,359914
1687736774,360609
1687736774,361857
1687736774,363570
1687736774,367714
1687736774,370934
1687736774,374612
1687736774,378771
1687736774,380954
1687736774,384352
1687736774,384831
1687736774,385884
1687736774,389964
1687736774,400803
1687736774,402216
1687736774,405599
1687736774,406235
1687736774,427786
1687736774,429280
1687736774,437558
1687736774,438619
1687736774,442483
1687736774,446936
1687736774,463219
1687736774,471196
1687736774,495832
1687736774,499056
1687736774,499247
1687736774,503335
1687736774,504913
1687736774,512461
1687736774,536223
1687736774,553967
1687736774,555070
1687736774,557968
1687736774,565052
1687736774,566791
1687736774,577855
1687736774,604904
1687736774,605382
1687736774,607676
1687736774,636955
1687736774,645223
1687736774,646910
1687736774,649137
1687736774,661526
1687736774,668270
1687736774,670019
1687736774,674436
1687736774,677341
1687736774,678735
1687736774,685831
1687736774,687171
1687736775,337990
1687736775,341803
1687736775,362979
1687736775,366412
1687736775,367558
1687736775,382122
1687736775,382588
1687736775,391294
1687736775,394328
1687736775,402469
1687736775,419015
1687736775,422918
1687736775,427032
1687736775,440993
1687736775,451195
1687736775,461391
1687736775,478381
1687736775,485124
1687736775,485866
1687736775,491793
1687736775,523037
1687736775,530839
1687736775,533528
1687736775,533823
1687736775,560377
1687736775,563006
1687736775,583150
1687736775,589428
1687736775,591283
1687736775,594048
1687736775,606447
1687736775,625304
1687736775,626780
1687736775,629866
1687736775,630074
1687736775,636637
1687736775,644661
1687736775,651507
1687736775,655897
1687736775,659211
1687736775,661871
1687736775,664397
1687736775,666064
1687736775,672460
1687736775,684605
1687736775,690090
1687736776,344438
1687736776,351848
1687736776,359194
1687736776,364502
1687736776,371047
1687736776,376142
1687736776,376648
1687736776,387943
1687736776,411258
1687736776,412515
1687736776,413644
1687736776,421297
1687736776,425189
1687736776,445995
1687736776,454258
1687736776,462060
1687736776,463504
1687736776,515662
1687736776,527963
1687736776,528218
1687736776,528843
1687736776,550790
1687736776,551501
1687736776,558053
1687736776,574373
1687736776,577410
1687736776,583840
1687736776,591586
1687736776,593564
1687736776,614663
1687736776,618685
1687736776,620818
1687736776,625713
1687736776,629306
1687736776,640536
1687736776,659173
1687736776,661883
1687736776,672853
1687736776,676445
1687736776,683979
1687736776,686000
1687736776,692993
1687736777,336780
1687736777,347061
1687736777,351973
1687736777,360290
1687736777,363805
1687736777,369467
1687736777,369721
1687736777,374309
1687736777,374900
1687736777,381344
1687736777,383462
1687736777,384367
1687736777,395786
1687736777,398860
1687736777,401378
1687736777,422260
1687736777,441382
1687736777,450438
1687736777,452962
1687736777,459895
1687736777,477566
1687736777,487189
1687736777,492968
1687736777,505125
1687736777,506133
1687736777,516605
1687736777,527412
1687736777,547287
1687736777,551467
1687736777,560039
1687736777,568836
1687736777,597882
1687736777,610285
1687736777,612461
1687736777,625620
1687736777,641545
1687736777,643879
1687736777,648981
1687736777,649935
1687736777,663219
1687736777,669134
1687736777,669936
1687736777,671578
1687736777,672594
1687736777,678807
1687736777,693258
1687736777,694060
1687736778,339296
1687736778,346746
1687736778,350756
1687736778,355281
1687736778,357590
1687736778,363683
1687736778,366515
1687736778,368625
1687736778,370440
1687736778,373038
1687736778,380763
1687736778,398856
1687736778,399389
1687736778,400851
1687736778,403543
1687736778,422321
1687736778,435476
1687736778,445976
1687736778,448464
1687736778,481053
1687736778,482704
1687736778,490102
1687736778,501199
1687736778,504129
1687736778,526536
1687736778,546347
1687736778,550382
1687736778,553738
1687736778,568082
1687736778,584003
1687736778,597110
1687736778,602531
1687736778,606200
1687736778,607499
1687736778,616892
1687736778,636854
1687736778,640451
1687736778,646633
1687736778,648839
1687736778,661224
1687736778,666247
1687736778,667441
1687736778,667757
1687736778,686830
1687736778,687099
1687736778,690051
1687736779,342053
1687736779,344600
1687736779,359583
1687736779,362345
1687736779,362670
1687736779,364834
1687736779,367723
1687736779,376714
1687736779,376729
1687736779,379209
1687736779,382713
1687736779,388431
1687736779,393065
1687736779,399743
1687736779,429748
1687736779,433629
1687736779,438755
1687736779,443017
1687736779,471643
1687736779,474718
1687736779,476230
1687736779,500738
1687736779,513441
1687736779,533327
1687736779,535903
1687736779,543762
1687736779,544181
1687736779,550727
1687736779,575964
1687736779,581139
1687736779,585496
1687736779,599635
1687736779,616092
1687736779,618117
1687736779,624316
1687736779,628569
1687736779,629542
1687736779,638104
1687736779,645363
1687736779,649063
1687736779,654814
1687736779,657470
1687736779,667570
1687736779,667987
1687736779,672182
1687736779,681306
1687736779,685680
1687736780,331459
1687736780,355096
1687736780,355928
1687736780,366747
1687736780,367805
1687736780,370129
1687736780,370575
1687736780,378303
1687736780,383532
1687736780,384395
1687736780,392187
1687736780,407363
1687736780,408435
1687736780,408528
1687736780,415878
1687736780,418617
1687736780,424450
1687736780,427229
1687736780,458918
1687736780,468095
1687736780,469260
1687736780,473498
1687736780,475270
1687736780,475685
1687736780,503248
1687736780,506574
1687736780,525234
1687736780,527526
1687736780,561411
1687736780,570248
1687736780,572795
1687736780,580694
1687736780,584327
1687736780,605813
1687736780,606057
1687736780,623631
1687736780,624568
1687736780,626434
1687736780,641760
1687736780,642243
1687736780,652947
1687736780,654059
1687736780,656348
1687736780,657454
1687736780,663385
1687736780,667811
1687736780,670267
1687736780,670840
1687736780,674913
1687736780,678042
1687736780,682404
1687736780,689194
1687736780,691780
1687736781,349842
1687736781,351515
1687736781,354250
1687736781,358756
1687736781,360402
1687736781,362779
1687736781,370814
1687736781,372703
1687736781,374494
1687736781,378933
1687736781,388902
1687736781,398300
1687736781,403002
1687736781,405066
1687736781,406940
1687736781,413532
1687736781,435201
1687736781,444805
1687736781,452443
1687736781,465780
1687736781,494953
1687736781,500586
1687736781,506744
1687736781,517110
1687736781,541390
1687736781,549066
1687736781,557234
1687736781,559918
1687736781,576023
1687736781,579366
1687736781,595467
1687736781,600258
1687736781,610218
1687736781,614321
1687736781,619042
1687736781,635517
1687736781,645372
1687736781,651803
1687736781,656742
1687736781,663742
1687736781,671345
1687736781,678522
1687736781,680375
1687736781,682416
1687736781,684202
1687736782,335619
1687736782,343143
1687736782,346880
1687736782,356807
1687736782,366562
1687736782,367006
1687736782,367526
1687736782,369285
1687736782,371418
1687736782,379796
1687736782,387663
1687736782,394100
1687736782,394508
1687736782,419473
1687736782,425795
1687736782,437971
1687736782,450117
1687736782,456609
1687736782,477662
1687736782,490810
1687736782,492350
1687736782,498397
1687736782,499267
1687736782,517842
1687736782,524721
1687736782,533577
1687736782,543663
1687736782,550772
1687736782,557240
1687736782,585372
1687736782,592356
1687736782,596120
1687736782,603309
1687736782,603402
1687736782,611159
1687736782,627426
1687736782,639081
1687736782,640445
1687736782,643099
1687736782,659498
1687736782,660923
1687736782,663270
1687736782,663693
1687736782,666768
1687736782,667513
1687736782,669174
1687736782,670491
1687736782,673621
1687736782,691652
1687736783,340481
1687736783,345554
1687736783,350696
1687736783,353070
1687736783,355871
1687736783,357773
1687736783,357805
1687736783,362139
1687736783,366149
1687736783,372388
1687736783,373818
1687736783,381880
1687736783,382908
1687736783,395333
1687736783,406389
1687736783,423086
1687736783,423307
1687736783,424151
1687736783,428674
1687736783,444128
1687736783,449243
1687736783,452339
1687736783,481102
1687736783,482669
1687736783,489171
1687736783,491122
1687736783,516471
1687736783,523910
1687736783,533298
1687736783,535814
1687736783,557739
1687736783,561235
1687736783,565575
1687736783,572551
1687736783,581810
1687736783,588529
1687736783,595651
1687736783,614617
1687736783,616483
1687736783,624805
1687736783,625851
1687736783,629519
1687736783,640420
1687736783,645163
1687736783,654087
1687736783,654786
1687736783,654942
1687736783,661828
1687736783,663462
1687736783,672629
1687736783,682016
1687736783,690242
1687736783,690486
1687736784,342531
1687736784,345439
1687736784,347441
1687736784,364817
1687736784,367510
1687736784,369678
1687736784,380032
1687736784,380049
1687736784,384021
1687736784,392408
1687736784,409656
1687736784,414648
1687736784,418048
1687736784,421681
1687736784,422634
1687736784,453040
1687736784,453490
1687736784,472784
1687736784,481618
1687736784,513544
1687736784,515083
1687736784,516974
1687736784,524225
1687736784,525368
1687736784,532461
1687736784,552917
1687736784,559795
1687736784,580650
1687736784,586809
1687736784,594563
1687736784,620916
1687736784,624473
1687736784,624475
1687736784,649093
1687736784,649336
1687736784,659180
1687736784,661073
1687736784,672033
1687736784,672314
1687736784,676295
1687736784,677463
1687736784,685648
1687736784,688469
1687736785,336190
1687736785,347603
1687736785,348320
1687736785,355649
1687736785,357451
1687736785,366077
1687736785,369795
1687736785,370189
1687736785,370420
1687736785,376253
1687736785,378803
1687736785,395297
1687736785,402486
1687736785,403188
1687736785,411992
1687736785,430778
1687736785,440254
1687736785,448324
1687736785,449242
1687736785,455758
1687736785,465103
1687736785,469959
1687736785,473674
1687736785,480938
1687736785,498089
1687736785,510674
1687736785,518538
1687736785,539977
1687736785,552008
1687736785,562392
1687736785,576726
1687736785,581683
1687736785,605431
1687736785,606413
1687736785,607170
1687736785,614050
1687736785,618778
1687736785,618863
1687736785,629304
1687736785,634041
1687736785,644132
1687736785,652483
1687736785,653138
1687736785,663575
1687736785,665470
1687736785,668389
1687736785,687845
1687736785,688883
1687736785,692786
1687736786,336562
1687736786,344925
1687736786,352446
1687736786,352773
1687736786,362392
1687736786,367800
1687736786,370336
1687736786,372450
1687736786,378946
1687736786,388481
1687736786,392987
1687736786,394072
1687736786,403109
1687736786,404136
1687736786,407888
1687736786,428778
1687736786,433192
1687736786,434950
1687736786,438468
1687736786,445126
1687736786,471757
1687736786,492628
1687736786,499734
1687736786,506112
1687736786,507424
1687736786,533484
1687736786,533629
1687736786,537912
1687736786,541281
1687736786,548266
1687736786,551458
1687736786,555671
1687736786,571496
1687736786,573612
1687736786,575374
1687736786,577338
1687736786,585640
1687736786,598705
1687736786,599926
1687736786,604310
1687736786,610998
1687736786,631944
1687736786,636013
1687736786,641681
1687736786,643292
1687736786,646178
1687736786,650513
1687736786,659366
1687736786,660909
1687736786,669190
1687736786,669761
1687736786,676301
1687736786,677124
1687736786,678608
1687736786,682973
1687736787,338790
1687736787,343358
1687736787,346635
1687736787,359379
1687736787,362594
1687736787,362899
1687736787,367307
1687736787,369484
1687736787,370171
1687736787,385820
1687736787,388745
1687736787,409242
1687736787,426288
1687736787,428209
1687736787,438768
1687736787,458577
1687736787,470034
1687736787,476190
1687736787,483582
1687736787,501265
1687736787,508070
1687736787,508263
1687736787,510626
1687736787,526274
1687736787,531424
1687736787,537506
1687736787,548855
1687736787,558336
1687736787,567520
1687736787,582274
1687736787,601616
1687736787,607782
1687736787,626395
1687736787,633447
1687736787,642416
1687736787,656640
1687736787,661867
1687736787,664417
1687736787,669637
1687736787,683283
1687736788,333375
1687736788,346383
1687736788,346883
1687736788,352370
1687736788,359595
1687736788,359611
1687736788,365467
1687736788,369126
1687736788,370134
1687736788,373038
1687736788,375981
1687736788,381239
1687736788,382921
1687736788,390609
1687736788,396684
1687736788,402963
1687736788,412903
1687736788,418834
1687736788,421444
1687736788,424503
1687736788,427876
1687736788,430477
1687736788,440738
1687736788,456170
1687736788,460680
1687736788,466989
1687736788,480957
1687736788,481499
1687736788,494986
1687736788,507125
1687736788,522331
1687736788,523018
1687736788,532837
1687736788,561344
1687736788,572967
1687736788,581677
1687736788,588460
1687736788,596042
1687736788,611700
1687736788,617818
1687736788,627448
1687736788,629031
1687736788,637457
1687736788,638554
1687736788,645170
1687736788,658951
1687736788,660124
1687736788,660613
1687736788,660977
1687736788,661081
1687736788,665968
1687736788,676616
1687736788,683839
1687736788,693038
1687736789,340442
1687736789,348503
1687736789,358624
1687736789,361198
1687736789,363455
1687736789,369111
1687736789,370247
1687736789,370859
1687736789,376307
1687736789,377175
1687736789,382607
1687736789,387008
1687736789,393312
1687736789,401213
1687736789,410289
1687736789,410811
1687736789,412320
1687736789,445831
1687736789,451503
1687736789,452540
1687736789,456452
1687736789,458341
1687736789,486966
1687736789,492046
1687736789,511786
1687736789,525355
1687736789,529887
1687736789,546946
1687736789,555038
1687736789,555829
1687736789,566419
1687736789,584377
1687736789,591866
1687736789,598466
1687736789,607680
1687736789,612456
1687736789,614632
1687736789,619891
1687736789,630079
1687736789,642080
1687736789,644787
1687736789,646733
1687736789,653936
1687736789,654315
1687736789,669711
1687736789,672486
1687736789,674153
1687736789,676462
1687736789,684199
1687736789,687226
1687736789,695756
1687736790,334371
1687736790,347555
1687736790,351574
1687736790,355374
1687736790,357392
1687736790,358885
1687736790,362406
1687736790,362544
1687736790,364363
1687736790,374727
1687736790,379199
1687736790,394151
1687736790,397428
1687736790,397929
1687736790,398050
1687736790,412974
1687736790,417287
1687736790,441954
1687736790,447323
1687736790,447974
1687736790,452055
1687736790,452941
1687736790,456225
1687736790,478897
1687736790,486588
1687736790,486838
1687736790,492753
1687736790,498153
1687736790,502415
1687736790,519598
1687736790,549053
1687736790,550407
1687736790,555335
1687736790,555894
1687736790,563904
1687736790,590900
1687736790,593498
1687736790,600878
1687736790,613701
1687736790,620670
1687736790,636213
1687736790,638878
1687736790,641230
1687736790,654739
1687736790,661101
1687736790,664786
1687736790,667864
1687736790,668531
1687736790,670607
1687736790,676124
1687736790,680867
1687736790,689194
1687736790,693675
1687736791,339155
1687736791,345501
1687736791,356611
1687736791,361636
1687736791,365420
1687736791,371139
1687736791,375820
1687736791,376339
1687736791,379165
1687736791,382701
1687736791,383840
1687736791,386655
1687736791,386846
1687736791,387666
1687736791,393125
1687736791,406519
1687736791,419793
1687736791,427939
1687736791,429284
1687736791,434589
1687736791,448884
1687736791,468741
1687736791,472343
1687736791,478290
1687736791,481091
1687736791,496787
1687736791,509590
1687736791,517795
1687736791,523177
1687736791,528788
1687736791,538946
1687736791,557054
1687736791,558298
1687736791,576569
1687736791,578697
1687736791,593239
1687736791,597646
1687736791,609400
1687736791,610602
1687736791,612772
1687736791,622214
1687736791,626212
1687736791,626931
1687736791,630003
1687736791,652575
1687736791,658198
1687736791,658865
1687736791,661491
1687736791,665463
1687736791,671597
1687736791,674524
1687736791,685648
1687736792,335054
1687736792,343888
1687736792,344277
1687736792,345725
1687736792,354208
1687736792,362877
1687736792,363105
1687736792,369300
1687736792,370254
1687736792,372962
1687736792,380649
1687736792,386795
1687736792,388734
1687736792,391470
1687736792,398486
1687736792,399061
1687736792,417372
1687736792,420491
1687736792,422709
1687736792,431722
1687736792,464328
1687736792,471154
1687736792,473037
1687736792,476651
1687736792,479817
1687736792,496751
1687736792,502742
1687736792,505981
1687736792,514929
1687736792,520196
1687736792,538408
1687736792,539731
1687736792,539767
1687736792,569185
1687736792,575093
1687736792,577422
1687736792,579744
1687736792,584724
1687736792,614935
1687736792,625487
1687736792,626049
1687736792,626913
1687736792,634072
1687736792,647603
1687736792,650972
1687736792,653211
1687736792,662879
1687736792,671724
1687736792,672004
1687736792,677190
1687736792,682733
1687736792,685684
1687736792,687168
1687736792,687988
1687736793,351095
1687736793,354292
1687736793,358047
1687736793,360645
1687736793,370631
1687736793,371108
1687736793,371343
1687736793,371404
1687736793,387022
1687736793,399753
1687736793,405368
1687736793,407250
1687736793,409819
1687736793,428809
1687736793,438436
1687736793,454209
1687736793,456520
1687736793,470482
1687736793,479806
1687736793,497150
1687736793,503367
1687736793,509686
1687736793,515614
1687736793,530232
1687736793,531810
1687736793,533207
1687736793,543853
1687736793,560631
1687736793,576221
1687736793,578636
1687736793,601492
1687736793,601627
1687736793,603160
1687736793,603736
1687736793,610382
1687736793,612324
1687736793,625382
1687736793,629771
1687736793,638079
1687736793,641227
1687736793,641843
1687736793,648763
1687736793,649587
1687736793,654682
1687736793,660008
1687736793,662212
1687736793,663639
1687736793,665686
1687736793,669970
1687736793,676355
1687736793,683768
1687736794,333067
1687736794,344736
1687736794,350743
1687736794,359582
1687736794,360708
1687736794,363404
1687736794,368482
1687736794,373909
1687736794,377453
1687736794,381550
1687736794,382607
1687736794,386531
1687736794,387729
1687736794,388340
1687736794,402479
1687736794,404070
1687736794,404141
1687736794,404718
1687736794,425799
1687736794,427533
1687736794,439617
1687736794,440250
1687736794,440941
1687736794,448964
1687736794,460931
1687736794,473238
1687736794,497267
1687736794,497997
1687736794,501089
1687736794,501281
1687736794,502725
1687736794,514724
1687736794,534246
1687736794,552780
1687736794,556090
1687736794,560091
1687736794,560267
1687736794,563362
1687736794,564676
1687736794,580142
1687736794,602916
1687736794,604078
1687736794,609093
1687736794,637981
1687736794,638695
1687736794,643705
1687736794,645505
1687736794,646480
1687736794,659161
1687736794,660030
1687736794,668608
1687736794,668730
1687736794,671052
1687736794,673536
1687736794,678469
1687736794,678489
1687736794,684980
1687736794,687374
1687736794,690555
1687736795,337631
1687736795,342179
1687736795,359521
1687736795,362462
1687736795,363415
1687736795,365853
1687736795,366293
1687736795,366456
1687736795,381495
1687736795,381705
1687736795,383637
1687736795,395098
1687736795,417374
1687736795,420881
1687736795,429053
1687736795,443271
1687736795,449230
1687736795,456072
1687736795,459598
1687736795,480414
1687736795,487490
1687736795,488126
1687736795,489410
1687736795,521076
1687736795,531697
1687736795,533026
1687736795,535967
1687736795,552725
1687736795,556304
1687736795,558280
1687736795,560851
1687736795,585239
1687736795,591169
1687736795,595454
1687736795,604755
1687736795,623622
1687736795,627922
1687736795,628362
1687736795,630835
1687736795,630996
1687736795,652514
1687736795,657314
1687736795,658388
1687736795,660214
1687736795,665481
1687736795,666014
1687736795,672126
1687736795,684747
1687736795,689411
1687736796,331189
1687736796,344446
1687736796,344831
1687736796,347965
1687736796,351085
1687736796,360018
1687736796,362172
1687736796,364098
1687736796,369309
1687736796,371931
1687736796,376674
1687736796,377381
1687736796,386716
1687736796,409523
1687736796,413997
1687736796,415484
1687736796,423313
1687736796,423320
1687736796,448263
1687736796,452276
1687736796,461279
1687736796,464030
1687736796,467907
1687736796,470804
1687736796,475394
1687736796,508201
1687736796,517931
1687736796,521935
1687736796,525962
1687736796,530972
1687736796,553645
1687736796,570999
1687736796,572391
1687736796,579540
1687736796,581694
1687736796,591549
1687736796,593265
1687736796,616248
1687736796,617148
1687736796,622338
1687736796,623657
1687736796,632755
1687736796,640047
1687736796,642041
1687736796,643822
1687736796,660180
1687736796,661112
1687736796,662242
1687736796,672901
1687736796,675380
1687736796,683274
1687736796,686495
1687736796,689230
1687736796,692649
1687736797,336664
1687736797,352230
1687736797,359839
1687736797,363679
1687736797,369453
1687736797,370224
1687736797,374873
1687736797,380169
1687736797,382833
1687736797,384178
1687736797,397146
1687736797,397281
1687736797,403216
1687736797,417064
1687736797,420481
1687736797,439239
1687736797,448101
1687736797,454996
1687736797,462024
1687736797,485050
1687736797,490576
1687736797,490998
1687736797,507450
1687736797,514549
1687736797,525202
1687736797,530449
1687736797,545482
1687736797,549420
1687736797,562211
1687736797,570881
1687736797,584025
1687736797,593167
1687736797,611990
1687736797,613602
1687736797,623815
1687736797,645094
1687736797,648353
1687736797,650372
1687736797,654880
1687736797,668685
1687736797,669090
1687736797,672763
1687736797,679690
1687736797,693293
1687736797,694303
1687736798,338148
1687736798,339977
1687736798,343379
1687736798,346385
1687736798,351422
1687736798,356537
1687736798,362583
1687736798,365666
1687736798,366796
1687736798,369148
1687736798,369721
1687736798,372320
1687736798,374118
1687736798,390176
1687736798,399592
1687736798,400329
1687736798,400567
1687736798,401986
1687736798,424051
1687736798,427159
1687736798,433392
1687736798,441012
1687736798,446320
1687736798,447998
1687736798,479085
1687736798,484743
1687736798,492095
1687736798,502167
1687736798,503421
1687736798,528667
1687736798,537375
1687736798,544315
1687736798,551795
1687736798,552459
1687736798,570039
1687736798,582263
1687736798,598768
1687736798,604094
1687736798,604386
1687736798,609547
1687736798,614170
1687736798,615374
1687736798,625890
1687736798,635523
1687736798,641798
1687736798,647063
1687736798,647874
1687736798,660159
1687736798,666978
1687736798,668110
1687736798,670640
1687736798,672883
1687736798,686348
1687736798,687147
1687736799,341526
1687736799,344834
1687736799,352328
1687736799,353269
1687736799,362574
1687736799,363497
1687736799,367494
1687736799,375423
1687736799,377128
1687736799,380744
1687736799,383687
1687736799,390411
1687736799,391797
1687736799,398275
1687736799,424438
1687736799,431692
1687736799,435857
1687736799,440791
1687736799,469242
1687736799,472624
1687736799,478415
1687736799,503013
1687736799,511449
1687736799,526497
1687736799,533763
1687736799,535632
1687736799,545927
1687736799,546247
1687736799,548676
1687736799,569271
1687736799,573913
1687736799,583036
1687736799,587551
1687736799,601001
1687736799,612913
1687736799,616366
1687736799,622067
1687736799,630229
1687736799,636628
1687736799,644219
1687736799,648073
1687736799,653594
1687736799,658306
1687736799,661401
1687736799,664039
1687736799,666575
1687736799,667352
1687736799,668143
1687736799,672195
1687736799,680635
1687736799,686233
1687736800,331646
1687736800,334376
1687736800,350779
1687736800,355182
1687736800,356019
1687736800,366609
1687736800,368933
1687736800,371709
1687736800,379655
1687736800,382368
1687736800,383070
1687736800,383191
1687736800,392910
1687736800,406657
1687736800,408623
1687736800,409164
1687736800,410025
1687736800,414074
1687736800,415619
1687736800,416466
1687736800,417998
1687736800,460584
1687736800,465892
1687736800,471222
1687736800,471287
1687736800,477450
1687736800,497464
1687736800,504318
1687736800,505343
1687736800,525555
1687736800,527283
1687736800,563448
1687736800,568053
1687736800,574870
1687736800,578606
1687736800,581205
1687736800,586171
1687736800,591666
1687736800,604410
1687736800,607543
1687736800,622945
1687736800,625266
1687736800,627567
1687736800,639848
1687736800,654454
1687736800,655123
1687736800,655227
1687736800,658853
1687736800,666351
1687736800,670109
1687736800,670616
1687736800,679101
1687736800,682936
1687736800,689754
1687736800,691675
1687736801,350598
1687736801,353854
1687736801,359185
1687736801,361551
1687736801,362719
1687736801,370791
1687736801,371259
1687736801,371988
1687736801,375114
1687736801,377618
1687736801,385264
1687736801,387499
1687736801,397081
1687736801,401186
1687736801,406381
1687736801,433640
1687736801,438285
1687736801,446954
1687736801,454348
1687736801,463573
1687736801,477937
1687736801,493128
1687736801,498597
1687736801,508960
1687736801,519409
1687736801,539171
1687736801,539466
1687736801,554981
1687736801,561799
1687736801,573899
1687736801,593547
1687736801,598457
1687736801,608634
1687736801,611932
1687736801,615712
1687736801,633844
1687736801,643428
1687736801,646916
1687736801,648544
1687736801,650694
1687736801,655982
1687736801,662953
1687736801,671766
1687736801,677733
1687736801,681249
1687736801,681355
1687736801,683927
1687736801,691999
1687736802,335300
1687736802,342891
1687736802,347340
1687736802,356162
1687736802,365799
1687736802,367686
1687736802,370049
1687736802,380543
1687736802,386246
1687736802,394527
1687736802,395216
1687736802,395981
1687736802,400890
1687736802,423896
1687736802,439677
1687736802,452281
1687736802,454275
1687736802,479754
1687736802,488739
1687736802,494371
1687736802,496282
1687736802,501384
1687736802,514824
1687736802,520129
1687736802,522715
1687736802,531546
1687736802,545901
1687736802,548811
1687736802,551141
1687736802,559353
1687736802,559503
1687736802,587272
1687736802,589433
1687736802,590135
1687736802,594269
1687736802,601682
1687736802,605194
1687736802,612403
1687736802,625730
1687736802,640260
1687736802,641764
1687736802,641950
1687736802,659284
1687736802,661118
1687736802,664594
1687736802,664605
1687736802,667861
1687736802,668444
1687736802,670627
1687736802,674726
1687736803,341000
1687736803,350358
1687736803,353702
1687736803,358735
1687736803,358758
1687736803,360974
1687736803,365850
1687736803,370015
1687736803,372658
1687736803,380818
1687736803,384684
1687736803,389546
1687736803,393575
1687736803,394075
1687736803,404871
1687736803,421220
1687736803,426027
1687736803,430901
1687736803,441595
1687736803,450541
1687736803,451470
1687736803,451497
1687736803,474843
1687736803,483353
1687736803,488943
1687736803,491484
1687736803,514453
1687736803,537850
1687736803,559687
1687736803,579684
1687736803,590449
1687736803,597409
1687736803,612918
1687736803,614882
1687736803,623940
1687736803,625946
1687736803,626325
1687736803,630862
1687736803,642374
1687736803,653449
1687736803,661272
1687736803,663106
1687736803,667879
1687736803,672232
1687736803,681695
1687736803,689870
1687736803,690348
1687736804,341812
1687736804,345409
1687736804,348415
1687736804,363878
1687736804,367258
1687736804,372638
1687736804,380646
1687736804,381219
1687736804,385143
1687736804,385349
1687736804,408083
1687736804,416120
1687736804,424105
1687736804,424251
1687736804,428906
1687736804,445938
1687736804,455120
1687736804,471405
1687736804,471944
1687736804,479256
1687736804,511538
1687736804,517292
1687736804,522097
1687736804,527613
1687736804,534601
1687736804,550624
1687736804,561957
1687736804,570362
1687736804,582709
1687736804,584864
1687736804,596017
1687736804,622649
1687736804,622757
1687736804,646077
1687736804,648028
1687736804,650417
1687736804,653246
1687736804,660182
1687736804,662241
1687736804,672133
1687736804,672613
1687736804,675024
1687736804,676729
1687736804,686074
1687736804,688500
1687736805,336372
1687736805,347776
1687736805,348960
1687736805,355424
1687736805,356549
1687736805,368623
1687736805,370664
1687736805,371437
1687736805,375115
1687736805,379778
1687736805,393907
1687736805,404115
1687736805,405097
1687736805,410599
1687736805,446378
1687736805,451102
1687736805,457751
1687736805,478592
1687736805,500033
1687736805,512848
1687736805,516184
1687736805,537936
1687736805,549895
1687736805,564592
1687736805,578554
1687736805,579532
1687736805,604397
1687736805,606959
1687736805,608710
1687736805,614953
1687736805,616853
1687736805,620403
1687736805,627970
1687736805,632577
1687736805,642704
1687736805,653873
1687736805,654442
1687736805,663663
1687736805,665141
1687736805,667464
1687736805,689216
1687736805,692772
1687736806,337217
1687736806,344493
1687736806,351369
1687736806,362968
1687736806,368698
1687736806,369721
1687736806,372595
1687736806,377464
1687736806,387535
1687736806,392140
1687736806,394935
1687736806,404882
1687736806,405417
1687736806,406169
1687736806,408036
1687736806,426124
1687736806,430619
1687736806,431045
1687736806,436655
1687736806,436703
1687736806,447107
1687736806,469823
1687736806,494507
1687736806,497903
1687736806,504088
1687736806,506155
1687736806,508581
1687736806,509695
1687736806,531666
1687736806,535756
1687736806,546128
1687736806,553812
1687736806,557880
1687736806,558095
1687736806,573173
1687736806,575010
1687736806,575634
1687736806,595807
1687736806,596961
1687736806,601866
1687736806,605792
1687736806,609093
1687736806,633639
1687736806,637400
1687736806,639913
1687736806,644708
1687736806,647540
1687736806,649354
1687736806,658227
1687736806,660245
1687736806,669785
1687736806,670340
1687736806,679570
1687736806,682563
1687736806,687242
1687736807,338108
1687736807,343673
1687736807,346669
1687736807,359859
1687736807,361566
1687736807,363230
1687736807,367244
1687736807,371028
1687736807,384408
1687736807,384408
1687736807,389545
1687736807,401152
1687736807,425040
1687736807,426427
1687736807,428207
1687736807,441203
1687736807,456296
1687736807,467942
1687736807,478133
1687736807,485920
1687736807,510139
1687736807,528612
1687736807,529613
1687736807,539671
1687736807,551004
1687736807,556250
1687736807,565409
1687736807,584438
1687736807,587378
1687736807,602851
1687736807,624754
1687736807,629089
1687736807,635069
1687736807,641304
1687736807,657523
1687736807,662650
1687736807,663402
1687736807,663573
1687736807,667952
1687736807,669155
1687736807,683938
1687736808,333475
1687736808,345816
1687736808,346810
1687736808,351461
1687736808,359492
1687736808,360507
1687736808,364201
1687736808,368074
1687736808,370686
1687736808,374351
1687736808,381748
1687736808,382643
1687736808,391924
1687736808,395271
1687736808,414334
1687736808,416674
1687736808,423619
1687736808,426091
1687736808,428864
1687736808,454337
1687736808,458813
1687736808,469091
1687736808,483167
1687736808,483558
1687736808,493087
1687736808,509193
1687736808,520328
1687736808,525233
1687736808,530904
1687736808,559045
1687736808,575268
1687736808,583311
1687736808,590186
1687736808,594004
1687736808,613354
1687736808,616400
1687736808,630110
1687736808,635612
1687736808,646210
1687736808,659313
1687736808,659725
1687736808,660070
1687736808,662060
1687736808,662376
1687736808,665696
1687736808,677156
1687736808,684202
1687736808,692787
1687736809,340272
1687736809,349342
1687736809,359048
1687736809,361352
1687736809,364596
1687736809,370329
1687736809,370815
1687736809,375283
1687736809,383199
1687736809,385551
1687736809,399827
1687736809,412053
1687736809,412480
1687736809,414228
1687736809,422671
1687736809,444021
1687736809,453542
1687736809,454352
1687736809,460267
1687736809,484930
1687736809,489921
1687736809,513933
1687736809,527465
1687736809,527533
1687736809,552972
1687736809,558054
1687736809,563555
1687736809,568284
1687736809,582156
1687736809,582265
1687736809,596489
1687736809,609367
1687736809,613593
1687736809,616154
1687736809,621372
1687736809,628209
1687736809,640801
1687736809,646317
1687736809,648079
1687736809,653076
1687736809,669367
1687736809,672720
1687736809,673140
1687736809,675818
1687736809,685062
1687736809,686804
1687736810,333797
1687736810,348121
1687736810,350733
1687736810,355500
1687736810,356035
1687736810,358349
1687736810,359145
1687736810,362200
1687736810,362802
1687736810,367732
1687736810,375327
1687736810,377740
1687736810,396604
1687736810,398933
1687736810,399366
1687736810,411339
1687736810,439849
1687736810,449077
1687736810,450145
1687736810,455219
1687736810,458314
1687736810,480784
1687736810,488546
1687736810,488896
1687736810,490733
1687736810,500402
1687736810,504374
1687736810,517577
1687736810,548568
1687736810,551415
1687736810,553297
1687736810,566026
1687736810,589113
1687736810,591525
1687736810,593718
1687736810,602721
1687736810,611724
1687736810,634919
1687736810,640374
1687736810,642638
1687736810,650941
1687736810,653073
1687736810,665025
1687736810,667964
1687736810,669045
1687736810,669764
1687736810,671734
1687736810,676877
1687736810,684876
1687736810,689119
1687736810,693800
1687736811,339805
1687736811,344847
1687736811,355849
1687736811,362430
1687736811,365121
1687736811,371577
1687736811,374798
1687736811,378112
1687736811,382208
1687736811,383686
1687736811,386550
1687736811,388534
1687736811,394713
1687736811,404431
1687736811,418217
1687736811,425460
1687736811,429905
1687736811,431576
1687736811,436647
1687736811,446975
1687736811,470305
1687736811,480373
1687736811,499043
1687736811,507947
1687736811,515694
1687736811,530996
1687736811,535416
1687736811,536809
1687736811,541030
1687736811,555023
1687736811,560236
1687736811,574563
1687736811,595123
1687736811,599085
1687736811,607814
1687736811,609026
1687736811,613461
1687736811,620336
1687736811,627390
1687736811,628216
1687736811,631730
1687736811,657283
1687736811,657911
1687736811,659680
1687736811,660952
1687736811,666122
1687736811,674518
1687736811,680570
1687736812,335003
1687736812,344138
1687736812,344858
1687736812,345090
1687736812,354853
1687736812,362283
1687736812,368933
1687736812,370188
1687736812,372783
1687736812,381979
1687736812,389168
1687736812,390269
1687736812,397088
1687736812,415624
1687736812,423034
1687736812,424365
1687736812,429666
1687736812,466424
1687736812,467203
1687736812,469087
1687736812,474379
1687736812,475110
1687736812,479082
1687736812,500653
1687736812,503863
1687736812,512827
1687736812,522240
1687736812,537736
1687736812,541830
1687736812,571401
1687736812,573039
1687736812,575241
1687736812,581614
1687736812,586694
1687736812,625385
1687736812,627131
1687736812,627372
1687736812,632519
1687736812,649992
1687736812,654520
1687736812,663907
1687736812,670640
1687736812,671690
1687736812,676738
1687736812,681810
1687736812,686354
1687736812,686987
1687736812,688749
1687736813,351952
1687736813,353323
1687736813,357491
1687736813,361123
1687736813,367039
1687736813,369887
1687736813,371584
1687736813,372416
1687736813,372532
1687736813,385761
1687736813,398203
1687736813,405993
1687736813,406793
1687736813,411881
1687736813,426903
1687736813,436763
1687736813,456126
1687736813,458320
1687736813,472604
1687736813,477348
1687736813,494906
1687736813,505481
1687736813,507486
1687736813,517709
1687736813,528186
1687736813,531060
1687736813,533863
1687736813,546107
1687736813,562568
1687736813,576485
1687736813,578075
1687736813,599738
1687736813,601884
1687736813,610374
1687736813,611877
1687736813,613296
1687736813,623996
1687736813,627943
1687736813,630741
1687736813,636705
1687736813,640114
1687736813,642406
1687736813,648238
1687736813,650186
1687736813,655888
1687736813,659206
1687736813,662406
1687736813,662599
1687736813,670495
1687736813,678284
1687736813,683814
1687736814,333529
1687736814,344406
1687736814,350774
1687736814,358583
1687736814,361492
1687736814,363228
1687736814,369277
1687736814,373264
1687736814,376140
1687736814,382127
1687736814,386203
1687736814,386737
1687736814,388283
1687736814,389588
1687736814,402605
1687736814,403207
1687736814,404187
1687736814,406113
1687736814,423818
1687736814,425847
1687736814,439417
1687736814,441676
1687736814,441873
1687736814,451015
1687736814,458612
1687736814,475277
1687736814,476823
1687736814,495212
1687736814,499215
1687736814,500134
1687736814,500512
1687736814,503152
1687736814,516992
1687736814,532239
1687736814,550513
1687736814,558191
1687736814,561703
1687736814,562194
1687736814,562589
1687736814,582382
1687736814,600875
1687736814,602705
1687736814,605120
1687736814,605611
1687736814,610509
1687736814,640448
1687736814,644064
1687736814,647750
1687736814,658556
1687736814,669145
1687736814,672095
1687736814,672588
1687736814,675238
1687736814,678137
1687736814,684122
1687736814,687566
1687736814,690999
1687736815,337295
1687736815,342599
1687736815,359495
1687736815,363069
1687736815,363910
1687736815,365054
1687736815,365169
1687736815,366535
1687736815,380457
1687736815,382732
1687736815,385229
1687736815,395892
1687736815,399345
1687736815,415728
1687736815,418836
1687736815,431088
1687736815,445521
1687736815,447291
1687736815,453960
1687736815,457828
1687736815,482386
1687736815,489850
1687736815,490406
1687736815,519138
1687736815,529867
1687736815,538095
1687736815,554641
1687736815,556212
1687736815,558690
1687736815,570427
1687736815,587315
1687736815,587540
1687736815,592896
1687736815,596812
1687736815,603049
1687736815,621941
1687736815,625757
1687736815,629914
1687736815,632076
1687736815,632315
1687736815,639300
1687736815,642704
1687736815,653469
1687736815,657269
1687736815,658747
1687736815,660367
1687736815,661242
1687736815,666535
1687736815,671820
1687736815,672958
1687736815,684881
1687736815,688719
1687736816,331083
1687736816,344136
1687736816,344502
1687736816,348872
1687736816,350380
1687736816,360862
1687736816,363451
1687736816,363737
1687736816,368187
1687736816,372864
1687736816,377176
1687736816,378133
1687736816,385512
1687736816,387791
1687736816,407798
1687736816,415521
1687736816,417345
1687736816,421467
1687736816,425355
1687736816,450355
1687736816,450515
1687736816,459072
1687736816,466034
1687736816,470118
1687736816,472967
1687736816,473207
1687736816,487014
1687736816,519961
1687736816,520183
1687736816,523959
1687736816,533108
1687736816,535921
1687736816,554577
1687736816,555758
1687736816,572833
1687736816,579518
1687736816,581684
1687736816,589496
1687736816,594888
1687736816,615650
1687736816,617846
1687736816,621630
1687736816,623855
1687736816,634097
1687736816,642478
1687736816,643512
1687736816,660294
1687736816,663338
1687736816,674269
1687736816,682512
1687736816,686974
1687736816,692254
1687736817,336636
1687736817,352540
1687736817,359468
1687736817,363577
1687736817,369219
1687736817,371038
1687736817,373336
1687736817,375432
1687736817,379019
1687736817,381298
1687736817,384874
1687736817,395719
1687736817,398534
1687736817,405074
1687736817,418735
1687736817,419486
1687736817,437115
1687736817,445807
1687736817,457018
1687736817,464170
1687736817,482918
1687736817,488435
1687736817,488986
1687736817,509755
1687736817,510273
1687736817,512513
1687736817,523011
1687736817,547398
1687736817,564386
1687736817,572917
1687736817,591079
1687736817,611590
1687736817,613652
1687736817,614761
1687736817,622035
1687736817,634118
1687736817,638519
1687736817,646318
1687736817,646776
1687736817,651757
1687736817,654197
1687736817,668210
1687736817,668215
1687736817,672890
1687736817,674185
1687736817,679580
1687736817,680476
1687736817,693312
1687736817,694528
1687736818,337513
1687736818,340655
1687736818,344308
1687736818,346053
1687736818,352083
1687736818,355512
1687736818,361533
1687736818,366510
1687736818,367117
1687736818,371654
1687736818,388535
1687736818,398392
1687736818,400493
1687736818,401308
1687736818,402310
1687736818,425811
1687736818,429685
1687736818,431373
1687736818,439030
1687736818,444208
1687736818,450070
1687736818,477110
1687736818,486792
1687736818,494122
1687736818,500186
1687736818,505636
1687736818,530834
1687736818,539373
1687736818,542298
1687736818,549840
1687736818,554514
1687736818,571985
1687736818,580478
1687736818,600418
1687736818,602543
1687736818,605625
1687736818,613843
1687736818,627396
1687736818,631911
1687736818,643182
1687736818,645269
1687736818,649074
1687736818,659073
1687736818,665059
1687736818,666482
1687736818,668452
1687736818,668470
1687736818,685758
1687736818,687114
1687736819,341016
1687736819,345135
1687736819,351914
1687736819,352177
1687736819,356955
1687736819,362811
1687736819,364290
1687736819,367300
1687736819,368948
1687736819,369009
1687736819,369597
1687736819,374112
1687736819,377541
1687736819,382298
1687736819,384659
1687736819,390610
1687736819,392459
1687736819,396845
1687736819,416490
1687736819,422344
1687736819,427801
1687736819,433666
1687736819,438043
1687736819,442832
1687736819,466783
1687736819,470543
1687736819,480630
1687736819,505283
1687736819,509482
1687736819,512604
1687736819,524686
1687736819,531660
1687736819,537952
1687736819,546630
1687736819,548084
1687736819,567011
1687736819,571835
1687736819,584923
1687736819,589567
1687736819,602296
1687736819,611096
1687736819,614075
1687736819,614528
1687736819,620490
1687736819,631945
1687736819,635134
1687736819,643007
1687736819,647048
1687736819,652334
1687736819,659106
1687736819,661451
1687736819,664619
1687736819,665134
1687736819,668663
1687736819,672151
1687736819,679919
1687736819,686740
1687736820,331894
1687736820,334477
1687736820,354503
1687736820,367780
1687736820,372912
1687736820,381067
1687736820,381260
1687736820,381984
1687736820,385134
1687736820,393640
1687736820,404831
1687736820,409911
1687736820,411670
1687736820,412350
1687736820,414351
1687736820,417741
1687736820,422909
1687736820,462257
1687736820,463651
1687736820,469090
1687736820,473142
1687736820,479639
1687736820,499600
1687736820,502066
1687736820,507471
1687736820,521724
1687736820,523544
1687736820,529323
1687736820,565457
1687736820,565810
1687736820,576536
1687736820,576960
1687736820,587971
1687736820,592944
1687736820,602777
1687736820,609280
1687736820,621325
1687736820,626873
1687736820,628667
1687736820,637916
1687736820,649566
1687736820,653938
1687736820,655909
1687736820,656352
1687736820,660242
1687736820,664840
1687736820,669917
1687736820,670364
1687736820,680097
1687736820,683416
1687736820,690333
1687736820,691529
1687736821,349726
1687736821,351717
1687736821,352363
1687736821,353463
1687736821,359631
1687736821,362640
1687736821,362747
1687736821,371307
1687736821,371739
1687736821,372609
1687736821,375755
1687736821,376301
1687736821,386133
1687736821,395850
1687736821,399394
1687736821,407741
1687736821,411422
1687736821,432061
1687736821,436361
1687736821,449119
1687736821,456302
1687736821,461358
1687736821,462297
1687736821,480212
1687736821,491262
1687736821,496605
1687736821,511187
1687736821,537484
1687736821,552792
1687736821,553253
1687736821,559352
1687736821,563675
1687736821,571757
1687736821,582985
1687736821,591574
1687736821,593679
1687736821,596667
1687736821,613616
1687736821,617104
1687736821,632148
1687736821,644088
1687736821,644593
1687736821,648457
1687736821,649574
1687736821,655208
1687736821,661194
1687736821,662150
1687736821,672093
1687736821,676901
1687736821,680081
1687736821,682282
1687736821,683580
1687736822,333500
1687736822,335015
1687736822,342697
1687736822,347807
1687736822,355527
1687736822,364619
1687736822,367852
1687736822,370787
1687736822,381329
1687736822,384881
1687736822,395794
1687736822,396342
1687736822,397496
1687736822,421964
1687736822,451957
1687736822,454451
1687736822,455043
1687736822,481867
1687736822,486639
1687736822,494163
1687736822,496409
1687736822,503536
1687736822,520685
1687736822,522404
1687736822,529481
1687736822,546859
1687736822,561419
1687736822,561564
1687736822,587873
1687736822,589162
1687736822,592400
1687736822,599965
1687736822,607042
1687736822,613674
1687736822,622808
1687736822,624033
1687736822,640410
1687736822,641434
1687736822,643457
1687736822,657590
1687736822,665459
1687736822,665913
1687736822,667700
1687736822,668141
1687736822,670714
1687736822,675755
1687736822,692334
1687736823,341565
1687736823,350034
1687736823,354378
1687736823,356220
1687736823,359693
1687736823,359733
1687736823,359802
1687736823,365533
1687736823,371518
1687736823,372929
1687736823,379791
1687736823,386498
1687736823,392785
1687736823,394739
1687736823,403358
1687736823,419360
1687736823,427883
1687736823,433128
1687736823,439086
1687736823,448860
1687736823,449528
1687736823,453650
1687736823,476910
1687736823,478884
1687736823,485624
1687736823,486771
1687736823,493789
1687736823,504601
1687736823,512413
1687736823,535183
1687736823,539895
1687736823,557785
1687736823,559437
1687736823,561631
1687736823,577597
1687736823,592288
1687736823,599167
1687736823,603390
1687736823,611146
1687736823,613257
1687736823,622023
1687736823,627852
1687736823,632191
1687736823,644323
1687736823,651930
1687736823,657116
1687736823,660666
1687736823,662693
1687736823,663860
1687736823,665893
1687736823,668991
1687736823,671800
1687736823,681384
1687736823,689195
1687736823,690436
1687736824,335141
1687736824,340592
1687736824,341117
1687736824,345395
1687736824,349389
1687736824,362999
1687736824,367007
1687736824,370334
1687736824,376829
1687736824,381319
1687736824,382405
1687736824,384025
1687736824,386250
1687736824,395460
1687736824,400099
1687736824,400956
1687736824,406541
1687736824,407054
1687736824,414173
1687736824,425867
1687736824,426497
1687736824,427628
1687736824,443917
1687736824,457202
1687736824,469086
1687736824,473915
1687736824,476867
1687736824,509532
1687736824,513434
1687736824,519543
1687736824,519947
1687736824,529834
1687736824,532630
1687736824,537555
1687736824,543713
1687736824,548369
1687736824,564139
1687736824,568197
1687736824,582960
1687736824,584744
1687736824,597411
1687736824,621033
1687736824,624396
1687736824,644553
1687736824,646649
1687736824,651678
1687736824,652375
1687736824,661111
1687736824,663408
1687736824,672218
1687736824,672892
1687736824,673710
1687736824,676017
1687736824,686473
1687736824,688460
1687736825,336581
1687736825,347937
1687736825,349633
1687736825,355228
1687736825,369674
1687736825,371115
1687736825,373976
1687736825,380749
1687736825,392540
1687736825,405779
1687736825,409262
1687736825,427017
1687736825,444474
1687736825,450788
1687736825,452946
1687736825,459769
1687736825,469314
1687736825,476318
1687736825,501990
1687736825,513835
1687736825,514976
1687736825,535879
1687736825,538024
1687736825,547789
1687736825,548331
1687736825,549112
1687736825,566756
1687736825,577426
1687736825,580394
1687736825,600541
1687736825,602392
1687736825,610200
1687736825,612249
1687736825,614863
1687736825,615925
1687736825,622021
1687736825,626620
1687736825,631087
1687736825,638580
1687736825,641249
1687736825,654387
1687736825,655267
1687736825,655716
1687736825,663678
1687736825,664789
1687736825,666513
1687736825,689498
1687736825,692702
1687736826,330894
1687736826,337926
1687736826,344116
1687736826,350333
1687736826,358705
1687736826,362257
1687736826,363562
1687736826,369130
1687736826,369483
1687736826,372743
1687736826,375973
1687736826,386585
1687736826,390281
1687736826,396975
1687736826,404457
1687736826,406664
1687736826,406730
1687736826,406840
1687736826,428910
1687736826,432528
1687736826,434863
1687736826,449100
1687736826,467869
1687736826,480052
1687736826,496056
1687736826,496384
1687736826,502089
1687736826,511930
1687736826,529682
1687736826,543937
1687736826,555916
1687736826,556131
1687736826,560097
1687736826,571004
1687736826,572644
1687736826,577647
1687736826,595128
1687736826,603775
1687736826,607166
1687736826,607262
1687736826,635309
1687736826,638105
1687736826,638788
1687736826,646130
1687736826,648157
1687736826,648911
1687736826,657091
1687736826,659567
1687736826,670262
1687736826,670912
1687736826,679402
1687736826,680455
1687736826,682093
1687736826,686579
1687736827,337432
1687736827,346745
1687736827,359438
1687736827,360357
1687736827,360638
1687736827,363624
1687736827,366685
1687736827,367204
1687736827,371892
1687736827,383048
1687736827,386235
1687736827,390356
1687736827,424696
1687736827,430138
1687736827,438483
1687736827,443626
1687736827,454015
1687736827,465863
1687736827,488230
1687736827,504028
1687736827,512228
1687736827,527783
1687736827,530962
1687736827,541800
1687736827,553158
1687736827,554146
1687736827,563341
1687736827,586565
1687736827,589100
1687736827,603437
1687736827,604071
1687736827,623097
1687736827,630744
1687736827,636699
1687736827,640139
1687736827,656628
1687736827,658405
1687736827,662362
1687736827,663416
1687736827,667250
1687736827,668680
1687736827,674214
1687736827,684584
1687736827,691360
1687736828,333579
1687736828,345280
1687736828,346760
1687736828,350573
1687736828,361422
1687736828,362929
1687736828,371252
1687736828,375624
1687736828,380597
1687736828,384109
1687736828,393229
1687736828,393880
1687736828,399361
1687736828,414542
1687736828,415848
1687736828,424304
1687736828,425811
1687736828,452451
1687736828,456990
1687736828,471180
1687736828,485443
1687736828,485624
1687736828,491163
1687736828,511294
1687736828,518325
1687736828,527435
1687736828,528972
1687736828,537011
1687736828,556769
1687736828,577554
1687736828,584963
1687736828,591876
1687736828,591930
1687736828,614959
1687736828,615026
1687736828,631225
1687736828,633722
1687736828,647206
1687736828,658439
1687736828,658488
1687736828,661141
1687736828,663448
1687736828,663702
1687736828,665414
1687736828,677666
1687736828,684478
1687736828,692482
1687736829,340158
1687736829,350199
1687736829,359523
1687736829,361538
1687736829,365820
1687736829,369854
1687736829,371421
1687736829,374277
1687736829,383776
1687736829,384087
1687736829,398422
1687736829,413335
1687736829,414711
1687736829,416129
1687736829,420895
1687736829,427283
1687736829,442238
1687736829,452304
1687736829,455570
1687736829,462166
1687736829,474694
1687736829,482842
1687736829,487790
1687736829,516091
1687736829,525185
1687736829,529563
1687736829,550947
1687736829,560283
1687736829,570111
1687736829,580145
1687736829,580234
1687736829,594515
1687736829,611031
1687736829,614735
1687736829,617699
1687736829,622832
1687736829,626286
1687736829,639537
1687736829,647811
1687736829,649418
1687736829,652165
1687736829,669019
1687736829,672108
1687736829,672918
1687736829,675108
1687736829,685848
1687736829,686364
1687736830,333280
1687736830,348741
1687736830,349931
1687736830,355648
1687736830,359300
1687736830,359405
1687736830,361916
1687736830,363240
1687736830,366346
1687736830,368069
1687736830,375996
1687736830,376327
1687736830,395256
1687736830,396802
1687736830,400499
1687736830,400680
1687736830,402344
1687736830,409744
1687736830,437713
1687736830,441420
1687736830,448245
1687736830,450862
1687736830,457515
1687736830,460446
1687736830,477160
1687736830,488651
1687736830,490517
1687736830,490932
1687736830,502676
1687736830,506378
1687736830,515519
1687736830,546739
1687736830,548138
1687736830,551287
1687736830,553777
1687736830,568154
1687736830,587335
1687736830,589488
1687736830,595511
1687736830,604558
1687736830,609706
1687736830,633581
1687736830,641884
1687736830,644042
1687736830,649257
1687736830,651396
1687736830,665227
1687736830,667358
1687736830,668829
1687736830,670220
1687736830,677613
1687736830,680251
1687736830,693873
1687736831,340462
1687736831,344224
1687736831,355074
1687736831,363162
1687736831,364837
1687736831,372001
1687736831,373777
1687736831,377111
1687736831,377301
1687736831,380595
1687736831,384690
1687736831,390305
1687736831,396311
1687736831,416655
1687736831,431889
1687736831,433869
1687736831,438696
1687736831,445087
1687736831,468247
1687736831,482461
1687736831,501322
1687736831,506277
1687736831,510732
1687736831,513548
1687736831,533255
1687736831,535204
1687736831,543107
1687736831,552992
1687736831,562155
1687736831,572564
1687736831,596979
1687736831,600480
1687736831,606183
1687736831,607412
1687736831,618445
1687736831,627402
1687736831,628559
1687736831,629495
1687736831,633408
1687736831,656365
1687736831,660376
1687736831,660434
1687736831,666736
1687736831,672881
1687736831,674481
1687736831,684073
1687736832,334982
1687736832,343992
1687736832,344444
1687736832,345949
1687736832,355456
1687736832,355681
1687736832,361496
1687736832,366474
1687736832,367631
1687736832,372592
1687736832,383352
1687736832,389094
1687736832,389653
1687736832,395753
1687736832,413864
1687736832,425606
1687736832,426060
1687736832,427671
1687736832,466966
1687736832,468508
1687736832,472070
1687736832,477202
1687736832,492644
1687736832,498597
1687736832,501758
1687736832,524321
1687736832,533932
1687736832,536708
1687736832,543891
1687736832,564478
1687736832,570910
1687736832,573054
1687736832,573573
1687736832,583482
1687736832,588670
1687736832,597849
1687736832,608481
1687736832,609435
1687736832,611983
1687736832,623816
1687736832,628699
1687736832,628713
1687736832,630937
1687736832,648979
1687736832,655817
1687736832,664953
1687736832,669245
1687736832,671620
1687736832,676283
1687736832,686808
1687736832,686931
1687736832,689443
1687736833,352379
1687736833,356943
1687736833,361636
1687736833,369186
1687736833,371159
1687736833,372071
1687736833,372522
1687736833,373425
1687736833,373729
1687736833,384495
1687736833,396650
1687736833,404750
1687736833,408080
1687736833,408279
1687736833,413948
1687736833,425019
1687736833,435073
1687736833,458050
1687736833,460147
1687736833,474704
1687736833,474857
1687736833,493106
1687736833,506500
1687736833,507627
1687736833,519817
1687736833,526164
1687736833,528964
1687736833,535713
1687736833,535904
1687736833,574310
1687736833,579941
1687736833,612098
1687736833,613369
1687736833,614283
1687736833,622580
1687736833,626094
1687736833,635345
1687736833,638383
1687736833,643579
1687736833,646908
1687736833,651558
1687736833,657055
1687736833,658388
1687736833,661533
1687736833,662516
1687736833,664443
1687736833,670978
1687736833,680642
1687736833,683244
1687736833,683823
1687736834,334001
1687736834,344135
1687736834,350820
1687736834,357588
1687736834,362234
1687736834,370081
1687736834,370213
1687736834,372654
1687736834,374828
1687736834,379435
1687736834,382702
1687736834,385145
1687736834,390087
1687736834,391512
1687736834,401224
1687736834,405918
1687736834,421848
1687736834,424204
1687736834,437895
1687736834,443494
1687736834,443699
1687736834,453049
1687736834,456273
1687736834,497125
1687736834,498282
1687736834,502230
1687736834,505260
1687736834,519247
1687736834,530186
1687736834,548223
1687736834,560045
1687736834,560252
1687736834,560463
1687736834,564303
1687736834,601212
1687736834,607096
1687736834,611899
1687736834,642183
1687736834,642602
1687736834,649020
1687736834,654352
1687736834,657085
1687736834,669525
1687736834,671602
1687736834,673118
1687736834,677777
1687736834,685003
1687736834,687731
1687736835,343068
1687736835,359506
1687736835,363656
1687736835,363829
1687736835,364442
1687736835,364490
1687736835,366642
1687736835,383821
1687736835,386887
1687736835,396721
1687736835,397830
1687736835,414078
1687736835,433159
1687736835,445382
1687736835,447743
1687736835,451889
1687736835,456100
1687736835,484344
1687736835,492201
1687736835,492680
1687736835,517235
1687736835,540234
1687736835,554128
1687736835,556514
1687736835,556549
1687736835,568486
1687736835,585606
1687736835,589361
1687736835,594575
1687736835,598125
1687736835,601310
1687736835,620234
1687736835,631406
1687736835,633126
1687736835,640653
1687736835,641632
1687736835,656130
1687736835,659615
1687736835,662265
1687736835,665690
1687736835,667535
1687736835,671498
1687736836,331022
1687736836,343453
1687736836,344591
1687736836,349717
1687736836,361724
1687736836,364764
1687736836,367126
1687736836,373845
1687736836,377658
1687736836,384307
1687736836,386057
1687736836,406038
1687736836,417109
1687736836,419224
1687736836,419653
1687736836,427403
1687736836,448497
1687736836,468070
1687736836,472282
1687736836,475174
1687736836,484634
1687736836,517961
1687736836,521953
1687736836,522451
1687736836,535230
1687736836,552872
1687736836,574626
1687736836,577323
1687736836,583790
1687736836,587395
1687736836,596463
1687736836,614170
1687736836,619459
1687736836,619662
1687736836,625350
1687736836,635418
1687736836,636975
1687736836,641131
1687736836,659424
1687736836,664348
1687736836,673135
1687736836,687427
1687736836,691799
1687736837,336701
1687736837,352904
1687736837,359147
1687736837,363506
1687736837,369011
1687736837,371904
1687736837,376009
1687736837,377927
1687736837,379745
1687736837,385544
1687736837,394185
1687736837,399950
1687736837,406938
1687736837,417021
1687736837,421916
1687736837,432200
1687736837,435035
1687736837,459054
1687736837,466272
1687736837,480796
1687736837,486298
1687736837,486929
1687736837,510436
1687736837,512018
1687736837,512313
1687736837,520852
1687736837,533014
1687736837,534756
1687736837,541957
1687736837,566543
1687736837,574922
1687736837,588977
1687736837,591519
1687736837,615292
1687736837,615914
1687736837,620306
1687736837,647542
1687736837,653126
1687736837,653507
1687736837,664103
1687736837,667317
1687736837,667714
1687736837,672953
1687736837,681242
1687736837,681675
1687736837,693307
1687736838,336964
1687736838,341343
1687736838,345268
1687736838,345743
1687736838,354526
1687736838,360557
1687736838,367329
1687736838,367467
1687736838,368181
1687736838,371057
1687736838,386963
1687736838,397220
1687736838,399071
1687736838,402322
1687736838,404067
1687736838,429404
1687736838,437063
1687736838,442158
1687736838,452130
1687736838,475135
1687736838,488841
1687736838,496160
1687736838,498150
1687736838,507863
1687736838,540291
1687736838,541355
1687736838,547839
1687736838,556564
1687736838,573920
1687736838,578659
1687736838,600691
1687736838,602057
1687736838,607135
1687736838,610309
1687736838,612232
1687736838,613625
1687736838,628854
1687736838,632661
1687736838,643436
1687736838,644597
1687736838,650229
1687736838,657954
1687736838,662213
1687736838,665963
1687736838,668784
1687736838,669550
1687736838,675462
1687736838,687003
1687736839,340558
1687736839,344018
1687736839,351112
1687736839,351527
1687736839,357914
1687736839,363037
1687736839,365043
1687736839,366334
1687736839,367154
1687736839,368301
1687736839,370476
1687736839,372795
1687736839,377986
1687736839,383912
1687736839,385662
1687736839,389519
1687736839,394545
1687736839,395465
1687736839,414956
1687736839,420263
1687736839,429504
1687736839,435680
1687736839,440241
1687736839,444860
1687736839,464319
1687736839,468470
1687736839,482905
1687736839,507529
1687736839,507540
1687736839,510364
1687736839,522823
1687736839,529558
1687736839,540249
1687736839,544616
1687736839,550215
1687736839,564721
1687736839,569762
1687736839,586826
1687736839,591550
1687736839,603548
1687736839,612624
1687736839,615264
1687736839,618897
1687736839,633578
1687736839,633646
1687736839,641728
1687736839,645951
1687736839,650999
1687736839,659846
1687736839,661447
1687736839,661635
1687736839,665115
1687736839,669115
1687736839,679163
1687736839,687191
1687736839,689038
1687736839,690854
1687736840,332202
1687736840,334608
1687736840,352856
1687736840,353841
1687736840,366689
1687736840,374195
1687736840,380197
1687736840,380779
1687736840,382531
1687736840,387291
1687736840,394370
1687736840,403064
1687736840,410681
1687736840,411224
1687736840,412284
1687736840,413381
1687736840,419891
1687736840,420823
1687736840,461376
1687736840,463951
1687736840,466876
1687736840,475055
1687736840,481810
1687736840,499864
1687736840,501735
1687736840,509599
1687736840,521521
1687736840,524038
1687736840,531363
1687736840,563521
1687736840,567420
1687736840,574472
1687736840,579057
1687736840,589721
1687736840,594190
1687736840,601178
1687736840,610989
1687736840,619718
1687736840,628460
1687736840,629758
1687736840,636000
1687736840,652781
1687736840,657349
1687736840,657437
1687736840,663265
1687736840,670067
1687736840,672050
1687736840,681022
1687736840,683840
1687736840,691349
1687736841,336986
1687736841,342557
1687736841,348901
1687736841,353078
1687736841,360094
1687736841,362567
1687736841,363948
1687736841,369709
1687736841,370686
1687736841,371387
1687736841,372247
1687736841,375041
1687736841,376428
1687736841,384778
1687736841,397637
1687736841,409118
1687736841,413677
1687736841,430512
1687736841,434512
1687736841,451281
1687736841,458297
1687736841,459158
1687736841,459884
1687736841,482468
1687736841,489390
1687736841,494618
1687736841,513426
1687736841,524674
1687736841,534837
1687736841,535448
1687736841,548374
1687736841,550629
1687736841,555405
1687736841,557526
1687736841,565523
1687736841,569639
1687736841,584707
1687736841,589547
1687736841,594880
1687736841,614920
1687736841,615287
1687736841,618536
1687736841,630429
1687736841,643233
1687736841,645748
1687736841,648430
1687736841,649967
1687736841,650606
1687736841,654411
1687736841,661313
1687736841,668328
1687736841,676042
1687736841,678884
1687736841,683174
1687736841,683181
1687736842,333313
1687736842,334751
1687736842,348332
1687736842,353396
1687736842,354874
1687736842,360695
1687736842,363471
1687736842,368016
1687736842,371543
1687736842,373215
1687736842,382166
1687736842,383558
1687736842,385464
1687736842,394636
1687736842,397102
1687736842,397502
1687736842,399051
1687736842,419991
1687736842,443184
1687736842,449657
1687736842,456628
1687736842,456856
1687736842,457174
1687736842,483983
1687736842,484512
1687736842,492058
1687736842,498463
1687736842,505648
1687736842,518678
1687736842,527397
1687736842,544929
1687736842,559598
1687736842,561302
1687736842,563438
1687736842,585575
1687736842,590485
1687736842,591061
1687736842,598244
1687736842,608864
1687736842,622295
1687736842,623843
1687736842,633107
1687736842,633751
1687736842,639016
1687736842,642636
1687736842,644991
1687736842,655860
1687736842,666276
1687736842,666922
1687736842,667210
1687736842,670779
1687736842,676732
1687736842,692682
1687736843,342170
1687736843,349686
1687736843,349774
1687736843,355119
1687736843,356442
1687736843,358632
1687736843,360694
1687736843,365214
1687736843,370431
1687736843,378783
1687736843,388385
1687736843,391475
1687736843,395933
1687736843,401857
1687736843,417513
1687736843,429728
1687736843,435352
1687736843,436618
1687736843,447239
1687736843,447611
1687736843,455844
1687736843,471015
1687736843,476957
1687736843,478955
1687736843,484578
1687736843,487919
1687736843,496100
1687736843,502791
1687736843,510399
1687736843,537324
1687736843,541942
1687736843,550430
1687736843,556047
1687736843,563551
1687736843,575524
1687736843,594102
1687736843,600912
1687736843,601637
1687736843,609327
1687736843,611606
1687736843,620099
1687736843,629366
1687736843,633531
1687736843,650361
1687736843,656563
1687736843,660002
1687736843,662241
1687736843,670114
1687736843,671336
1687736843,673003
1687736843,681055
1687736843,688508
1687736843,690513
1687736844,335647
1687736844,339851
1687736844,340443
1687736844,345422
1687736844,350352
1687736844,352803
1687736844,362209
1687736844,366790
1687736844,382070
1687736844,382669
1687736844,383620
1687736844,387363
1687736844,398339
1687736844,403562
1687736844,405048
1687736844,409064
1687736844,412225
1687736844,427513
1687736844,429825
1687736844,441919
1687736844,459304
1687736844,466746
1687736844,474446
1687736844,475912
1687736844,507509
1687736844,517756
1687736844,521846
1687736844,532077
1687736844,539699
1687736844,546159
1687736844,566048
1687736844,566310
1687736844,581106
1687736844,586761
1687736844,598765
1687736844,601499
1687736844,619307
1687736844,626122
1687736844,628822
1687736844,645197
1687736844,646268
1687736844,651462
1687736844,652848
1687736844,661996
1687736844,664559
1687736844,672298
1687736844,672354
1687736844,673178
1687736844,675294
1687736844,686841
1687736844,688346
1687736845,336835
1687736845,348142
1687736845,350326
1687736845,354842
1687736845,355080
1687736845,369159
1687736845,371555
1687736845,372827
1687736845,373617
1687736845,381749
1687736845,391234
1687736845,407488
1687736845,407927
1687736845,425141
1687736845,442571
1687736845,448533
1687736845,454796
1687736845,461783
1687736845,471423
1687736845,474084
1687736845,503949
1687736845,511444
1687736845,517079
1687736845,533804
1687736845,538807
1687736845,545644
1687736845,547168
1687736845,568906
1687736845,575355
1687736845,579643
1687736845,582261
1687736845,609967
1687736845,611690
1687736845,612865
1687736845,616924
1687736845,623625
1687736845,625262
1687736845,629616
1687736845,636954
1687736845,637516
1687736845,639769
1687736845,650268
1687736845,655173
1687736845,656658
1687736845,656950
1687736845,663665
1687736845,664418
1687736845,665508
1687736845,685135
1687736845,689734
1687736845,692588
1687736846,330982
1687736846,338717
1687736846,343803
1687736846,349307
1687736846,359874
1687736846,361082
1687736846,364156
1687736846,368574
1687736846,370381
1687736846,372908
1687736846,374510
1687736846,385644
1687736846,388464
1687736846,399086
1687736846,402760
1687736846,405638
1687736846,408023
1687736846,408445
1687736846,426801
1687736846,434461
1687736846,451063
1687736846,465887
1687736846,466325
1687736846,494186
1687736846,498309
1687736846,500099
1687736846,504413
1687736846,514164
1687736846,527668
1687736846,540273
1687736846,541702
1687736846,553736
1687736846,558421
1687736846,562318
1687736846,565420
1687736846,568832
1687736846,570260
1687736846,593253
1687736846,605249
1687736846,605638
1687736846,608737
1687736846,628705
1687736846,636281
1687736846,640193
1687736846,646943
1687736846,647588
1687736846,655935
1687736846,658879
1687736846,670647
1687736846,671420
1687736846,680474
1687736846,681276
1687736846,681596
1687736846,685188
1687736846,685895
1687736847,336804
1687736847,344395
1687736847,346870
1687736847,359436
1687736847,359782
1687736847,360849
1687736847,364067
1687736847,365314
1687736847,367195
1687736847,372806
1687736847,381725
1687736847,388063
1687736847,391221
1687736847,394539
1687736847,397654
1687736847,423021
1687736847,432075
1687736847,440272
1687736847,446018
1687736847,451736
1687736847,455193
1687736847,463808
1687736847,481937
1687736847,490532
1687736847,497768
1687736847,501901
1687736847,514337
1687736847,525932
1687736847,531938
1687736847,533320
1687736847,543888
1687736847,550352
1687736847,552033
1687736847,555302
1687736847,561296
1687736847,588643
1687736847,590801
1687736847,594874
1687736847,598784
1687736847,601266
1687736847,605278
1687736847,621415
1687736847,632381
1687736847,638308
1687736847,638934
1687736847,655329
1687736847,656581
1687736847,659288
1687736847,664157
1687736847,666529
1687736847,668214
1687736847,669705
1687736847,673198
1687736847,691686
1687736848,332532
1687736848,333696
1687736848,338286
1687736848,344792
1687736848,346734
1687736848,349684
1687736848,352679
1687736848,361677
1687736848,362322
1687736848,367114
1687736848,371831
1687736848,376912
1687736848,379465
1687736848,385650
1687736848,392546
1687736848,394567
1687736848,405100
1687736848,412467
1687736848,417396
1687736848,422490
1687736848,427992
1687736848,450508
1687736848,473283
1687736848,487737
1687736848,487753
1687736848,489209
1687736848,513460
1687736848,516361
1687736848,516470
1687736848,522848
1687736848,527043
1687736848,529630
1687736848,554519
1687736848,579801
1687736848,586645
1687736848,589852
1687736848,593516
1687736848,598301
1687736848,613516
1687736848,616714
1687736848,631790
1687736848,632344
1687736848,653249
1687736848,657036
1687736848,657622
1687736848,662160
1687736848,664829
1687736848,665004
1687736848,665127
1687736848,672362
1687736848,678162
1687736848,684681
1687736848,692142
1687736849,340127
1687736849,351069
1687736849,360027
1687736849,361720
1687736849,369421
1687736849,372061
1687736849,373249
1687736849,382622
1687736849,384363
1687736849,397010
1687736849,414627
1687736849,416952
1687736849,417998
1687736849,419139
1687736849,425747
1687736849,440522
1687736849,449942
1687736849,450279
1687736849,457588
1687736849,464055
1687736849,472554
1687736849,480742
1687736849,485689
1687736849,518251
1687736849,531651
1687736849,545046
1687736849,548940
1687736849,562482
1687736849,571907
1687736849,578004
1687736849,578257
1687736849,592531
1687736849,612674
1687736849,615893
1687736849,619259
1687736849,624283
1687736849,624353
1687736849,635241
1687736849,638259
1687736849,648207
1687736849,649274
1687736849,650712
1687736849,651224
1687736849,668618
1687736849,670993
1687736849,673052
1687736849,674350
1687736849,685891
1687736849,686578
1687736850,331070
1687736850,332845
1687736850,349160
1687736850,349378
1687736850,354359
1687736850,354432
1687736850,359675
1687736850,361710
1687736850,363720
1687736850,364942
1687736850,374937
1687736850,376716
1687736850,393925
1687736850,398198
1687736850,401978
1687736850,402136
1687736850,408154
1687736850,435584
1687736850,446374
1687736850,452681
1687736850,457967
1687736850,459796
1687736850,462612
1687736850,475291
1687736850,486516
1687736850,492522
1687736850,492967
1687736850,504965
1687736850,508409
1687736850,513410
1687736850,515489
1687736850,544898
1687736850,549293
1687736850,556118
1687736850,562055
1687736850,570304
1687736850,585569
1687736850,587382
1687736850,597274
1687736850,606349
1687736850,607636
1687736850,632240
1687736850,643417
1687736850,645444
1687736850,647502
1687736850,665432
1687736850,667871
1687736850,671394
1687736850,678294
1687736850,679896
1687736850,693896
1687736851,341152
1687736851,343645
1687736851,354293
1687736851,363855
1687736851,364554
1687736851,370639
1687736851,372431
1687736851,372770
1687736851,376144
1687736851,377761
1687736851,378971
1687736851,385731
1687736851,392132
1687736851,397883
1687736851,400262
1687736851,415070
1687736851,433859
1687736851,436137
1687736851,440729
1687736851,443219
1687736851,466129
1687736851,484535
1687736851,496521
1687736851,503621
1687736851,504591
1687736851,506454
1687736851,511323
1687736851,533593
1687736851,535525
1687736851,545202
1687736851,550963
1687736851,564078
1687736851,570570
1687736851,598778
1687736851,601805
1687736851,602412
1687736851,604463
1687736851,605739
1687736851,610514
1687736851,616573
1687736851,620483
1687736851,629710
1687736851,630774
1687736851,635036
1687736851,655445
1687736851,655806
1687736851,659756
1687736851,661131
1687736851,667302
1687736851,673999
1687736851,674408
1687736851,683227
1687736851,686608
1687736852,335030
1687736852,343122
1687736852,344775
1687736852,346836
1687736852,356058
1687736852,356382
1687736852,360752
1687736852,366313
1687736852,372397
1687736852,384739
1687736852,387935
1687736852,390193
1687736852,394465
1687736852,412081
1687736852,416038
1687736852,425739
1687736852,427798
1687736852,428193
1687736852,464836
1687736852,469720
1687736852,470593
1687736852,479324
1687736852,499639
1687736852,508669
1687736852,526429
1687736852,545964
1687736852,568780
1687736852,570869
1687736852,575678
1687736852,585332
1687736852,590636
1687736852,595943
1687736852,600399
1687736852,607722
1687736852,622238
1687736852,629313
1687736852,630073
1687736852,630157
1687736852,643007
1687736852,647950
1687736852,657108
1687736852,665990
1687736852,667818
1687736852,671518
1687736852,675813
1687736852,687456
1687736852,690074
1687736853,345464
1687736853,351446
1687736853,353769
1687736853,362179
1687736853,368522
1687736853,372208
1687736853,372563
1687736853,374386
1687736853,374966
1687736853,383234
1687736853,403463
1687736853,409833
1687736853,410083
1687736853,423191
1687736853,433362
1687736853,459992
1687736853,462023
1687736853,472344
1687736853,476833
1687736853,509777
1687736853,521915
1687736853,524168
1687736853,526926
1687736853,533634
1687736853,537975
1687736853,566361
1687736853,572158
1687736853,581797
1687736853,613787
1687736853,614844
1687736853,615296
1687736853,621186
1687736853,633974
1687736853,636596
1687736853,644796
1687736853,645578
1687736853,652877
1687736853,657570
1687736853,658192
1687736853,660452
1687736853,661247
1687736853,662548
1687736853,663872
1687736853,671441
1687736853,681701
1687736853,682354
1687736853,683789
1687736854,334512
1687736854,336666
1687736854,343901
1687736854,350904
1687736854,356594
1687736854,362925
1687736854,367488
1687736854,370910
1687736854,372095
1687736854,373522
1687736854,383258
1687736854,383569
1687736854,391956
1687736854,393488
1687736854,399883
1687736854,407677
1687736854,419888
1687736854,422585
1687736854,436386
1687736854,445114
1687736854,445688
1687736854,453907
1687736854,455052
1687736854,490333
1687736854,490943
1687736854,496022
1687736854,504282
1687736854,507368
1687736854,528131
1687736854,545907
1687736854,550621
1687736854,552057
1687736854,558343
1687736854,558408
1687736854,562259
1687736854,566380
1687736854,596683
1687736854,599591
1687736854,609064
1687736854,624211
1687736854,641138
1687736854,643926
1687736854,650298
1687736854,655618
1687736854,669856
1687736854,670598
1687736854,674088
1687736854,677344
1687736854,685107
1687736854,687846
1687736855,343583
1687736855,359560
1687736855,362602
1687736855,363821
1687736855,364251
1687736855,364967
1687736855,366794
1687736855,378450
1687736855,383115
1687736855,384970
1687736855,388575
1687736855,396352
1687736855,397539
1687736855,412410
1687736855,421166
1687736855,435218
1687736855,443517
1687736855,449859
1687736855,454372
1687736855,454655
1687736855,486320
1687736855,494590
1687736855,494935
1687736855,515316
1687736855,539454
1687736855,542361
1687736855,554276
1687736855,558455
1687736855,566560
1687736855,583677
1687736855,591333
1687736855,596207
1687736855,599433
1687736855,599506
1687736855,618495
1687736855,632860
1687736855,634110
1687736855,635154
1687736855,640524
1687736855,642020
1687736855,654950
1687736855,655193
1687736855,658908
1687736855,663287
1687736855,665438
1687736855,668460
1687736855,671162
1687736855,688933
1687736856,331000
1687736856,342775
1687736856,344707
1687736856,349087
1687736856,350632
1687736856,362572
1687736856,366109
1687736856,366164
1687736856,374867
1687736856,378130
1687736856,384355
1687736856,417881
1687736856,418754
1687736856,429430
1687736856,446671
1687736856,468880
1687736856,470086
1687736856,474426
1687736856,477439
1687736856,482270
1687736856,515962
1687736856,519919
1687736856,524722
1687736856,537349
1687736856,551111
1687736856,568660
1687736856,575169
1687736856,576388
1687736856,585295
1687736856,585883
1687736856,597980
1687736856,612676
1687736856,617749
1687736856,626825
1687736856,635431
1687736856,636696
1687736856,639774
1687736856,658540
1687736856,663256
1687736856,665262
1687736856,666408
1687736856,671959
1687736856,673036
1687736856,687844
1687736856,691256
1687736857,336822
1687736857,353325
1687736857,353535
1687736857,358858
1687736857,363451
1687736857,368827
1687736857,372839
1687736857,376614
1687736857,376909
1687736857,378195
1687736857,386197
1687736857,392685
1687736857,401434
1687736857,408803
1687736857,415326
1687736857,424352
1687736857,433018
1687736857,461062
1687736857,468353
1687736857,478685
1687736857,484202
1687736857,484837
1687736857,508392
1687736857,514259
1687736857,514348
1687736857,536822
1687736857,540220
1687736857,576960
1687736857,586870
1687736857,589321
1687736857,616865
1687736857,617084
1687736857,618629
1687736857,631137
1687736857,648768
1687736857,652800
1687736857,654483
1687736857,664279
1687736857,666718
1687736857,667240
1687736857,672981
1687736857,681939
1687736857,693291
1687736858,336458
1687736858,342074
1687736858,345473
1687736858,346249
1687736858,353545
1687736858,355824
1687736858,360252
1687736858,367829
1687736858,368141
1687736858,370533
1687736858,385466
1687736858,396064
1687736858,397671
1687736858,403395
1687736858,405867
1687736858,427502
1687736858,428883
1687736858,434678
1687736858,435148
1687736858,440135
1687736858,454162
1687736858,473173
1687736858,490904
1687736858,496106
1687736858,498177
1687736858,510074
1687736858,538287
1687736858,543312
1687736858,545864
1687736858,558625
1687736858,575816
1687736858,576823
1687736858,598844
1687736858,603715
1687736858,608368
1687736858,608613
1687736858,610565
1687736858,615610
1687736858,634297
1687736858,641572
1687736858,646063
1687736858,651317
1687736858,656805
1687736858,661396
1687736858,665369
1687736858,669088
1687736858,670647
1687736858,676686
1687736858,680846
1687736858,684465
1687736858,686809
1687736859,340111
1687736859,345813
1687736859,350066
1687736859,351160
1687736859,358871
1687736859,365738
1687736859,366173
1687736859,367005
1687736859,367597
1687736859,371348
1687736859,371512
1687736859,378453
1687736859,385555
1687736859,386680
1687736859,388490
1687736859,394083
1687736859,396662
1687736859,413417
1687736859,418182
1687736859,431233
1687736859,437677
1687736859,442452
1687736859,446854
1687736859,461866
1687736859,485239
1687736859,505628
1687736859,508078
1687736859,509746
1687736859,520942
1687736859,527466
1687736859,542522
1687736859,542617
1687736859,552345
1687736859,562417
1687736859,588714
1687736859,593482
1687736859,604756
1687736859,610710
1687736859,616463
1687736859,617300
1687736859,632127
1687736859,635219
1687736859,640377
1687736859,644845
1687736859,649631
1687736859,660523
1687736859,665546
1687736859,669532
1687736859,671917
1687736859,678352
1687736860,332579
1687736860,334761
1687736860,365668
1687736860,375519
1687736860,379191
1687736860,384039
1687736860,389507
1687736860,395125
1687736860,401345
1687736860,409032
1687736860,410244
1687736860,415130
1687736860,418751
1687736860,422069
1687736860,433084
1687736860,459062
1687736860,464687
1687736860,465640
1687736860,476971
1687736860,483993
1687736860,497663
1687736860,503897
1687736860,519487
1687736860,521471
1687736860,526353
1687736860,533373
1687736860,561182
1687736860,569378
1687736860,572413
1687736860,581162
1687736860,591449
1687736860,595378
1687736860,599587
1687736860,618154
1687736860,619972
1687736860,630037
1687736860,630906
1687736860,634097
1687736860,647262
1687736860,651635
1687736860,658494
1687736860,658732
1687736860,661659
1687736860,663015
1687736860,669753
1687736860,684024
1687736860,684224
1687736860,691157
1687736860,691286
1687736861,334536
1687736861,348116
1687736861,352694
1687736861,353675
1687736861,360541
1687736861,365186
1687736861,369260
1687736861,370095
1687736861,370122
1687736861,372760
1687736861,373851
1687736861,377138
1687736861,383449
1687736861,410567
1687736861,415990
1687736861,428947
1687736861,432703
1687736861,453464
1687736861,456989
1687736861,457453
1687736861,460326
1687736861,484707
1687736861,487492
1687736861,515674
1687736861,526917
1687736861,532644
1687736861,533335
1687736861,548479
1687736861,552572
1687736861,555697
1687736861,557578
1687736861,567330
1687736861,586407
1687736861,587475
1687736861,613273
1687736861,616189
1687736861,616943
1687736861,628680
1687736861,637596
1687736861,642335
1687736861,646864
1687736861,651441
1687736861,651591
1687736861,653605
1687736861,660431
1687736861,672589
1687736861,677639
1687736861,682725
1687736862,333134
1687736862,342448
1687736862,348908
1687736862,354231
1687736862,354466
1687736862,361732
1687736862,362361
1687736862,368175
1687736862,372328
1687736862,382248
1687736862,383070
1687736862,384410
1687736862,393434
1687736862,398430
1687736862,400633
1687736862,418000
1687736862,444947
1687736862,447355
1687736862,449973
1687736862,458804
1687736862,459302
1687736862,482362
1687736862,489928
1687736862,494979
1687736862,500523
1687736862,507755
1687736862,525281
1687736862,542985
1687736862,557646
1687736862,563135
1687736862,565429
1687736862,583266
1687736862,588519
1687736862,596492
1687736862,610642
1687736862,620582
1687736862,624901
1687736862,643817
1687736862,646552
1687736862,648213
1687736862,654126
1687736862,666125
1687736862,667038
1687736862,668504
1687736862,670828
1687736862,677677
1687736862,693003
1687736863,342853
1687736863,349349
1687736863,355885
1687736863,356676
1687736863,357468
1687736863,361626
1687736863,369371
1687736863,373503
1687736863,377842
1687736863,390122
1687736863,390331
1687736863,395090
1687736863,397125
1687736863,400371
1687736863,431548
1687736863,434169
1687736863,437572
1687736863,445688
1687736863,445739
1687736863,458058
1687736863,474992
1687736863,481000
1687736863,482380
1687736863,490169
1687736863,498397
1687736863,500937
1687736863,508394
1687736863,543938
1687736863,554304
1687736863,565464
1687736863,573462
1687736863,595825
1687736863,599886
1687736863,602621
1687736863,607461
1687736863,609899
1687736863,621090
1687736863,630880
1687736863,634846
1687736863,648757
1687736863,655983
1687736863,659297
1687736863,661745
1687736863,662800
1687736863,670811
1687736863,671241
1687736863,687795
1687736863,690571
1687736864,336227
1687736864,339179
1687736864,339806
1687736864,345519
1687736864,351304
1687736864,359636
1687736864,361421
1687736864,366598
1687736864,370944
1687736864,381280
1687736864,382864
1687736864,384851
1687736864,396574
1687736864,403551
1687736864,406187
1687736864,410288
1687736864,429173
1687736864,431258
1687736864,432010
1687736864,439913
1687736864,461418
1687736864,464390
1687736864,472014
1687736864,477922
1687736864,505470
1687736864,515504
1687736864,517512
1687736864,524161
1687736864,534320
1687736864,541810
1687736864,543963
1687736864,552567
1687736864,563895
1687736864,568456
1687736864,579271
1687736864,588769
1687736864,600048
1687736864,613154
1687736864,617598
1687736864,630218
1687736864,643654
1687736864,649708
1687736864,650489
1687736864,653963
1687736864,655958
1687736864,665685
1687736864,671001
1687736864,672374
1687736864,673443
1687736864,674598
1687736864,687180
1687736864,688163
1687736865,337125
1687736865,348412
1687736865,351037
1687736865,354050
1687736865,354984
1687736865,366832
1687736865,370311
1687736865,371647
1687736865,371949
1687736865,374728
1687736865,382792
1687736865,389944
1687736865,406597
1687736865,409219
1687736865,410221
1687736865,423263
1687736865,440673
1687736865,446291
1687736865,456644
1687736865,463799
1687736865,468431
1687736865,471857
1687736865,473541
1687736865,505960
1687736865,509040
1687736865,519197
1687736865,531734
1687736865,540892
1687736865,542520
1687736865,543484
1687736865,545219
1687736865,567867
1687736865,571029
1687736865,573309
1687736865,581596
1687736865,584107
1687736865,598392
1687736865,602466
1687736865,610862
1687736865,611463
1687736865,617914
1687736865,623863
1687736865,625209
1687736865,628119
1687736865,636384
1687736865,638296
1687736865,641424
1687736865,657984
1687736865,658140
1687736865,663642
1687736865,664036
1687736865,664425
1687736865,689889
1687736865,692427
1687736866,331088
1687736866,339568
1687736866,343563
1687736866,348297
1687736866,359907
1687736866,361068
1687736866,364750
1687736866,368052
1687736866,371316
1687736866,373038
1687736866,373111
1687736866,384685
1687736866,386666
1687736866,401050
1687736866,401287
1687736866,404441
1687736866,409300
1687736866,411112
1687736866,424725
1687736866,431318
1687736866,436402
1687736866,453019
1687736866,463895
1687736866,492337
1687736866,498109
1687736866,500288
1687736866,502291
1687736866,516413
1687736866,525658
1687736866,539417
1687736866,551580
1687736866,560658
1687736866,564511
1687736866,566653
1687736866,566993
1687736866,591317
1687736866,603281
1687736866,607450
1687736866,610227
1687736866,634388
1687736866,638564
1687736866,641590
1687736866,645722
1687736866,649051
1687736866,651578
1687736866,654694
1687736866,658181
1687736866,660100
1687736866,670974
1687736866,681109
1687736866,681517
1687736866,682041
1687736866,685132
1687736866,685786
1687736867,336219
1687736867,344787
1687736867,347020
1687736867,358971
1687736867,361326
1687736867,363972
1687736867,364556
1687736867,367224
1687736867,373744
1687736867,378372
1687736867,380429
1687736867,389886
1687736867,392132
1687736867,392963
1687736867,404298
1687736867,421454
1687736867,434081
1687736867,442058
1687736867,448382
1687736867,449445
1687736867,453413
1687736867,461762
1687736867,483810
1687736867,492824
1687736867,496014
1687736867,499737
1687736867,516455
1687736867,518673
1687736867,524072
1687736867,529936
1687736867,535731
1687736867,545999
1687736867,549938
1687736867,557403
1687736867,559270
1687736867,567535
1687736867,590670
1687736867,592484
1687736867,592882
1687736867,599104
1687736867,606471
1687736867,619753
1687736867,630035
1687736867,633993
1687736867,637729
1687736867,639895
1687736867,654004
1687736867,656072
1687736867,660075
1687736867,664846
1687736867,665764
1687736867,667750
1687736867,669441
1687736867,672184
1687736868,332160
1687736868,333811
1687736868,338632
1687736868,344318
1687736868,346737
1687736868,348817
1687736868,360411
1687736868,363180
1687736868,368481
1687736868,372413
1687736868,378239
1687736868,387258
1687736868,391255
1687736868,395929
1687736868,407562
1687736868,410404
1687736868,418973
1687736868,420657
1687736868,430148
1687736868,448236
1687736868,448515
1687736868,475409
1687736868,487204
1687736868,489934
1687736868,490051
1687736868,514430
1687736868,515654
1687736868,518660
1687736868,525117
1687736868,531825
1687736868,552273
1687736868,582038
1687736868,587776
1687736868,588275
1687736868,595134
1687736868,599370
1687736868,612061
1687736868,618404
1687736868,629809
1687736868,633498
1687736868,653837
1687736868,655563
1687736868,656756
1687736868,663138
1687736868,664816
1687736868,666207
1687736868,666320
1687736868,678641
1687736868,691754
1687736869,340172
1687736869,351930
1687736869,360543
1687736869,361879
1687736869,369017
1687736869,372210
1687736869,372745
1687736869,381158
1687736869,384940
1687736869,395642
1687736869,415921
1687736869,417418
1687736869,419247
1687736869,424276
1687736869,438836
1687736869,447753
1687736869,459535
1687736869,465978
1687736869,478635
1687736869,483577
1687736869,520551
1687736869,533710
1687736869,543167
1687736869,546961
1687736869,564608
1687736869,572447
1687736869,573704
1687736869,575850
1687736869,576232
1687736869,590495
1687736869,614293
1687736869,617041
1687736869,620823
1687736869,622416
1687736869,625710
1687736869,634080
1687736869,636941
1687736869,649189
1687736869,650331
1687736869,650743
1687736869,651996
1687736869,668230
1687736869,669851
1687736869,673126
1687736869,673536
1687736869,685358
1687736869,687249
1687736869,693873
1687736870,331146
1687736870,332490
1687736870,348414
1687736870,350050
1687736870,352760
1687736870,353500
1687736870,355590
1687736870,359979
1687736870,361245
1687736870,361562
1687736870,363546
1687736870,364239
1687736870,373553
1687736870,377493
1687736870,392616
1687736870,399652
1687736870,403276
1687736870,403824
1687736870,406612
1687736870,419847
1687736870,433453
1687736870,444540
1687736870,454498
1687736870,459957
1687736870,462044
1687736870,464855
1687736870,473460
1687736870,484360
1687736870,494556
1687736870,495010
1687736870,507246
1687736870,509014
1687736870,510480
1687736870,511306
1687736870,543029
1687736870,547336
1687736870,558450
1687736870,563788
1687736870,583807
1687736870,585200
1687736870,599020
1687736870,605573
1687736870,608123
1687736870,627831
1687736870,630871
1687736870,644996
1687736870,645708
1687736870,646812
1687736870,648018
1687736870,665571
1687736870,666051
1687736870,666850
1687736870,672565
1687736870,678919
1687736870,679557
1687736870,688813
1687736871,341849
1687736871,343102
1687736871,355996
1687736871,364265
1687736871,364556
1687736871,371792
1687736871,372208
1687736871,372854
1687736871,375245
1687736871,377345
1687736871,378244
1687736871,386778
1687736871,393989
1687736871,397146
1687736871,398197
1687736871,413452
1687736871,435812
1687736871,438407
1687736871,441402
1687736871,442771
1687736871,463986
1687736871,486589
1687736871,502848
1687736871,504637
1687736871,537849
1687736871,547322
1687736871,548936
1687736871,565963
1687736871,568595
1687736871,600484
1687736871,600584
1687736871,602674
1687736871,603062
1687736871,604002
1687736871,609049
1687736871,614642
1687736871,621662
1687736871,630854
1687736871,632023
1687736871,636621
1687736871,654548
1687736871,655338
1687736871,659109
1687736871,661768
1687736871,667839
1687736871,674275
1687736871,675091
1687736871,682349
1687736872,335126
1687736872,335482
1687736872,338305
1687736872,342282
1687736872,345176
1687736872,347752
1687736872,356656
1687736872,360017
1687736872,365015
1687736872,386148
1687736872,386807
1687736872,390586
1687736872,390796
1687736872,393223
1687736872,410349
1687736872,418116
1687736872,423894
1687736872,429614
1687736872,430776
1687736872,462636
1687736872,467372
1687736872,472651
1687736872,481429
1687736872,494436
1687736872,497513
1687736872,501663
1687736872,505950
1687736872,506608
1687736872,528592
1687736872,531986
1687736872,548065
1687736872,566672
1687736872,568236
1687736872,568712
1687736872,587182
1687736872,592594
1687736872,594035
1687736872,605993
1687736872,620652
1687736872,627659
1687736872,631478
1687736872,631563
1687736872,646928
1687736872,647024
1687736872,658363
1687736872,666354
1687736872,667038
1687736872,671377
1687736872,675353
1687736872,683692
1687736872,686424
1687736872,687947
1687736872,690649
1687736873,350515
1687736873,354695
1687736873,362751
1687736873,367882
1687736873,373063
1687736873,373322
1687736873,375334
1687736873,376244
1687736873,381993
1687736873,402124
1687736873,412105
1687736873,421365
1687736873,431626
1687736873,461851
1687736873,461911
1687736873,463959
1687736873,469835
1687736873,478986
1687736873,488008
1687736873,511937
1687736873,522201
1687736873,523679
1687736873,524012
1687736873,524868
1687736873,531544
1687736873,540082
1687736873,558130
1687736873,570031
1687736873,583631
1687736873,592102
1687736873,615435
1687736873,616330
1687736873,616331
1687736873,619784
1687736873,632560
1687736873,634770
1687736873,643366
1687736873,644215
1687736873,646015
1687736873,654123
1687736873,656731
1687736873,659279
1687736873,659358
1687736873,662510
1687736873,663338
1687736873,671870
1687736873,681426
1687736873,682736
1687736874,329823
1687736874,335087
1687736874,336319
1687736874,345891
1687736874,351008
1687736874,353219
1687736874,355612
1687736874,359462
1687736874,363615
1687736874,371552
1687736874,371743
1687736874,372225
1687736874,372794
1687736874,382016
1687736874,383811
1687736874,393837
1687736874,395543
1687736874,396010
1687736874,398562
1687736874,399439
1687736874,409474
1687736874,417948
1687736874,421000
1687736874,433612
1687736874,434896
1687736874,446723
1687736874,447661
1687736874,451526
1687736874,452664
1687736874,457055
1687736874,488712
1687736874,492802
1687736874,493753
1687736874,506325
1687736874,509504
1687736874,526052
1687736874,527138
1687736874,541627
1687736874,543578
1687736874,549965
1687736874,552841
1687736874,556231
1687736874,556758
1687736874,564312
1687736874,568451
1687736874,594573
1687736874,597861
1687736874,610982
1687736874,614642
1687736874,622301
1687736874,639399
1687736874,639669
1687736874,643372
1687736874,645643
1687736874,651597
1687736874,654126
1687736874,669575
1687736874,675016
1687736874,676864
1687736874,687913
1687736875,344136
1687736875,346344
1687736875,359640
1687736875,361355
1687736875,363166
1687736875,364872
1687736875,365518
1687736875,377493
1687736875,386150
1687736875,390323
1687736875,394892
1687736875,398393
1687736875,410748
1687736875,423157
1687736875,437249
1687736875,441674
1687736875,447848
1687736875,452190
1687736875,452499
1687736875,488344
1687736875,496996
1687736875,497189
1687736875,513369
1687736875,541535
1687736875,544512
1687736875,551991
1687736875,560356
1687736875,564666
1687736875,581720
1687736875,587983
1687736875,593229
1687736875,597662
1687736875,597802
1687736875,600737
1687736875,611429
1687736875,616756
1687736875,619541
1687736875,634270
1687736875,635031
1687736875,636521
1687736875,653749
1687736875,656016
1687736875,656295
1687736875,658178
1687736875,664290
1687736875,665093
1687736875,669368
1687736875,670795
1687736875,684808
1687736876,331001
1687736876,332454
1687736876,342131
1687736876,344880
1687736876,348499
1687736876,351458
1687736876,363399
1687736876,363690
1687736876,365115
1687736876,366995
1687736876,367606
1687736876,375927
1687736876,378611
1687736876,381904
1687736876,382721
1687736876,402543
1687736876,416118
1687736876,420459
1687736876,424192
1687736876,431473
1687736876,444810
1687736876,466748
1687736876,466899
1687736876,472106
1687736876,476528
1687736876,479745
1687736876,479921
1687736876,513935
1687736876,516364
1687736876,516480
1687736876,517869
1687736876,527014
1687736876,539503
1687736876,549305
1687736876,573064
1687736876,578107
1687736876,583184
1687736876,599393
1687736876,611160
1687736876,615857
1687736876,616997
1687736876,622761
1687736876,628325
1687736876,633888
1687736876,637979
1687736876,638416
1687736876,657600
1687736876,664300
1687736876,666140
1687736876,670746
1687736876,673044
1687736876,688233
1687736876,690666
1687736877,337000
1687736877,353833
1687736877,354270
1687736877,358606
1687736877,358777
1687736877,363462
1687736877,368685
1687736877,373841
1687736877,375941
1687736877,376649
1687736877,377234
1687736877,386860
1687736877,391237
1687736877,402973
1687736877,410700
1687736877,413666
1687736877,426766
1687736877,431036
1687736877,463082
1687736877,470397
1687736877,476568
1687736877,482142
1687736877,482707
1687736877,506355
1687736877,516455
1687736877,538513
1687736877,538804
1687736877,569050
1687736877,570762
1687736877,578973
1687736877,584749
1687736877,587087
1687736877,618263
1687736877,618448
1687736877,629592
1687736877,650019
1687736877,652053
1687736877,655860
1687736877,664405
1687736877,665523
1687736877,666783
1687736877,672992
1687736877,682581
1687736877,691936
1687736877,693251
1687736878,335987
1687736878,342809
1687736878,343693
1687736878,345228
1687736878,347255
1687736878,352579
1687736878,368228
1687736878,368945
1687736878,370098
1687736878,383378
1687736878,384024
1687736878,394925
1687736878,396314
1687736878,404516
1687736878,407700
1687736878,425616
1687736878,433260
1687736878,437120
1687736878,438192
1687736878,456157
1687736878,471218
1687736878,492976
1687736878,494010
1687736878,500205
1687736878,512320
1687736878,536284
1687736878,543858
1687736878,545257
1687736878,560694
1687736878,574948
1687736878,577691
1687736878,596988
1687736878,605398
1687736878,606419
1687736878,608861
1687736878,610067
1687736878,615693
1687736878,617557
1687736878,635491
1687736878,639689
1687736878,647570
1687736878,652396
1687736878,655630
1687736878,664720
1687736878,669381
1687736878,677904
1687736878,683766
1687736878,686526
1687736879,339703
1687736879,346184
1687736879,349041
1687736879,350816
1687736879,366009
1687736879,366388
1687736879,366871
1687736879,366882
1687736879,370237
1687736879,372195
1687736879,378960
1687736879,387251
1687736879,387518
1687736879,387737
1687736879,392719
1687736879,398831
1687736879,411858
1687736879,416095
1687736879,432958
1687736879,439658
1687736879,444657
1687736879,448835
1687736879,459408
1687736879,487589
1687736879,503771
1687736879,505777
1687736879,519004
1687736879,540621
1687736879,544756
1687736879,554452
1687736879,554673
1687736879,560121
1687736879,577732
1687736879,590592
1687736879,595378
1687736879,605867
1687736879,608777
1687736879,617667
1687736879,630556
1687736879,636850
1687736879,638921
1687736879,643748
1687736879,648241
1687736879,661123
1687736879,661300
1687736879,665933
1687736879,669925
1687736879,671755
1687736879,677496
1687736879,691671
1687736880,332998
1687736880,334964
1687736880,352623
1687736880,355829
1687736880,359791
1687736880,364664
1687736880,376907
1687736880,378235
1687736880,385557
1687736880,391758
1687736880,395917
1687736880,399708
1687736880,407436
1687736880,408235
1687736880,416663
1687736880,416892
1687736880,424272
1687736880,456724
1687736880,462477
1687736880,467353
1687736880,478892
1687736880,486133
1687736880,495506
1687736880,506036
1687736880,517472
1687736880,517910
1687736880,528674
1687736880,535404
1687736880,558812
1687736880,565423
1687736880,570386
1687736880,571338
1687736880,583222
1687736880,593118
1687736880,596526
1687736880,597999
1687736880,616605
1687736880,631637
1687736880,632050
1687736880,650495
1687736880,659565
1687736880,660023
1687736880,660044
1687736880,669407
1687736880,671913
1687736880,684562
1687736880,690980
1687736881,334357
1687736881,342343
1687736881,347363
1687736881,352343
1687736881,354679
1687736881,361006
1687736881,366472
1687736881,368835
1687736881,368865
1687736881,369550
1687736881,372725
1687736881,373278
1687736881,377884
1687736881,382155
1687736881,393519
1687736881,412018
1687736881,418303
1687736881,427360
1687736881,430908
1687736881,454838
1687736881,454990
1687736881,455632
1687736881,462387
1687736881,485565
1687736881,486938
1687736881,529170
1687736881,530450
1687736881,531199
1687736881,541012
1687736881,546347
1687736881,553836
1687736881,559771
1687736881,569087
1687736881,585362
1687736881,588092
1687736881,617473
1687736881,618603
1687736881,621392
1687736881,626924
1687736881,641426
1687736881,646071
1687736881,647966
1687736881,652560
1687736881,652783
1687736881,652842
1687736881,659518
1687736881,670169
1687736881,672750
1687736881,676349
1687736881,682228
1687736881,684860
1687736882,332957
1687736882,343569
1687736882,349501
1687736882,353597
1687736882,355567
1687736882,361276
1687736882,362774
1687736882,368316
1687736882,373136
1687736882,380957
1687736882,384000
1687736882,392271
1687736882,399781
1687736882,402250
1687736882,411450
1687736882,415979
1687736882,431768
1687736882,445086
1687736882,446740
1687736882,460296
1687736882,460997
1687736882,461419
1687736882,480181
1687736882,487781
1687736882,502620
1687736882,509870
1687736882,523179
1687736882,554779
1687736882,555723
1687736882,564944
1687736882,567464
1687736882,580989
1687736882,586547
1687736882,594713
1687736882,612359
1687736882,618923
1687736882,625981
1687736882,636155
1687736882,644996
1687736882,648101
1687736882,650133
1687736882,652378
1687736882,655399
1687736882,665303
1687736882,667798
1687736882,668658
1687736882,670858
1687736882,678567
1687736882,685151
1687736882,693292
1687736883,348974
1687736883,356326
1687736883,356685
1687736883,356958
1687736883,362525
1687736883,368356
1687736883,376952
1687736883,388727
1687736883,392358
1687736883,398345
1687736883,398892
1687736883,433353
1687736883,439759
1687736883,443912
1687736883,444201
1687736883,470403
1687736883,473020
1687736883,480163
1687736883,483010
1687736883,492410
1687736883,499046
1687736883,500685
1687736883,506408
1687736883,536588
1687736883,545902
1687736883,552569
1687736883,567331
1687736883,571423
1687736883,597526
1687736883,598115
1687736883,604304
1687736883,605558
1687736883,629521
1687736883,632391
1687736883,636159
1687736883,658550
1687736883,661215
1687736883,663536
1687736883,670224
1687736883,672343
1687736883,687051
1687736883,690612
1687736884,336867
1687736884,338547
1687736884,339180
1687736884,345678
1687736884,352240
1687736884,360653
1687736884,366422
1687736884,371275
1687736884,379832
1687736884,383697
1687736884,386129
1687736884,394872
1687736884,402055
1687736884,408358
1687736884,408836
1687736884,413167
1687736884,430906
1687736884,433636
1687736884,434240
1687736884,437894
1687736884,462040
1687736884,469581
1687736884,479878
1687736884,503433
1687736884,513171
1687736884,519550
1687736884,520381
1687736884,541783
1687736884,543899
1687736884,561749
1687736884,577437
1687736884,590736
1687736884,601324
1687736884,603432
1687736884,608791
1687736884,615900
1687736884,631590
1687736884,642050
1687736884,649452
1687736884,656713
1687736884,666782
1687736884,669132
1687736884,669602
1687736884,672441
1687736884,673698
1687736884,673902
1687736884,687494
1687736885,337429
1687736885,343364
1687736885,348738
1687736885,351789
1687736885,353319
1687736885,354905
1687736885,370463
1687736885,371540
1687736885,372350
1687736885,383881
1687736885,388667
1687736885,405277
1687736885,410989
1687736885,412016
1687736885,421407
1687736885,444014
1687736885,458484
1687736885,465848
1687736885,469663
1687736885,470518
1687736885,475664
1687736885,490450
1687736885,506578
1687736885,507985
1687736885,521321
1687736885,529686
1687736885,542964
1687736885,543213
1687736885,571305
1687736885,573128
1687736885,583549
1687736885,585965
1687736885,596411
1687736885,612975
1687736885,614564
1687736885,618948
1687736885,622393
1687736885,626595
1687736885,626770
1687736885,636768
1687736885,659260
1687736885,659272
1687736885,663302
1687736885,663571
1687736885,663665
1687736885,689998
1687736885,692217
1687736886,331211
1687736886,340463
1687736886,347330
1687736886,358722
1687736886,362309
1687736886,365384
1687736886,367586
1687736886,371591
1687736886,372294
1687736886,373361
1687736886,383705
1687736886,384892
1687736886,399349
1687736886,403247
1687736886,403543
1687736886,410584
1687736886,422668
1687736886,429596
1687736886,454988
1687736886,461879
1687736886,496114
1687736886,500105
1687736886,502226
1687736886,511955
1687736886,518633
1687736886,523663
1687736886,537139
1687736886,549441
1687736886,562851
1687736886,565480
1687736886,566663
1687736886,589324
1687736886,601271
1687736886,609234
1687736886,611704
1687736886,632195
1687736886,632483
1687736886,642995
1687736886,644465
1687736886,650520
1687736886,652846
1687736886,657500
1687736886,671247
1687736886,671756
1687736886,680616
1687736886,682490
1687736886,682759
1687736886,684303
1687736887,335665
1687736887,345216
1687736887,347196
1687736887,358208
1687736887,359537
1687736887,361806
1687736887,362652
1687736887,367287
1687736887,374699
1687736887,391383
1687736887,391719
1687736887,393074
1687736887,394455
1687736887,419978
1687736887,436101
1687736887,443870
1687736887,447161
1687736887,450710
1687736887,477549
1687736887,485650
1687736887,494211
1687736887,495080
1687736887,497584
1687736887,518554
1687736887,522204
1687736887,525422
1687736887,527899
1687736887,538163
1687736887,547862
1687736887,548137
1687736887,557220
1687736887,559481
1687736887,590811
1687736887,592674
1687736887,594104
1687736887,596693
1687736887,596949
1687736887,607640
1687736887,610593
1687736887,618123
1687736887,631346
1687736887,636462
1687736887,641458
1687736887,652647
1687736887,655510
1687736887,660799
1687736887,664370
1687736887,664979
1687736887,665511
1687736887,667328
1687736887,671185
1687736887,691323
1687736888,331838
1687736888,333945
1687736888,339017
1687736888,343852
1687736888,346770
1687736888,347939
1687736888,359155
1687736888,363986
1687736888,369932
1687736888,372991
1687736888,377291
1687736888,379648
1687736888,388951
1687736888,390011
1687736888,397298
1687736888,408376
1687736888,410046
1687736888,418806
1687736888,421678
1687736888,432250
1687736888,446212
1687736888,446482
1687736888,451619
1687736888,485200
1687736888,492133
1687736888,492377
1687736888,512500
1687736888,520873
1687736888,523190
1687736888,534031
1687736888,550061
1687736888,584259
1687736888,585693
1687736888,589894
1687736888,600406
1687736888,627782
1687736888,634700
1687736888,635613
1687736888,654021
1687736888,654368
1687736888,655893
1687736888,664037
1687736888,664478
1687736888,667572
1687736888,667611
1687736888,684857
1687736889,340269
1687736889,352770
1687736889,361067
1687736889,362019
1687736889,368659
1687736889,371176
1687736889,373520
1687736889,379673
1687736889,385522
1687736889,394276
1687736889,415751
1687736889,417264
1687736889,421547
1687736889,422822
1687736889,437186
1687736889,445571
1687736889,461477
1687736889,467922
1687736889,468228
1687736889,476502
1687736889,482156
1687736889,518245
1687736889,535746
1687736889,541296
1687736889,566735
1687736889,567837
1687736889,573676
1687736889,574238
1687736889,574597
1687736889,575505
1687736889,608151
1687736889,615904
1687736889,618208
1687736889,620484
1687736889,622417
1687736889,627103
1687736889,632876
1687736889,635634
1687736889,648167
1687736889,649440
1687736889,650149
1687736889,652180
1687736889,653254
1687736889,667832
1687736889,668663
1687736889,673149
1687736889,679991
1687736889,684772
1687736889,687853
1687736890,331250
1687736890,332238
1687736890,347702
1687736890,350703
1687736890,351180
1687736890,356784
1687736890,360346
1687736890,361489
1687736890,362158
1687736890,362269
1687736890,364802
1687736890,372207
1687736890,373792
1687736890,378357
1687736890,391331
1687736890,401166
1687736890,404567
1687736890,405110
1687736890,405589
1687736890,431309
1687736890,442735
1687736890,456354
1687736890,461916
1687736890,464278
1687736890,467099
1687736890,471621
1687736890,496603
1687736890,497069
1687736890,506670
1687736890,508297
1687736890,509226
1687736890,509550
1687736890,512604
1687736890,541162
1687736890,545402
1687736890,560771
1687736890,565477
1687736890,582093
1687736890,582977
1687736890,600745
1687736890,603507
1687736890,609830
1687736890,629469
1687736890,643907
1687736890,646323
1687736890,646569
1687736890,647171
1687736890,665348
1687736890,665699
1687736890,665790
1687736890,673686
1687736890,679487
1687736890,688656
1687736890,693827
1687736891,342557
1687736891,342590
1687736891,352725
1687736891,356173
1687736891,363967
1687736891,365230
1687736891,370787
1687736891,374411
1687736891,375752
1687736891,378740
1687736891,382376
1687736891,387828
1687736891,392031
1687736891,395320
1687736891,395881
1687736891,396116
1687736891,401008
1687736891,408640
1687736891,411800
1687736891,437752
1687736891,439597
1687736891,440689
1687736891,444817
1687736891,461838
1687736891,488632
1687736891,501036
1687736891,502813
1687736891,504562
1687736891,526488
1687736891,540187
1687736891,546898
1687736891,549470
1687736891,566595
1687736891,598512
1687736891,600848
1687736891,602348
1687736891,604259
1687736891,607600
1687736891,612655
1687736891,622888
1687736891,632055
1687736891,633272
1687736891,638155
1687736891,653643
1687736891,654801
1687736891,658429
1687736891,662339
1687736891,668336
1687736891,674055
1687736891,676191
1687736891,681441
1687736892,335046
1687736892,335270
1687736892,338648
1687736892,341455
1687736892,345627
1687736892,348689
1687736892,357264
1687736892,359343
1687736892,363737
1687736892,372057
1687736892,385689
1687736892,387607
1687736892,391474
1687736892,392808
1687736892,420190
1687736892,422102
1687736892,431465
1687736892,433354
1687736892,460378
1687736892,463822
1687736892,465021
1687736892,474674
1687736892,483565
1687736892,492349
1687736892,495411
1687736892,503788
1687736892,530353
1687736892,530803
1687736892,550191
1687736892,564584
1687736892,566610
1687736892,579728
1687736892,589018
1687736892,592078
1687736892,594477
1687736892,604203
1687736892,619101
1687736892,625976
1687736892,632891
1687736892,632908
1687736892,645885
1687736892,648117
1687736892,659580
1687736892,664891
1687736892,668087
1687736892,671235
1687736892,674875
1687736892,686192
1687736892,688407
1687736892,691201
1687736892,692112
1687736893,343538
1687736893,349605
1687736893,355286
1687736893,355635
1687736893,363336
1687736893,367257
1687736893,373581
1687736893,374516
1687736893,376263
1687736893,377544
1687736893,380779
1687736893,391933
1687736893,400737
1687736893,414127
1687736893,419515
1687736893,429896
1687736893,459603
1687736893,465940
1687736893,467387
1687736893,481169
1687736893,514099
1687736893,520218
1687736893,522781
1687736893,525883
1687736893,526076
1687736893,529417
1687736893,542169
1687736893,556319
1687736893,567934
1687736893,570088
1687736893,585454
1687736893,593293
1687736893,617057
1687736893,617391
1687736893,617794
1687736893,618360
1687736893,631121
1687736893,632841
1687736893,642411
1687736893,642817
1687736893,653424
1687736893,655330
1687736893,655884
1687736893,658225
1687736893,660340
1687736893,662452
1687736893,662817
1687736893,672244
1687736893,680456
1687736893,683565
1687736893,683754
1687736894,329827
1687736894,335696
1687736894,335964
1687736894,346791
1687736894,351153
1687736894,354597
1687736894,364268
1687736894,367245
1687736894,370947
1687736894,371041
1687736894,371421
1687736894,380459
1687736894,384351
1687736894,395772
1687736894,397270
1687736894,397656
1687736894,411296
1687736894,416040
1687736894,419437
1687736894,433427
1687736894,435944
1687736894,439834
1687736894,448307
1687736894,449146
1687736894,449622
1687736894,450933
1687736894,486431
1687736894,490600
1687736894,491463
1687736894,508337
1687736894,511614
1687736894,523960
1687736894,525458
1687736894,541194
1687736894,543800
1687736894,554109
1687736894,555059
1687736894,555089
1687736894,566372
1687736894,592499
1687736894,596015
1687736894,612849
1687736894,616037
1687736894,620405
1687736894,647315
1687736894,652595
1687736894,652868
1687736894,668549
1687736894,670423
1687736894,675914
1687736894,676355
1687736894,687945
1687736895,344734
1687736895,345211
1687736895,359771
1687736895,360141
1687736895,362499
1687736895,365505
1687736895,366089
1687736895,376549
1687736895,387369
1687736895,392106
1687736895,393489
1687736895,399263
1687736895,409115
1687736895,422086
1687736895,425154
1687736895,439266
1687736895,445869
1687736895,450396
1687736895,454439
1687736895,490397
1687736895,499385
1687736895,511417
1687736895,541657
1687736895,546654
1687736895,547897
1687736895,549713
1687736895,562228
1687736895,562761
1687736895,568587
1687736895,579735
1687736895,590070
1687736895,595072
1687736895,595774
1687736895,599356
1687736895,602002
1687736895,612397
1687736895,614985
1687736895,617922
1687736895,635179
1687736895,635644
1687736895,635912
1687736895,637902
1687736895,644719
1687736895,652497
1687736895,656431
1687736895,656779
1687736895,657414
1687736895,664691
1687736895,665266
1687736895,670284
1687736895,670394
1687736895,685157
1687736896,331037
1687736896,332601
1687736896,341494
1687736896,345089
1687736896,347956
1687736896,364143
1687736896,364200
1687736896,365240
1687736896,369098
1687736896,377067
1687736896,379111
1687736896,380698
1687736896,381194
1687736896,400823
1687736896,414372
1687736896,422199
1687736896,433551
1687736896,442928
1687736896,464661
1687736896,468882
1687736896,474103
1687736896,477562
1687736896,478659
1687736896,482050
1687736896,511879
1687736896,514297
1687736896,518655
1687736896,529307
1687736896,545020
1687736896,547471
1687736896,570996
1687736896,579778
1687736896,581080
1687736896,600772
1687736896,609618
1687736896,615346
1687736896,624470
1687736896,629796
1687736896,630726
1687736896,632315
1687736896,637055
1687736896,639251
1687736896,656609
1687736896,665326
1687736896,666951
1687736896,669498
1687736896,672340
1687736896,673030
1687736896,679092
1687736896,688564
1687736896,690046
1687736897,337233
1687736897,351594
1687736897,354402
1687736897,354996
1687736897,357919
1687736897,358392
1687736897,363547
1687736897,368576
1687736897,374926
1687736897,375046
1687736897,375108
1687736897,387564
1687736897,389859
1687736897,393751
1687736897,404559
1687736897,409565
1687736897,412025
1687736897,412578
1687736897,429104
1687736897,429122
1687736897,458105
1687736897,465098
1687736897,472422
1687736897,474453
1687736897,480095
1687736897,480591
1687736897,495544
1687736897,504317
1687736897,536810
1687736897,540737
1687736897,562775
1687736897,570579
1687736897,572835
1687736897,580936
1687736897,582643
1687736897,583787
1687736897,584822
1687736897,607099
1687736897,619463
1687736897,619471
1687736897,620046
1687736897,628044
1687736897,651232
1687736897,651321
1687736897,652566
1687736897,657221
1687736897,664502
1687736897,664650
1687736897,666323
1687736897,672960
1687736897,683209
1687736897,693184
1687736898,333918
1687736898,334875
1687736898,335583
1687736898,343528
1687736898,345022
1687736898,348298
1687736898,352289
1687736898,368664
1687736898,369710
1687736898,369727
1687736898,382621
1687736898,388846
1687736898,393776
1687736898,395005
1687736898,397097
1687736898,401034
1687736898,405692
1687736898,413151
1687736898,423751
1687736898,431390
1687736898,436282
1687736898,439515
1687736898,469272
1687736898,491925
1687736898,495043
1687736898,502243
1687736898,505003
1687736898,514603
1687736898,534274
1687736898,541853
1687736898,547182
1687736898,573028
1687736898,579589
1687736898,591612
1687736898,595096
1687736898,604476
1687736898,606957
1687736898,607089
1687736898,611524
1687736898,636699
1687736898,637762
1687736898,646251
1687736898,646821
1687736898,649082
1687736898,653425
1687736898,654451
1687736898,664036
1687736898,669652
1687736898,679107
1687736898,683062
1687736898,686191
1687736899,339353
1687736899,346591
1687736899,348034
1687736899,350531
1687736899,365863
1687736899,366131
1687736899,366798
1687736899,366980
1687736899,368992
1687736899,373035
1687736899,379493
1687736899,386612
1687736899,387119
1687736899,389006
1687736899,391385
1687736899,410302
1687736899,413996
1687736899,434725
1687736899,441667
1687736899,446864
1687736899,450791
1687736899,456941
1687736899,463686
1687736899,480835
1687736899,489977
1687736899,501999
1687736899,503432
1687736899,514192
1687736899,517032
1687736899,523407
1687736899,538625
1687736899,546982
1687736899,556555
1687736899,556732
1687736899,557836
1687736899,585243
1687736899,592458
1687736899,597279
1687736899,606861
1687736899,614030
1687736899,618902
1687736899,628928
1687736899,637369
1687736899,638472
1687736899,642187
1687736899,642607
1687736899,661658
1687736899,666228
1687736899,670273
1687736899,671567
1687736899,672859
1687736899,676604
1687736900,330127
1687736900,333454
1687736900,335199
1687736900,338861
1687736900,352032
1687736900,360700
1687736900,363680
1687736900,371162
1687736900,373237
1687736900,377303
1687736900,378329
1687736900,394053
1687736900,396773
1687736900,398110
1687736900,405885
1687736900,406283
1687736900,418663
1687736900,426168
1687736900,426498
1687736900,454377
1687736900,469093
1687736900,485664
1687736900,488240
1687736900,493374
1687736900,508126
1687736900,515471
1687736900,522483
1687736900,530963
1687736900,534493
1687736900,537458
1687736900,556408
1687736900,563322
1687736900,568378
1687736900,570494
1687736900,573276
1687736900,594730
1687736900,596430
1687736900,597634
1687736900,602199
1687736900,615057
1687736900,630268
1687736900,633233
1687736900,633240
1687736900,644833
1687736900,649378
1687736900,658366
1687736900,660624
1687736900,661301
1687736900,665707
1687736900,668796
1687736900,669091
1687736900,684847
1687736900,690786
1687736901,334180
1687736901,342260
1687736901,346615
1687736901,350148
1687736901,352024
1687736901,355672
1687736901,361494
1687736901,367514
1687736901,367827
1687736901,369038
1687736901,372595
1687736901,373791
1687736901,378687
1687736901,380877
1687736901,413466
1687736901,420618
1687736901,425807
1687736901,429134
1687736901,436267
1687736901,452527
1687736901,452732
1687736901,457742
1687736901,464470
1687736901,483608
1687736901,489150
1687736901,520112
1687736901,528263
1687736901,529073
1687736901,531433
1687736901,538635
1687736901,544238
1687736901,551953
1687736901,561944
1687736901,570792
1687736901,583235
1687736901,589764
1687736901,608847
1687736901,618794
1687736901,620285
1687736901,622813
1687736901,624154
1687736901,625140
1687736901,638184
1687736901,640499
1687736901,649070
1687736901,651973
1687736901,652981
1687736901,653491
1687736901,654150
1687736901,658593
1687736901,672843
1687736901,675016
1687736901,681746
1687736901,685667
1687736902,332800
1687736902,352954
1687736902,353289
1687736902,356725
1687736902,360232
1687736902,363838
1687736902,368510
1687736902,368538
1687736902,373984
1687736902,379686
1687736902,384953
1687736902,391134
1687736902,401145
1687736902,403922
1687736902,413954
1687736902,442819
1687736902,448560
1687736902,462546
1687736902,463182
1687736902,463539
1687736902,478005
1687736902,485641
1687736902,499444
1687736902,504739
1687736902,511973
1687736902,521060
1687736902,539022
1687736902,543616
1687736902,553809
1687736902,556992
1687736902,566736
1687736902,569550
1687736902,578758
1687736902,584589
1687736902,592891
1687736902,606380
1687736902,614091
1687736902,617289
1687736902,627152
1687736902,634704
1687736902,638244
1687736902,646201
1687736902,649655
1687736902,650615
1687736902,652048
1687736902,664487
1687736902,668489
1687736902,668789
1687736902,670854
1687736902,679430
1687736902,693551
1687736903,344281
1687736903,348583
1687736903,353171
1687736903,357313
1687736903,357505
1687736903,363394
1687736903,367377
1687736903,374105
1687736903,376101
1687736903,387380
1687736903,394466
1687736903,397410
1687736903,399559
1687736903,414596
1687736903,435186
1687736903,441893
1687736903,442722
1687736903,471018
1687736903,477888
1687736903,485006
1687736903,494634
1687736903,503013
1687736903,504435
1687736903,515832
1687736903,518371
1687736903,538858
1687736903,547838
1687736903,554133
1687736903,569198
1687736903,569363
1687736903,575577
1687736903,596307
1687736903,599234
1687736903,603616
1687736903,605980
1687736903,613989
1687736903,631197
1687736903,633893
1687736903,637453
1687736903,645518
1687736903,657766
1687736903,660643
1687736903,664227
1687736903,669565
1687736903,673411
1687736903,686297
1687736903,690619
1687736904,337554
1687736904,337951
1687736904,338560
1687736904,345878
1687736904,355224
1687736904,359934
1687736904,366255
1687736904,371629
1687736904,378351
1687736904,384560
1687736904,387409
1687736904,393212
1687736904,400546
1687736904,406441
1687736904,411530
1687736904,415199
1687736904,432662
1687736904,435839
1687736904,435990
1687736904,436503
1687736904,442107
1687736904,459672
1687736904,467164
1687736904,481839
1687736904,501401
1687736904,510797
1687736904,521612
1687736904,528833
1687736904,539620
1687736904,545955
1687736904,559579
1687736904,592646
1687736904,602623
1687736904,614183
1687736904,615992
1687736904,628346
1687736904,632948
1687736904,640470
1687736904,648362
1687736904,667871
1687736904,668175
1687736904,672498
1687736904,673249
1687736904,673914
1687736904,687777
1687736905,337781
1687736905,349133
1687736905,352530
1687736905,352620
1687736905,354861
1687736905,369264
1687736905,372761
1687736905,372831
1687736905,384993
1687736905,387391
1687736905,403952
1687736905,412785
1687736905,413844
1687736905,419595
1687736905,441723
1687736905,459854
1687736905,460371
1687736905,467508
1687736905,467883
1687736905,477770
1687736905,488552
1687736905,494137
1687736905,504063
1687736905,510051
1687736905,523450
1687736905,527638
1687736905,541186
1687736905,545020
1687736905,569335
1687736905,575225
1687736905,585468
1687736905,587818
1687736905,594468
1687736905,604414
1687736905,614465
1687736905,619970
1687736905,620890
1687736905,625062
1687736905,633916
1687736905,635193
1687736905,652108
1687736905,657412
1687736905,660365
1687736905,660512
1687736905,662142
1687736905,663350
1687736905,663430
1687736905,690056
1687736905,691948
1687736906,331336
1687736906,341383
1687736906,343223
1687736906,346427
1687736906,357553
1687736906,363619
1687736906,366005
1687736906,367186
1687736906,370196
1687736906,373318
1687736906,373678
1687736906,383139
1687736906,397666
1687736906,402090
1687736906,405869
1687736906,411877
1687736906,420644
1687736906,427887
1687736906,456946
1687736906,472582
1687736906,497901
1687736906,504162
1687736906,520900
1687736906,521672
1687736906,534832
1687736906,547335
1687736906,565014
1687736906,568750
1687736906,587320
1687736906,599248
1687736906,610988
1687736906,613187
1687736906,630578
1687736906,632620
1687736906,643174
1687736906,644428
1687736906,651993
1687736906,654088
1687736906,656794
1687736906,661145
1687736906,666948
1687736906,671485
1687736906,680140
1687736906,683408
1687736906,683440
1687736906,683446
1687736906,692003
1687736907,335152
1687736907,345692
1687736907,347392
1687736907,357515
1687736907,359646
1687736907,361383
1687736907,362305
1687736907,367396
1687736907,375703
1687736907,389820
1687736907,392966
1687736907,393537
1687736907,394091
1687736907,416944
1687736907,418580
1687736907,438156
1687736907,444915
1687736907,445699
1687736907,453033
1687736907,460256
1687736907,479673
1687736907,487488
1687736907,492390
1687736907,495416
1687736907,497319
1687736907,520269
1687736907,520638
1687736907,525863
1687736907,540591
1687736907,545784
1687736907,550331
1687736907,550830
1687736907,555145
1687736907,561544
1687736907,588665
1687736907,594629
1687736907,594832
1687736907,595707
1687736907,598176
1687736907,608782
1687736907,616512
1687736907,635156
1687736907,642969
1687736907,647267
1687736907,651267
1687736907,654925
1687736907,661415
1687736907,664174
1687736907,666139
1687736907,668884
1687736907,670191
1687736907,692215
1687736908,331559
1687736908,334108
1687736908,339419
1687736908,343379
1687736908,346865
1687736908,347100
1687736908,357935
1687736908,364789
1687736908,371457
1687736908,371673
1687736908,373556
1687736908,376239
1687736908,381176
1687736908,388811
1687736908,390703
1687736908,398673
1687736908,406383
1687736908,412557
1687736908,423498
1687736908,434297
1687736908,444186
1687736908,444358
1687736908,449809
1687736908,459058
1687736908,494345
1687736908,494707
1687736908,510598
1687736908,521238
1687736908,523125
1687736908,524564
1687736908,536213
1687736908,547866
1687736908,583581
1687736908,586460
1687736908,591503
1687736908,601377
1687736908,609080
1687736908,618592
1687736908,625743
1687736908,637208
1687736908,652384
1687736908,654900
1687736908,654979
1687736908,664146
1687736908,664880
1687736908,668891
1687736908,684879
1687736908,690861
1687736909,340434
1687736909,353599
1687736909,360804
1687736909,361620
1687736909,368346
1687736909,370137
1687736909,374367
1687736909,378208
1687736909,386095
1687736909,414123
1687736909,418623
1687736909,421404
1687736909,423844
1687736909,429444
1687736909,435570
1687736909,443379
1687736909,451292
1687736909,463383
1687736909,466003
1687736909,469876
1687736909,474357
1687736909,479939
1687736909,507166
1687736909,514742
1687736909,515971
1687736909,537733
1687736909,539460
1687736909,543063
1687736909,568848
1687736909,571506
1687736909,572220
1687736909,577304
1687736909,617513
1687736909,619399
1687736909,624016
1687736909,628476
1687736909,631661
1687736909,634295
1687736909,635905
1687736909,648575
1687736909,651098
1687736909,653642
1687736909,654493
1687736909,667426
1687736909,667428
1687736909,673111
1687736909,684140
1687736910,331384
1687736910,332056
1687736910,347041
1687736910,349634
1687736910,351341
1687736910,351965
1687736910,358028
1687736910,360777
1687736910,361496
1687736910,363366
1687736910,365373
1687736910,370881
1687736910,379297
1687736910,390096
1687736910,402707
1687736910,403623
1687736910,407416
1687736910,429205
1687736910,440940
1687736910,458200
1687736910,463913
1687736910,466475
1687736910,469350
1687736910,469758
1687736910,497115
1687736910,498673
1687736910,510615
1687736910,511872
1687736910,539270
1687736910,543441
1687736910,563026
1687736910,563093
1687736910,567147
1687736910,569700
1687736910,576744
1687736910,580383
1687736910,580720
1687736910,598967
1687736910,601464
1687736910,611466
1687736910,628027
1687736910,633323
1687736910,642084
1687736910,644610
1687736910,648127
1687736910,649521
1687736910,654833
1687736910,664643
1687736910,664717
1687736910,665784
1687736910,679996
1687736910,688435
1687736910,693749
1687736911,334628
1687736911,338971
1687736911,340933
1687736911,342094
1687736911,343256
1687736911,356375
1687736911,365870
1687736911,369810
1687736911,373659
1687736911,374184
1687736911,377901
1687736911,379255
1687736911,381381
1687736911,390889
1687736911,393531
1687736911,394046
1687736911,397774
1687736911,402537
1687736911,406981
1687736911,437828
1687736911,439679
1687736911,442955
1687736911,446871
1687736911,459688
1687736911,490243
1687736911,490683
1687736911,499149
1687736911,500954
1687736911,542512
1687736911,544839
1687736911,551657
1687736911,552318
1687736911,564609
1687736911,570146
1687736911,596490
1687736911,604085
1687736911,605399
1687736911,606152
1687736911,606697
1687736911,624151
1687736911,634508
1687736911,639659
1687736911,652690
1687736911,654234
1687736911,662850
1687736911,668813
1687736911,673765
1687736911,677276
1687736911,680493
1687736912,335463
1687736912,340613
1687736912,346099
1687736912,349652
1687736912,357860
1687736912,358694
1687736912,362475
1687736912,371909
1687736912,382704
1687736912,384558
1687736912,389086
1687736912,392178
1687736912,395061
1687736912,420345
1687736912,422260
1687736912,433327
1687736912,435884
1687736912,458086
1687736912,462666
1687736912,464960
1687736912,467961
1687736912,485709
1687736912,493314
1687736912,505936
1687736912,528690
1687736912,533059
1687736912,562516
1687736912,564557
1687736912,590048
1687736912,590833
1687736912,594480
1687736912,596328
1687736912,602394
1687736912,617604
1687736912,624259
1687736912,634216
1687736912,634298
1687736912,644802
1687736912,649164
1687736912,663408
1687736912,671027
1687736912,674330
1687736912,683429
1687736912,688835
1687736912,691724
1687736913,343424
1687736913,348754
1687736913,354771
1687736913,356543
1687736913,363923
1687736913,374103
1687736913,375800
1687736913,378918
1687736913,379603
1687736913,390360
1687736913,399326
1687736913,414940
1687736913,416214
1687736913,417655
1687736913,449862
1687736913,457394
1687736913,465770
1687736913,483326
1687736913,483374
1687736913,516258
1687736913,518250
1687736913,520701
1687736913,528072
1687736913,528099
1687736913,544267
1687736913,554534
1687736913,565901
1687736913,571962
1687736913,572500
1687736913,587266
1687736913,616981
1687736913,618454
1687736913,618672
1687736913,619270
1687736913,629635
1687736913,641380
1687736913,641418
1687736913,648563
1687736913,655040
1687736913,656544
1687736913,657090
1687736913,661385
1687736913,662269
1687736913,662347
1687736913,672570
1687736913,679432
1687736913,684736
1687736914,329870
1687736914,335587
1687736914,336340
1687736914,347742
1687736914,351324
1687736914,353590
1687736914,358985
1687736914,364902
1687736914,367529
1687736914,369708
1687736914,370049
1687736914,370556
1687736914,373485
1687736914,378925
1687736914,384871
1687736914,396003
1687736914,397746
1687736914,399832
1687736914,407516
1687736914,413124
1687736914,414140
1687736914,417886
1687736914,431960
1687736914,438273
1687736914,446734
1687736914,484122
1687736914,488394
1687736914,489149
1687736914,510360
1687736914,513687
1687736914,521867
1687736914,523720
1687736914,538766
1687736914,545936
1687736914,548747
1687736914,552028
1687736914,553390
1687736914,590445
1687736914,594071
1687736914,614653
1687736914,617486
1687736914,618493
1687736914,636682
1687736914,651059
1687736914,654126
1687736914,667528
1687736914,670623
1687736914,672696
1687736914,675805
1687736914,676776
1687736915,345364
1687736915,359942
1687736915,361852
1687736915,364993
1687736915,366164
1687736915,366693
1687736915,375655
1687736915,392115
1687736915,400174
1687736915,419977
1687736915,427164
1687736915,437964
1687736915,441267
1687736915,443904
1687736915,448341
1687736915,456687
1687736915,501732
1687736915,545685
1687736915,545874
1687736915,547448
1687736915,560843
1687736915,564091
1687736915,577760
1687736915,593788
1687736915,596888
1687736915,600902
1687736915,603216
1687736915,613191
1687736915,613368
1687736915,616209
1687736915,626189
1687736915,636766
1687736915,636997
1687736915,637119
1687736915,639286
1687736915,646021
1687736915,651213
1687736915,656555
1687736915,656644
1687736915,657512
1687736915,664228
1687736915,666186
1687736915,669975
1687736915,671228
1687736915,685132
1687736915,688406
1687736916,331088
1687736916,340891
1687736916,345361
1687736916,347458
1687736916,353113
1687736916,363197
1687736916,366831
1687736916,368504
1687736916,370663
1687736916,373627
1687736916,378285
1687736916,379514
1687736916,379661
1687736916,379799
1687736916,388297
1687736916,399126
1687736916,412648
1687736916,423955
1687736916,435640
1687736916,441028
1687736916,462579
1687736916,470869
1687736916,475188
1687736916,476096
1687736916,480810
1687736916,484397
1687736916,509782
1687736916,512088
1687736916,513808
1687736916,520419
1687736916,520842
1687736916,531612
1687736916,543834
1687736916,545579
1687736916,568949
1687736916,578985
1687736916,581395
1687736916,600350
1687736916,602131
1687736916,608044
1687736916,612129
1687736916,613683
1687736916,621654
1687736916,631248
1687736916,631768
1687736916,635707
1687736916,640553
1687736916,655574
1687736916,666317
1687736916,667721
1687736916,668202
1687736916,673008
1687736916,678210
1687736916,683809
1687736916,688847
1687736916,689410
1687736917,337506
1687736917,344834
1687736917,350619
1687736917,355036
1687736917,355659
1687736917,357056
1687736917,358200
1687736917,363687
1687736917,373611
1687736917,374198
1687736917,376066
1687736917,388522
1687736917,392349
1687736917,406178
1687736917,410388
1687736917,411426
1687736917,414483
1687736917,427235
1687736917,431418
1687736917,467106
1687736917,472353
1687736917,474433
1687736917,478064
1687736917,478479
1687736917,493503
1687736917,502325
1687736917,535110
1687736917,572058
1687736917,574870
1687736917,580522
1687736917,581674
1687736917,582546
1687736917,582860
1687736917,605332
1687736917,620708
1687736917,621359
1687736917,626479
1687736917,650591
1687736917,652228
1687736917,652441
1687736917,654378
1687736917,658584
1687736917,663765
1687736917,664577
1687736917,665846
1687736917,669088
1687736917,672905
1687736917,693096
1687736918,333511
1687736918,335029
1687736918,335220
1687736918,344224
1687736918,349353
1687736918,369137
1687736918,369345
1687736918,370494
1687736918,381241
1687736918,392648
1687736918,393707
1687736918,399161
1687736918,403290
1687736918,406919
1687736918,421947
1687736918,429539
1687736918,434413
1687736918,441870
1687736918,452726
1687736918,467308
1687736918,489832
1687736918,497074
1687736918,502556
1687736918,504313
1687736918,507272
1687736918,516861
1687736918,532251
1687736918,539855
1687736918,549054
1687736918,564863
1687736918,571103
1687736918,581483
1687736918,592938
1687736918,593155
1687736918,602560
1687736918,608760
1687736918,612975
1687736918,635803
1687736918,637905
1687736918,646919
1687736918,650623
1687736918,653249
1687736918,657754
1687736918,663311
1687736918,669967
1687736918,680272
1687736918,682310
1687736918,685779
1687736919,339002
1687736919,347037
1687736919,347068
1687736919,350304
1687736919,351463
1687736919,365392
1687736919,365720
1687736919,366737
1687736919,367544
1687736919,367780
1687736919,373846
1687736919,376412
1687736919,380037
1687736919,385734
1687736919,390071
1687736919,390815
1687736919,408707
1687736919,411875
1687736919,436501
1687736919,443688
1687736919,449042
1687736919,454436
1687736919,482750
1687736919,490336
1687736919,492362
1687736919,500286
1687736919,515082
1687736919,516425
1687736919,521440
1687736919,536606
1687736919,549232
1687736919,552480
1687736919,555573
1687736919,558681
1687736919,558726
1687736919,587246
1687736919,594305
1687736919,599182
1687736919,604937
1687736919,612341
1687736919,620126
1687736919,627241
1687736919,635738
1687736919,640125
1687736919,641178
1687736919,641455
1687736919,645405
1687736919,660923
1687736919,662154
1687736919,666448
1687736919,670615
1687736919,671364
1687736919,673940
1687736919,675683
1687736919,692318
1687736920,330433
1687736920,333974
1687736920,335456
1687736920,339620
1687736920,361593
1687736920,362726
1687736920,379828
1687736920,388720
1687736920,396350
1687736920,396559
1687736920,397689
1687736920,404369
1687736920,404378
1687736920,420426
1687736920,428241
1687736920,428714
1687736920,452028
1687736920,458066
1687736920,461370
1687736920,470883
1687736920,491242
1687736920,510193
1687736920,513449
1687736920,522292
1687736920,533235
1687736920,536481
1687736920,539533
1687736920,553994
1687736920,561201
1687736920,566341
1687736920,575218
1687736920,594857
1687736920,596267
1687736920,598715
1687736920,613457
1687736920,623305
1687736920,628301
1687736920,634410
1687736920,634867
1687736920,639587
1687736920,648308
1687736920,656729
1687736920,661665
1687736920,662478
1687736920,667028
1687736920,668389
1687736920,668772
1687736920,681248
1687736920,685117
1687736920,690562
1687736921,334186
1687736921,342192
1687736921,345887
1687736921,350827
1687736921,351701
1687736921,356664
1687736921,362014
1687736921,366181
1687736921,369249
1687736921,374312
1687736921,379485
1687736921,379620
1687736921,414970
1687736921,422930
1687736921,424246
1687736921,427364
1687736921,434429
1687736921,450069
1687736921,450650
1687736921,459821
1687736921,466554
1687736921,481620
1687736921,491363
1687736921,526074
1687736921,526918
1687736921,533688
1687736921,536993
1687736921,550026
1687736921,564057
1687736921,568427
1687736921,572480
1687736921,581086
1687736921,591436
1687736921,609971
1687736921,620161
1687736921,621981
1687736921,622285
1687736921,624172
1687736921,647412
1687736921,650160
1687736921,651167
1687736921,653263
1687736921,654354
1687736921,655377
1687736921,657649
1687736921,672875
1687736921,673679
1687736921,686428
1687736922,332667
1687736922,352155
1687736922,352362
1687736922,353404
1687736922,354127
1687736922,357959
1687736922,359224
1687736922,364898
1687736922,368265
1687736922,368750
1687736922,374847
1687736922,378410
1687736922,385945
1687736922,389997
1687736922,393906
1687736922,396600
1687736922,402523
1687736922,405634
1687736922,411898
1687736922,412558
1687736922,427158
1687736922,440571
1687736922,450410
1687736922,453425
1687736922,464787
1687736922,465336
1687736922,465634
1687736922,475846
1687736922,483161
1687736922,483526
1687736922,501724
1687736922,506902
1687736922,509423
1687736922,514090
1687736922,518934
1687736922,551899
1687736922,555786
1687736922,559184
1687736922,568494
1687736922,571709
1687736922,576561
1687736922,582649
1687736922,591011
1687736922,604578
1687736922,615678
1687736922,615802
1687736922,628405
1687736922,633217
1687736922,648829
1687736922,651226
1687736922,653944
1687736922,663719
1687736922,668846
1687736922,668926
1687736922,669117
1687736922,670827
1687736922,680237
1687736922,693760
1687736923,332742
1687736923,337383
1687736923,338258
1687736923,344125
1687736923,348211
1687736923,354093
1687736923,357708
1687736923,358348
1687736923,364246
1687736923,366458
1687736923,372466
1687736923,374466
1687736923,375293
1687736923,386055
1687736923,391556
1687736923,395929
1687736923,400759
1687736923,413182
1687736923,437035
1687736923,440328
1687736923,441289
1687736923,443953
1687736923,468983
1687736923,475575
1687736923,486994
1687736923,492444
1687736923,495155
1687736923,496807
1687736923,502421
1687736923,505353
1687736923,514755
1687736923,541145
1687736923,549091
1687736923,549741
1687736923,567302
1687736923,592126
1687736923,594443
1687736923,600612
1687736923,600956
1687736923,601659
1687736923,603918
1687736923,607663
1687736923,621986
1687736923,632873
1687736923,635440
1687736923,638670
1687736923,643800
1687736923,653136
1687736923,654274
1687736923,656872
1687736923,660030
1687736923,674460
1687736923,685488
1687736923,690600
1687736924,332079
1687736924,337945
1687736924,340187
1687736924,346166
1687736924,359253
1687736924,366091
1687736924,371999
1687736924,376892
1687736924,385490
1687736924,388675
1687736924,388699
1687736924,399017
1687736924,404529
1687736924,414234
1687736924,417201
1687736924,433743
1687736924,434421
1687736924,438305
1687736924,438775
1687736924,457314
1687736924,464789
1687736924,483797
1687736924,499365
1687736924,508354
1687736924,523664
1687736924,531216
1687736924,537432
1687736924,547987
1687736924,557416
1687736924,573636
1687736924,594496
1687736924,604609
1687736924,612420
1687736924,617438
1687736924,629963
1687736924,630720
1687736924,634299
1687736924,638896
1687736924,647223
1687736924,666721
1687736924,668951
1687736924,672509
1687736924,672600
1687736924,674070
1687736924,688080
1687736925,338184
1687736925,349551
1687736925,351947
1687736925,353282
1687736925,354830
1687736925,368038
1687736925,373162
1687736925,374202
1687736925,381686
1687736925,386103
1687736925,386113
1687736925,402617
1687736925,414592
1687736925,415700
1687736925,417834
1687736925,462224
1687736925,465401
1687736925,469960
1687736925,479880
1687736925,486630
1687736925,494933
1687736925,501531
1687736925,512158
1687736925,525615
1687736925,525616
1687736925,539170
1687736925,547072
1687736925,567389
1687736925,570940
1687736925,577325
1687736925,584009
1687736925,587317
1687736925,589660
1687736925,592536
1687736925,605366
1687736925,615936
1687736925,619342
1687736925,620991
1687736925,623509
1687736925,632317
1687736925,632607
1687736925,633558
1687736925,650753
1687736925,654153
1687736925,658063
1687736925,660941
1687736925,661422
1687736925,661739
1687736925,663049
1687736925,663228
1687736925,673010
1687736925,690073
1687736925,691638
1687736926,331169
1687736926,331489
1687736926,333403
1687736926,345578
1687736926,356402
1687736926,365002
1687736926,366635
1687736926,366827
1687736926,368848
1687736926,374059
1687736926,381402
1687736926,389493
1687736926,389993
1687736926,400948
1687736926,401107
1687736926,408257
1687736926,413206
1687736926,418677
1687736926,426178
1687736926,458906
1687736926,474666
1687736926,495654
1687736926,506087
1687736926,519656
1687736926,523160
1687736926,523840
1687736926,532485
1687736926,542654
1687736926,545261
1687736926,560724
1687736926,567140
1687736926,570779
1687736926,571701
1687736926,585266
1687736926,597191
1687736926,607996
1687736926,612695
1687736926,614648
1687736926,628626
1687736926,633873
1687736926,641809
1687736926,645845
1687736926,653388
1687736926,655297
1687736926,656042
1687736926,671667
1687736926,679667
1687736926,682492
1687736926,684022
1687736926,684351
1687736927,334687
1687736927,346217
1687736927,347027
1687736927,347585
1687736927,356897
1687736927,359814
1687736927,360161
1687736927,362851
1687736927,367545
1687736927,374060
1687736927,376705
1687736927,378600
1687736927,388258
1687736927,391490
1687736927,395154
1687736927,395394
1687736927,417257
1687736927,440234
1687736927,442693
1687736927,447523
1687736927,455342
1687736927,460023
1687736927,461060
1687736927,489337
1687736927,490544
1687736927,493228
1687736927,499568
1687736927,500652
1687736927,518289
1687736927,522691
1687736927,543036
1687736927,543685
1687736927,552558
1687736927,553069
1687736927,563609
1687736927,586426
1687736927,587851
1687736927,592707
1687736927,596530
1687736927,597338
1687736927,599620
1687736927,609894
1687736927,633818
1687736927,639944
1687736927,644499
1687736927,645055
1687736927,649872
1687736927,654316
1687736927,661915
1687736927,663321
1687736927,666592
1687736927,666716
1687736927,669180
1687736927,670154
1687736927,692242
1687736928,331325
1687736928,334287
1687736928,339874
1687736928,342853
1687736928,346338
1687736928,356704
1687736928,365555
1687736928,368071
1687736928,370679
1687736928,373070
1687736928,375211
1687736928,382778
1687736928,387630
1687736928,392513
1687736928,400030
1687736928,404406
1687736928,412556
1687736928,415066
1687736928,415097
1687736928,419994
1687736928,425307
1687736928,436327
1687736928,442169
1687736928,442175
1687736928,447979
1687736928,481120
1687736928,496539
1687736928,497054
1687736928,501008
1687736928,508660
1687736928,519265
1687736928,525376
1687736928,526641
1687736928,538387
1687736928,545707
1687736928,581449
1687736928,588631
1687736928,593054
1687736928,602333
1687736928,607517
1687736928,623679
1687736928,637160
1687736928,638806
1687736928,643580
1687736928,650700
1687736928,654064
1687736928,655387
1687736928,663762
1687736928,665683
1687736928,670153
1687736928,683449
1687736928,684821
1687736928,690362
1687736929,334026
1687736929,340675
1687736929,354415
1687736929,359506
1687736929,362222
1687736929,369128
1687736929,375282
1687736929,376758
1687736929,386656
1687736929,420010
1687736929,426141
1687736929,433957
1687736929,441207
1687736929,463715
1687736929,465262
1687736929,471883
1687736929,472173
1687736929,477704
1687736929,513728
1687736929,537007
1687736929,537638
1687736929,539681
1687736929,541095
1687736929,569313
1687736929,570183
1687736929,570977
1687736929,579087
1687736929,616705
1687736929,619147
1687736929,620596
1687736929,625638
1687736929,629854
1687736929,630424
1687736929,647700
1687736929,652011
1687736929,655075
1687736929,655739
1687736929,667018
1687736929,673014
1687736929,688925
1687736930,331540
1687736930,331937
1687736930,346457
1687736930,348179
1687736930,352009
1687736930,359337
1687736930,361305
1687736930,364518
1687736930,365978
1687736930,368591
1687736930,369614
1687736930,380316
1687736930,388883
1687736930,392012
1687736930,402165
1687736930,404289
1687736930,409290
1687736930,427101
1687736930,439146
1687736930,460052
1687736930,465885
1687736930,467861
1687736930,468683
1687736930,471591
1687736930,500716
1687736930,505152
1687736930,512935
1687736930,514189
1687736930,516869
1687736930,537344
1687736930,541491
1687736930,542201
1687736930,565251
1687736930,568846
1687736930,571035
1687736930,571592
1687736930,578450
1687736930,578640
1687736930,578841
1687736930,598452
1687736930,599461
1687736930,613055
1687736930,626560
1687736930,640182
1687736930,642855
1687736930,649678
1687736930,650896
1687736930,663617
1687736930,663945
1687736930,665834
1687736930,666213
1687736930,680483
1687736930,688150
1687736930,693633
1687736931,339770
1687736931,341636
1687736931,343942
1687736931,356575
1687736931,366523
1687736931,368854
1687736931,369677
1687736931,372685
1687736931,372977
1687736931,374008
1687736931,379808
1687736931,380375
1687736931,389780
1687736931,391815
1687736931,399714
1687736931,404032
1687736931,405354
1687736931,436101
1687736931,438365
1687736931,441641
1687736931,445220
1687736931,448952
1687736931,457565
1687736931,478879
1687736931,492752
1687736931,497190
1687736931,499091
1687736931,500566
1687736931,527023
1687736931,542785
1687736931,544819
1687736931,553839
1687736931,554470
1687736931,562639
1687736931,594481
1687736931,597047
1687736931,604678
1687736931,605836
1687736931,606522
1687736931,625431
1687736931,634626
1687736931,635756
1687736931,641138
1687736931,651690
1687736931,653649
1687736931,663288
1687736931,664846
1687736931,669260
1687736931,673396
1687736931,678356
1687736931,679530
1687736932,335678
1687736932,339301
1687736932,346588
1687736932,350598
1687736932,358061
1687736932,358422
1687736932,361251
1687736932,371760
1687736932,383457
1687736932,390619
1687736932,392937
1687736932,396002
1687736932,397390
1687736932,418627
1687736932,424317
1687736932,435226
1687736932,455209
1687736932,455731
1687736932,460345
1687736932,462528
1687736932,470026
1687736932,487863
1687736932,491257
1687736932,492155
1687736932,508088
1687736932,535350
1687736932,560433
1687736932,562523
1687736932,587960
1687736932,592622
1687736932,595619
1687736932,598180
1687736932,600565
1687736932,616137
1687736932,622534
1687736932,635494
1687736932,635688
1687736932,643685
1687736932,650104
1687736932,661942
1687736932,662226
1687736932,670761
1687736932,673729
1687736932,689204
1687736932,692201
1687736933,343144
1687736933,343355
1687736933,347961
1687736933,354277
1687736933,357450
1687736933,364517
1687736933,368652
1687736933,374345
1687736933,374641
1687736933,377170
1687736933,378484
1687736933,380324
1687736933,397921
1687736933,415759
1687736933,416781
1687736933,418316
1687736933,430464
1687736933,467739
1687736933,481001
1687736933,485590
1687736933,488182
1687736933,516255
1687736933,518430
1687736933,518612
1687736933,530109
1687736933,530248
1687736933,546323
1687736933,552764
1687736933,563895
1687736933,573842
1687736933,574494
1687736933,589087
1687736933,615570
1687736933,619544
1687736933,620322
1687736933,620743
1687736933,628126
1687736933,639901
1687736933,640366
1687736933,649851
1687736933,654178
1687736933,655937
1687736933,657731
1687736933,661676
1687736933,662409
1687736933,672864
1687736933,678346
1687736933,683274
1687736933,685676
1687736934,329953
1687736934,335221
1687736934,337019
1687736934,342351
1687736934,348702
1687736934,351531
1687736934,352567
1687736934,365544
1687736934,367839
1687736934,368491
1687736934,370074
1687736934,374401
1687736934,377415
1687736934,385407
1687736934,394774
1687736934,399758
1687736934,402088
1687736934,412279
1687736934,414956
1687736934,416348
1687736934,440597
1687736934,444303
1687736934,451418
1687736934,481790
1687736934,486170
1687736934,486836
1687736934,512384
1687736934,515778
1687736934,519737
1687736934,521955
1687736934,536318
1687736934,548046
1687736934,551637
1687736934,570456
1687736934,588409
1687736934,592010
1687736934,614369
1687736934,614932
1687736934,616426
1687736934,616594
1687736934,618982
1687736934,635151
1687736934,655341
1687736934,657093
1687736934,666494
1687736934,670790
1687736934,675263
1687736934,677624
1687736935,346020
1687736935,360129
1687736935,361216
1687736935,365781
1687736935,366842
1687736935,390761
1687736935,401147
1687736935,405932
1687736935,410937
1687736935,436071
1687736935,441941
1687736935,443278
1687736935,446358
1687736935,458953
1687736935,481787
1687736935,494467
1687736935,504020
1687736935,504051
1687736935,507436
1687736935,545249
1687736935,547738
1687736935,550827
1687736935,558914
1687736935,565942
1687736935,575781
1687736935,591754
1687736935,602446
1687736935,604358
1687736935,611342
1687736935,614424
1687736935,635963
1687736935,637586
1687736935,638306
1687736935,640619
1687736935,649919
1687736935,655829
1687736935,656655
1687736935,658177
1687736935,663711
1687736935,667004
1687736935,685055
1687736936,331160
1687736936,332875
1687736936,340325
1687736936,343041
1687736936,345682
1687736936,346986
1687736936,353967
1687736936,361552
1687736936,368458
1687736936,368473
1687736936,372262
1687736936,378334
1687736936,378510
1687736936,379563
1687736936,380263
1687736936,397432
1687736936,425758
1687736936,437733
1687736936,439169
1687736936,460498
1687736936,469134
1687736936,472847
1687736936,472872
1687736936,478149
1687736936,482953
1687736936,486757
1687736936,507643
1687736936,509914
1687736936,511792
1687736936,522484
1687736936,543704
1687736936,546028
1687736936,566910
1687736936,582970
1687736936,594153
1687736936,603488
1687736936,606443
1687736936,610252
1687736936,612020
1687736936,623288
1687736936,632708
1687736936,632824
1687736936,634351
1687736936,641884
1687736936,654469
1687736936,667290
1687736936,668469
1687736936,669536
1687736936,670100
1687736936,672195
1687736936,672989
1687736936,677282
1687736936,688745
1687736937,337843
1687736937,345017
1687736937,351222
1687736937,355721
1687736937,356216
1687736937,356296
1687736937,358043
1687736937,372147
1687736937,373402
1687736937,377233
1687736937,389056
1687736937,390943
1687736937,408801
1687736937,416407
1687736937,425385
1687736937,433627
1687736937,461943
1687736937,476057
1687736937,476380
1687736937,476451
1687736937,491417
1687736937,500320
1687736937,522981
1687736937,533385
1687736937,573522
1687736937,576894
1687736937,578392
1687736937,579588
1687736937,580263
1687736937,584747
1687736937,603529
1687736937,614403
1687736937,623245
1687736937,624913
1687736937,629116
1687736937,632941
1687736937,633824
1687736937,649849
1687736937,651891
1687736937,652132
1687736937,653590
1687736937,659939
1687736937,664654
1687736937,665376
1687736937,672826
1687736937,684374
1687736937,692975
1687736938,333138
1687736938,334225
1687736938,334878
1687736938,335182
1687736938,344657
1687736938,344893
1687736938,349657
1687736938,350379
1687736938,368136
1687736938,369005
1687736938,369674
1687736938,371248
1687736938,379887
1687736938,391546
1687736938,392422
1687736938,401282
1687736938,405584
1687736938,408163
1687736938,420182
1687736938,427699
1687736938,432576
1687736938,444204
1687736938,454650
1687736938,457816
1687736938,465335
1687736938,487704
1687736938,499069
1687736938,509560
1687736938,519118
1687736938,530196
1687736938,537798
1687736938,550906
1687736938,569136
1687736938,583353
1687736938,591170
1687736938,594238
1687736938,598699
1687736938,639084
1687736938,647573
1687736938,652027
1687736938,655312
1687736938,662542
1687736938,670258
1687736938,685290
1687736939,338691
1687736939,346042
1687736939,347603
1687736939,350121
1687736939,350897
1687736939,364635
1687736939,366586
1687736939,368223
1687736939,374614
1687736939,375555
1687736939,380568
1687736939,384910
1687736939,388767
1687736939,392674
1687736939,409769
1687736939,410575
1687736939,438306
1687736939,439451
1687736939,445747
1687736939,449693
1687736939,451207
1687736939,451928
1687736939,459053
1687736939,494740
1687736939,498623
1687736939,513113
1687736939,518661
1687736939,519493
1687736939,534579
1687736939,550873
1687736939,551476
1687736939,551579
1687736939,553327
1687736939,560666
1687736939,560800
1687736939,589224
1687736939,596166
1687736939,601100
1687736939,603028
1687736939,609012
1687736939,610617
1687736939,621347
1687736939,625537
1687736939,634057
1687736939,640094
1687736939,640298
1687736939,641801
1687736939,643995
1687736939,660648
1687736939,662588
1687736939,666615
1687736939,671111
1687736939,674742
1687736939,674979
1687736939,692582
1687736940,334529
1687736940,335767
1687736940,340415
1687736940,361744
1687736940,362458
1687736940,369716
1687736940,374827
1687736940,381385
1687736940,388807
1687736940,390063
1687736940,390378
1687736940,395072
1687736940,398601
1687736940,398697
1687736940,402501
1687736940,402946
1687736940,422180
1687736940,430317
1687736940,430885
1687736940,455882
1687736940,472723
1687736940,489123
1687736940,492387
1687736940,511390
1687736940,512229
1687736940,524751
1687736940,535470
1687736940,538437
1687736940,541638
1687736940,559063
1687736940,564306
1687736940,577180
1687736940,593262
1687736940,597731
1687736940,599755
1687736940,611798
1687736940,626313
1687736940,635589
1687736940,636500
1687736940,647248
1687736940,655066
1687736940,662683
1687736940,663626
1687736940,667934
1687736940,668356
1687736940,668435
1687736940,680732
1687736940,685348
1687736940,690285
1687736941,334352
1687736941,342142
1687736941,345181
1687736941,351402
1687736941,357637
1687736941,362581
1687736941,364858
1687736941,370737
1687736941,378381
1687736941,407389
1687736941,416491
1687736941,422674
1687736941,425223
1687736941,425615
1687736941,432586
1687736941,447617
1687736941,448563
1687736941,461896
1687736941,468665
1687736941,479606
1687736941,493562
1687736941,523914
1687736941,524459
1687736941,535291
1687736941,535925
1687736941,543853
1687736941,548069
1687736941,566116
1687736941,574210
1687736941,578906
1687736941,593106
1687736941,611073
1687736941,620361
1687736941,621473
1687736941,621515
1687736941,623715
1687736941,625496
1687736941,638667
1687736941,642318
1687736941,647341
1687736941,650362
1687736941,651240
1687736941,653483
1687736941,655197
1687736941,656520
1687736941,656696
1687736941,672340
1687736941,672858
1687736941,687189
1687736942,332563
1687736942,333908
1687736942,351020
1687736942,351539
1687736942,351806
1687736942,353038
1687736942,355046
1687736942,357866
1687736942,358261
1687736942,359269
1687736942,362298
1687736942,365975
1687736942,368089
1687736942,369024
1687736942,375736
1687736942,377166
1687736942,386933
1687736942,388877
1687736942,403915
1687736942,409795
1687736942,417890
1687736942,424908
1687736942,438360
1687736942,452282
1687736942,455564
1687736942,467023
1687736942,467476
1687736942,467729
1687736942,473701
1687736942,481393
1687736942,500386
1687736942,509092
1687736942,516217
1687736942,516800
1687736942,535018
1687736942,549986
1687736942,557144
1687736942,561379
1687736942,570250
1687736942,573896
1687736942,574406
1687736942,580704
1687736942,589073
1687736942,602774
1687736942,617510
1687736942,629719
1687736942,631662
1687736942,639850
1687736942,647043
1687736942,648664
1687736942,652786
1687736942,655823
1687736942,662971
1687736942,668075
1687736942,669006
1687736942,669674
1687736942,670775
1687736942,680939
1687736942,693960
1687736943,345745
1687736943,347839
1687736943,358164
1687736943,359211
1687736943,365061
1687736943,365609
1687736943,374529
1687736943,374859
1687736943,384733
1687736943,389926
1687736943,394468
1687736943,395757
1687736943,401953
1687736943,411411
1687736943,416963
1687736943,438579
1687736943,438915
1687736943,439873
1687736943,445946
1687736943,463088
1687736943,466949
1687736943,473228
1687736943,488969
1687736943,493156
1687736943,498972
1687736943,507708
1687736943,512715
1687736943,547372
1687736943,551647
1687736943,565234
1687736943,566935
1687736943,571671
1687736943,572856
1687736943,592525
1687736943,598682
1687736943,599650
1687736943,602694
1687736943,605248
1687736943,609349
1687736943,621976
1687736943,623094
1687736943,634572
1687736943,636983
1687736943,642026
1687736943,653321
1687736943,653735
1687736943,655890
1687736943,659357
1687736943,675498
1687736943,684665
1687736943,690509
1687736944,336870
1687736944,337318
1687736944,338989
1687736944,339499
1687736944,346492
1687736944,354982
1687736944,358651
1687736944,365958
1687736944,375414
1687736944,379327
1687736944,386490
1687736944,390020
1687736944,397488
1687736944,402651
1687736944,419216
1687736944,431646
1687736944,436214
1687736944,440592
1687736944,441059
1687736944,454970
1687736944,462439
1687736944,481216
1687736944,485755
1687736944,497338
1687736944,505877
1687736944,525697
1687736944,533635
1687736944,535273
1687736944,544541
1687736944,549985
1687736944,555235
1687736944,565480
1687736944,596314
1687736944,602524
1687736944,610608
1687736944,618932
1687736944,631586
1687736944,635634
1687736944,637326
1687736944,646051
1687736944,659717
1687736944,662883
1687736944,665268
1687736944,665405
1687736944,670012
1687736944,671956
1687736944,672466
1687736944,674183
1687736944,688388
1687736945,338629
1687736945,350006
1687736945,351299
1687736945,354051
1687736945,354822
1687736945,366831
1687736945,373568
1687736945,375654
1687736945,380290
1687736945,380663
1687736945,384860
1687736945,387202
1687736945,394372
1687736945,401273
1687736945,413279
1687736945,416103
1687736945,416408
1687736945,417624
1687736945,437165
1687736945,455785
1687736945,463352
1687736945,464070
1687736945,472042
1687736945,481980
1687736945,490139
1687736945,492550
1687736945,498960
1687736945,514287
1687736945,523549
1687736945,527754
1687736945,537143
1687736945,549104
1687736945,579440
1687736945,582373
1687736945,589124
1687736945,590663
1687736945,591483
1687736945,606304
1687736945,617372
1687736945,617785
1687736945,621931
1687736945,622064
1687736945,631266
1687736945,631852
1687736945,633126
1687736945,649432
1687736945,653855
1687736945,658623
1687736945,662472
1687736945,662751
1687736945,662949
1687736945,662961
1687736945,670932
1687736945,673283
1687736945,690071
1687736945,691299
1687736946,330779
1687736946,331161
1687736946,331672
1687736946,333247
1687736946,343097
1687736946,343376
1687736946,344757
1687736946,355277
1687736946,366475
1687736946,366535
1687736946,367281
1687736946,367543
1687736946,374494
1687736946,375382
1687736946,379716
1687736946,391401
1687736946,399260
1687736946,399834
1687736946,410699
1687736946,414584
1687736946,416758
1687736946,424483
1687736946,460840
1687736946,476724
1687736946,484698
1687736946,493378
1687736946,508019
1687736946,517625
1687736946,525426
1687736946,530147
1687736946,540215
1687736946,543207
1687736946,558367
1687736946,569234
1687736946,572782
1687736946,573230
1687736946,583185
1687736946,595181
1687736946,614369
1687736946,616127
1687736946,626669
1687736946,635086
1687736946,640396
1687736946,647283
1687736946,654698
1687736946,655255
1687736946,656486
1687736946,671788
1687736946,679184
1687736946,681490
1687736946,684600
1687736946,685201
1687736947,334273
1687736947,346806
1687736947,356332
1687736947,359008
1687736947,360027
1687736947,363448
1687736947,367716
1687736947,377703
1687736947,380880
1687736947,386698
1687736947,390052
1687736947,396259
1687736947,397271
1687736947,415933
1687736947,440508
1687736947,442289
1687736947,449330
1687736947,457640
1687736947,488673
1687736947,491107
1687736947,491206
1687736947,501822
1687736947,502701
1687736947,506700
1687736947,516283
1687736947,521799
1687736947,524767
1687736947,541581
1687736947,545438
1687736947,550993
1687736947,554784
1687736947,565673
1687736947,569139
1687736947,584167
1687736947,589405
1687736947,590585
1687736947,598390
1687736947,598989
1687736947,601054
1687736947,610985
1687736947,613328
1687736947,632411
1687736947,638426
1687736947,640801
1687736947,644023
1687736947,646023
1687736947,648467
1687736947,653706
1687736947,662358
1687736947,662433
1687736947,666262
1687736947,667252
1687736947,668160
1687736947,671405
1687736947,692234
1687736948,329927
1687736948,331112
1687736948,334485
1687736948,335417
1687736948,340360
1687736948,342304
1687736948,345619
1687736948,347224
1687736948,355490
1687736948,366316
1687736948,366737
1687736948,367820
1687736948,374201
1687736948,374496
1687736948,384446
1687736948,386452
1687736948,394369
1687736948,401411
1687736948,402493
1687736948,406216
1687736948,413253
1687736948,417601
1687736948,418534
1687736948,427082
1687736948,438346
1687736948,439965
1687736948,446153
1687736948,472009
1687736948,479121
1687736948,483913
1687736948,498718
1687736948,499403
1687736948,517257
1687736948,527599
1687736948,528770
1687736948,540539
1687736948,543525
1687736948,579322
1687736948,590742
1687736948,594571
1687736948,603299
1687736948,605885
1687736948,614832
1687736948,621584
1687736948,640383
1687736948,648962
1687736948,653107
1687736948,655827
1687736948,663366
1687736948,664988
1687736948,666446
1687736948,671353
1687736948,682723
1687736948,684672
1687736948,689823
1687736949,340957
1687736949,355224
1687736949,358245
1687736949,361630
1687736949,362896
1687736949,368131
1687736949,372412
1687736949,376288
1687736949,387217
1687736949,411002
1687736949,428412
1687736949,432364
1687736949,439026
1687736949,457586
1687736949,461364
1687736949,461883
1687736949,467163
1687736949,469921
1687736949,473934
1687736949,475416
1687736949,511508
1687736949,516975
1687736949,518975
1687736949,535834
1687736949,539095
1687736949,541617
1687736949,553028
1687736949,567093
1687736949,568153
1687736949,573171
1687736949,580814
1687736949,599372
1687736949,614073
1687736949,620801
1687736949,621810
1687736949,627270
1687736949,629162
1687736949,631199
1687736949,634284
1687736949,646773
1687736949,646947
1687736949,652936
1687736949,656473
1687736949,656951
1687736949,666567
1687736949,672841
1687736949,689436
1687736950,329313
1687736950,331740
1687736950,331877
1687736950,343434
1687736950,345943
1687736950,346823
1687736950,352711
1687736950,360703
1687736950,361891
1687736950,365609
1687736950,365691
1687736950,366613
1687736950,368401
1687736950,387693
1687736950,398767
1687736950,400736
1687736950,405905
1687736950,411226
1687736950,423075
1687736950,425006
1687736950,437355
1687736950,465950
1687736950,467873
1687736950,470903
1687736950,473800
1687736950,502777
1687736950,503131
1687736950,515223
1687736950,516519
1687736950,535413
1687736950,539533
1687736950,540751
1687736950,543451
1687736950,567442
1687736950,570563
1687736950,573516
1687736950,576156
1687736950,580934
1687736950,596552
1687736950,597434
1687736950,614575
1687736950,625082
1687736950,638199
1687736950,641069
1687736950,651177
1687736950,652301
1687736950,656440
1687736950,662504
1687736950,663232
1687736950,665870
1687736950,680932
1687736950,687771
1687736950,693487
1687736951,331753
1687736951,333845
1687736951,341231
1687736951,344654
1687736951,356780
1687736951,367137
1687736951,367914
1687736951,371232
1687736951,372365
1687736951,374298
1687736951,374397
1687736951,379369
1687736951,380385
1687736951,388711
1687736951,390046
1687736951,390128
1687736951,403730
1687736951,405501
1687736951,434409
1687736951,443626
1687736951,447468
1687736951,451018
1687736951,455417
1687736951,486137
1687736951,494835
1687736951,495196
1687736951,497263
1687736951,498574
1687736951,529886
1687736951,547119
1687736951,556010
1687736951,556605
1687736951,560648
1687736951,572392
1687736951,592485
1687736951,595108
1687736951,603185
1687736951,606088
1687736951,607557
1687736951,607642
1687736951,624770
1687736951,626704
1687736951,635959
1687736951,637011
1687736951,642567
1687736951,650555
1687736951,650644
1687736951,653040
1687736951,663667
1687736951,669664
1687736951,672940
1687736951,678519
1687736951,679405
1687736952,327580
1687736952,335945
1687736952,339617
1687736952,346595
1687736952,347089
1687736952,351522
1687736952,357419
1687736952,358607
1687736952,358953
1687736952,371616
1687736952,382367
1687736952,392171
1687736952,393769
1687736952,399728
1687736952,416931
1687736952,426388
1687736952,437135
1687736952,440827
1687736952,448293
1687736952,453327
1687736952,460102
1687736952,472087
1687736952,489192
1687736952,490028
1687736952,510258
1687736952,516503
1687736952,525365
1687736952,537678
1687736952,540152
1687736952,558321
1687736952,560505
1687736952,575717
1687736952,585823
1687736952,594362
1687736952,596736
1687736952,598698
1687736952,599988
1687736952,614658
1687736952,620780
1687736952,626602
1687736952,636760
1687736952,637055
1687736952,642510
1687736952,650951
1687736952,660477
1687736952,670473
1687736952,673083
1687736952,689506
1687736952,692661
1687736953,343328
1687736953,347220
1687736953,353848
1687736953,358335
1687736953,365105
1687736953,375202
1687736953,377419
1687736953,378633
1687736953,381753
1687736953,387309
1687736953,396515
1687736953,413846
1687736953,418666
1687736953,420469
1687736953,428925
1687736953,433664
1687736953,453046
1687736953,469717
1687736953,478678
1687736953,487816
1687736953,514252
1687736953,520586
1687736953,532116
1687736953,532439
1687736953,550981
1687736953,561930
1687736953,576472
1687736953,590897
1687736953,614144
1687736953,620658
1687736953,621997
1687736953,622193
1687736953,638422
1687736953,639275
1687736953,651151
1687736953,653316
1687736953,654779
1687736953,658916
1687736953,661032
1687736953,662078
1687736953,663417
1687736953,671107
1687736953,673148
1687736953,683121
1687736953,686585
1687736954,330073
1687736954,334876
1687736954,337729
1687736954,347795
1687736954,349707
1687736954,351559
1687736954,351802
1687736954,366186
1687736954,367209
1687736954,367292
1687736954,368163
1687736954,369623
1687736954,375386
1687736954,375939
1687736954,385945
1687736954,393612
1687736954,401820
1687736954,404403
1687736954,410430
1687736954,414819
1687736954,416749
1687736954,434183
1687736954,441856
1687736954,442945
1687736954,452968
1687736954,479438
1687736954,483963
1687736954,484518
1687736954,506319
1687736954,514436
1687736954,517575
1687736954,517887
1687736954,520101
1687736954,541836
1687736954,549853
1687736954,550142
1687736954,572468
1687736954,586364
1687736954,589828
1687736954,614700
1687736954,615390
1687736954,618195
1687736954,620548
1687736954,631557
1687736954,633616
1687736954,648670
1687736954,665443
1687736954,669103
1687736954,670908
1687736954,674679
1687736954,678462
1687736955,346738
1687736955,356827
1687736955,360351
1687736955,360571
1687736955,361439
1687736955,367535
1687736955,389428
1687736955,391504
1687736955,397645
1687736955,402193
1687736955,404352
1687736955,415810
1687736955,439996
1687736955,440143
1687736955,444414
1687736955,445300
1687736955,461224
1687736955,485115
1687736955,496460
1687736955,505414
1687736955,506347
1687736955,543060
1687736955,549813
1687736955,552897
1687736955,556978
1687736955,567815
1687736955,573814
1687736955,589677
1687736955,600510
1687736955,603979
1687736955,605453
1687736955,612620
1687736955,634747
1687736955,638372
1687736955,639618
1687736955,641933
1687736955,648608
1687736955,654986
1687736955,656738
1687736955,658757
1687736955,663168
1687736955,673182
1687736955,684948
1687736955,688030
1687736956,332978
1687736956,339781
1687736956,341972
1687736956,346023
1687736956,346533
1687736956,354836
1687736956,366562
1687736956,370181
1687736956,377225
1687736956,377289
1687736956,380864
1687736956,380929
1687736956,381394
1687736956,395769
1687736956,409265
1687736956,427592
1687736956,437388
1687736956,439839
1687736956,458427
1687736956,470529
1687736956,474900
1687736956,480205
1687736956,489116
1687736956,505423
1687736956,507777
1687736956,509756
1687736956,524563
1687736956,541783
1687736956,548230
1687736956,564868
1687736956,578848
1687736956,584556
1687736956,596118
1687736956,604828
1687736956,604837
1687736956,608380
1687736956,610343
1687736956,624916
1687736956,632959
1687736956,633955
1687736956,634134
1687736956,643185
1687736956,653343
1687736956,661263
1687736956,668245
1687736956,669126
1687736956,672978
1687736956,676344
1687736957,334555
1687736957,338243
1687736957,355406
1687736957,356403
1687736957,356905
1687736957,357925
1687736957,370748
1687736957,372658
1687736957,378436
1687736957,380086
1687736957,389549
1687736957,389795
1687736957,407224
1687736957,418322
1687736957,421452
1687736957,423585
1687736957,435799
1687736957,463385
1687736957,463846
1687736957,471161
1687736957,474044
1687736957,474284
1687736957,478504
1687736957,489304
1687736957,498295
1687736957,525107
1687736957,531620
1687736957,546435
1687736957,568989
1687736957,574995
1687736957,576251
1687736957,576862
1687736957,577527
1687736957,577995
1687736957,586629
1687736957,601685
1687736957,615795
1687736957,623270
1687736957,623350
1687736957,625163
1687736957,627499
1687736957,631811
1687736957,649084
1687736957,651536
1687736957,653628
1687736957,654715
1687736957,661977
1687736957,664727
1687736957,664873
1687736957,672703
1687736957,684914
1687736957,692840
1687736958,332784
1687736958,335323
1687736958,344536
1687736958,345561
1687736958,348695
1687736958,350480
1687736958,351408
1687736958,368683
1687736958,370256
1687736958,371985
1687736958,374743
1687736958,375328
1687736958,378548
1687736958,390471
1687736958,391143
1687736958,401735
1687736958,403425
1687736958,407912
1687736958,409439
1687736958,415139
1687736958,418481
1687736958,425854
1687736958,430729
1687736958,446542
1687736958,449414
1687736958,453394
1687736958,456583
1687736958,485589
1687736958,501038
1687736958,511794
1687736958,521367
1687736958,528121
1687736958,535723
1687736958,552739
1687736958,567152
1687736958,585236
1687736958,589087
1687736958,595517
1687736958,640256
1687736958,642595
1687736958,648200
1687736958,650774
1687736958,656192
1687736958,661722
1687736958,670542
1687736958,671229
1687736958,684730
1687736959,331169
1687736959,338408
1687736959,338953
1687736959,345050
1687736959,348171
1687736959,349972
1687736959,350344
1687736959,363887
1687736959,365396
1687736959,366781
1687736959,368774
1687736959,375376
1687736959,381078
1687736959,384136
1687736959,387500
1687736959,394538
1687736959,401066
1687736959,407695
1687736959,408655
1687736959,440159
1687736959,447796
1687736959,456777
1687736959,496946
1687736959,497120
1687736959,509270
1687736959,511135
1687736959,517573
1687736959,520892
1687736959,532535
1687736959,548312
1687736959,549327
1687736959,551070
1687736959,553714
1687736959,562620
1687736959,562894
1687736959,598033
1687736959,601081
1687736959,602994
1687736959,608843
1687736959,610053
1687736959,622591
1687736959,623835
1687736959,632339
1687736959,638128
1687736959,638973
1687736959,639079
1687736959,643466
1687736959,660322
1687736959,662996
1687736959,666714
1687736959,670765
1687736959,673758
1687736959,675979
1687736959,692814
1687736960,335142
1687736960,336075
1687736960,341276
1687736960,360052
1687736960,360780
1687736960,363334
1687736960,368782
1687736960,383029
1687736960,392071
1687736960,393600
1687736960,399520
1687736960,400668
1687736960,401552
1687736960,423947
1687736960,432365
1687736960,433014
1687736960,447314
1687736960,453733
1687736960,474618
1687736960,486967
1687736960,494451
1687736960,514252
1687736960,533860
1687736960,537687
1687736960,540340
1687736960,543750
1687736960,556943
1687736960,562237
1687736960,579118
1687736960,591623
1687736960,599169
1687736960,600730
1687736960,610071
1687736960,619646
1687736960,636758
1687736960,646199
1687736960,653360
1687736960,656505
1687736960,663640
1687736960,664777
1687736960,667432
1687736960,668088
1687736960,685562
1687736961,334480
1687736961,342128
1687736961,344486
1687736961,351091
1687736961,358581
1687736961,363172
1687736961,363559
1687736961,372294
1687736961,377171
1687736961,409162
1687736961,418058
1687736961,423903
1687736961,427508
1687736961,430736
1687736961,445181
1687736961,446487
1687736961,465127
1687736961,470801
1687736961,477546
1687736961,495738
1687736961,521724
1687736961,526637
1687736961,533538
1687736961,538141
1687736961,538253
1687736961,546121
1687736961,575973
1687736961,576687
1687736961,594723
1687736961,612172
1687736961,616664
1687736961,618406
1687736961,622855
1687736961,625452
1687736961,626828
1687736961,637701
1687736961,641031
1687736961,649568
1687736961,652267
1687736961,653673
1687736961,655707
1687736961,655976
1687736961,657570
1687736961,670995
1687736961,672784
1687736961,680214
1687736961,687903
1687736962,332509
1687736962,333830
1687736962,349874
1687736962,351295
1687736962,351991
1687736962,352317
1687736962,356727
1687736962,357372
1687736962,360673
1687736962,367112
1687736962,367992
1687736962,369360
1687736962,375937
1687736962,376656
1687736962,387742
1687736962,387933
1687736962,405334
1687736962,407680
1687736962,422717
1687736962,436148
1687736962,454168
1687736962,457727
1687736962,469227
1687736962,469594
1687736962,469850
1687736962,471562
1687736962,479232
1687736962,511303
1687736962,514598
1687736962,518338
1687736962,533052
1687736962,558529
1687736962,563568
1687736962,572004
1687736962,572293
1687736962,576035
1687736962,578753
1687736962,587099
1687736962,600980
1687736962,612459
1687736962,619201
1687736962,630038
1687736962,631058
1687736962,649935
1687736962,657681
1687736962,662233
1687736962,667309
1687736962,667755
1687736962,669058
1687736962,670114
1687736962,670697
1687736962,681580
1687736963,331290
1687736963,339743
1687736963,346509
1687736963,347488
1687736963,358639
1687736963,360078
1687736963,364859
1687736963,365888
1687736963,368429
1687736963,372879
1687736963,373899
1687736963,383445
1687736963,393013
1687736963,403157
1687736963,409669
1687736963,436839
1687736963,447898
1687736963,464888
1687736963,470889
1687736963,490955
1687736963,491128
1687736963,498336
1687736963,501112
1687736963,510666
1687736963,545632
1687736963,553564
1687736963,563178
1687736963,574682
1687736963,590539
1687736963,596708
1687736963,597609
1687736963,604437
1687736963,606578
1687736963,611005
1687736963,624212
1687736963,638549
1687736963,640206
1687736963,641008
1687736963,653205
1687736963,653452
1687736963,654833
1687736963,658659
1687736963,676541
1687736963,677212
1687736963,683805
1687736963,690328
1687736964,331436
1687736964,336734
1687736964,338825
1687736964,346848
1687736964,355881
1687736964,358091
1687736964,365869
1687736964,373956
1687736964,373991
1687736964,376135
1687736964,387540
1687736964,391387
1687736964,395968
1687736964,400821
1687736964,421242
1687736964,429518
1687736964,442870
1687736964,443336
1687736964,452616
1687736964,483582
1687736964,487732
1687736964,495283
1687736964,503393
1687736964,516495
1687736964,521423
1687736964,527722
1687736964,533132
1687736964,551969
1687736964,553037
1687736964,563597
1687736964,573896
1687736964,598104
1687736964,600434
1687736964,608743
1687736964,633212
1687736964,633977
1687736964,635717
1687736964,636942
1687736964,644848
1687736964,658448
1687736964,665909
1687736964,671051
1687736964,671337
1687736964,672385
1687736964,674241
1687736965,339134
1687736965,343962
1687736965,350483
1687736965,350690
1687736965,354798
1687736965,354853
1687736965,365614
1687736965,366760
1687736965,377167
1687736965,379622
1687736965,388291
1687736965,392768
1687736965,399919
1687736965,414392
1687736965,418211
1687736965,419570
1687736965,434897
1687736965,437983
1687736965,453743
1687736965,461333
1687736965,465905
1687736965,474124
1687736965,484057
1687736965,488117
1687736965,490148
1687736965,496407
1687736965,529878
1687736965,535162
1687736965,551118
1687736965,580696
1687736965,581589
1687736965,588776
1687736965,590881
1687736965,593244
1687736965,607235
1687736965,616236
1687736965,618830
1687736965,620361
1687736965,623147
1687736965,629896
1687736965,630128
1687736965,648049
1687736965,653507
1687736965,657642
1687736965,659133
1687736965,662412
1687736965,662626
1687736965,663499
1687736965,664204
1687736965,685137
1687736965,690038
1687736965,690922
1687736966,331223
1687736966,331885
1687736966,333125
1687736966,343089
1687736966,344422
1687736966,354189
1687736966,357916
1687736966,366280
1687736966,366295
1687736966,367909
1687736966,367999
1687736966,374986
1687736966,376443
1687736966,378074
1687736966,393325
1687736966,397402
1687736966,398742
1687736966,413180
1687736966,414899
1687736966,415992
1687736966,422800
1687736966,458049
1687736966,462778
1687736966,482793
1687736966,491077
1687736966,509991
1687736966,515591
1687736966,527725
1687736966,527776
1687736966,541194
1687736966,549164
1687736966,556021
1687736966,571309
1687736966,574695
1687736966,574784
1687736966,581053
1687736966,593190
1687736966,615999
1687736966,617651
1687736966,624685
1687736966,636273
1687736966,638978
1687736966,648715
1687736966,654458
1687736966,655958
1687736966,665931
1687736966,671838
1687736966,678716
1687736966,680417
1687736966,685984
1687736967,333938
1687736967,347426
1687736967,348863
1687736967,355818
1687736967,360301
1687736967,364106
1687736967,367940
1687736967,374738
1687736967,375348
1687736967,378669
1687736967,378867
1687736967,385182
1687736967,388646
1687736967,396254
1687736967,397405
1687736967,399142
1687736967,414633
1687736967,438347
1687736967,444362
1687736967,451158
1687736967,459950
1687736967,478773
1687736967,486816
1687736967,488997
1687736967,493116
1687736967,504780
1687736967,510081
1687736967,514274
1687736967,519762
1687736967,526850
1687736967,539447
1687736967,547833
1687736967,548954
1687736967,557005
1687736967,567300
1687736967,567709
1687736967,581930
1687736967,588434
1687736967,590937
1687736967,600226
1687736967,600698
1687736967,602441
1687736967,611713
1687736967,612036
1687736967,630964
1687736967,639678
1687736967,641655
1687736967,642948
1687736967,647052
1687736967,647546
1687736967,653116
1687736967,661490
1687736967,662727
1687736967,667141
1687736967,667751
1687736967,692213
1687736968,329822
1687736968,330906
1687736968,334726
1687736968,336202
1687736968,340878
1687736968,341746
1687736968,344968
1687736968,347452
1687736968,354299
1687736968,367072
1687736968,367608
1687736968,373222
1687736968,374830
1687736968,385270
1687736968,386174
1687736968,400612
1687736968,402816
1687736968,408554
1687736968,409447
1687736968,411387
1687736968,417052
1687736968,420161
1687736968,428844
1687736968,437701
1687736968,438117
1687736968,440377
1687736968,444320
1687736968,469053
1687736968,469908
1687736968,477115
1687736968,486045
1687736968,500927
1687736968,501754
1687736968,504094
1687736968,504715
1687736968,515215
1687736968,529779
1687736968,530906
1687736968,541358
1687736968,542721
1687736968,543542
1687736968,577188
1687736968,592780
1687736968,596062
1687736968,600570
1687736968,604215
1687736968,604281
1687736968,619536
1687736968,632877
1687736968,641911
1687736968,647171
1687736968,652046
1687736968,656208
1687736968,662913
1687736968,663735
1687736968,667171
1687736968,672496
1687736968,684459
1687736968,689276
1687736969,341288
1687736969,356011
1687736969,357024
1687736969,361757
1687736969,363656
1687736969,367154
1687736969,377367
1687736969,382505
1687736969,387787
1687736969,422933
1687736969,430684
1687736969,430756
1687736969,436854
1687736969,455682
1687736969,458962
1687736969,467635
1687736969,473128
1687736969,476014
1687736969,509314
1687736969,518850
1687736969,521065
1687736969,534050
1687736969,537052
1687736969,551079
1687736969,564847
1687736969,566054
1687736969,575355
1687736969,582527
1687736969,609433
1687736969,612971
1687736969,622467
1687736969,623053
1687736969,627874
1687736969,628894
1687736969,630119
1687736969,632518
1687736969,645789
1687736969,653841
1687736969,657851
1687736969,658164
1687736969,666097
1687736969,672606
1687736969,681971
1687736969,689896
1687736970,329239
1687736970,331846
1687736970,331979
1687736970,336396
1687736970,344056
1687736970,345512
1687736970,345563
1687736970,349724
1687736970,353480
1687736970,362115
1687736970,362546
1687736970,364072
1687736970,366914
1687736970,367256
1687736970,367274
1687736970,386520
1687736970,388171
1687736970,388292
1687736970,399332
1687736970,400953
1687736970,407543
1687736970,413221
1687736970,422945
1687736970,425469
1687736970,435585
1687736970,463650
1687736970,464049
1687736970,469897
1687736970,473107
1687736970,476017
1687736970,501091
1687736970,504840
1687736970,517512
1687736970,518823
1687736970,533458
1687736970,537547
1687736970,569597
1687736970,572274
1687736970,573825
1687736970,575015
1687736970,575429
1687736970,583001
1687736970,594648
1687736970,595442
1687736970,616078
1687736970,623555
1687736970,636157
1687736970,639262
1687736970,652667
1687736970,653709
1687736970,655798
1687736970,661370
1687736970,662453
1687736970,665853
1687736970,681388
1687736970,687318
1687736970,693289
1687736971,333480
1687736971,345397
1687736971,347994
1687736971,352447
1687736971,356992
1687736971,367015
1687736971,367749
1687736971,369844
1687736971,371831
1687736971,374821
1687736971,378377
1687736971,380969
1687736971,387640
1687736971,388473
1687736971,402102
1687736971,403820
1687736971,406915
1687736971,419680
1687736971,432752
1687736971,445623
1687736971,449685
1687736971,453084
1687736971,453251
1687736971,484114
1687736971,493159
1687736971,495399
1687736971,496575
1687736971,496921
1687736971,512418
1687736971,531803
1687736971,538724
1687736971,549409
1687736971,558192
1687736971,558660
1687736971,558704
1687736971,590457
1687736971,593114
1687736971,596032
1687736971,601658
1687736971,607000
1687736971,608763
1687736971,609282
1687736971,627984
1687736971,637310
1687736971,638282
1687736971,643987
1687736971,649553
1687736971,650948
1687736971,652434
1687736971,663981
1687736971,670068
1687736971,672075
1687736971,672485
1687736971,677447
1687736971,680410
1687736972,327636
1687736972,336256
1687736972,339932
1687736972,347337
1687736972,347611
1687736972,356761
1687736972,356989
1687736972,358891
1687736972,359412
1687736972,371484
1687736972,381310
1687736972,393738
1687736972,394682
1687736972,402063
1687736972,415292
1687736972,420591
1687736972,428478
1687736972,439044
1687736972,443258
1687736972,446103
1687736972,450889
1687736972,450899
1687736972,455796
1687736972,474192
1687736972,487102
1687736972,492190
1687736972,523717
1687736972,538377
1687736972,540015
1687736972,550284
1687736972,556196
1687736972,558517
1687736972,583675
1687736972,596798
1687736972,597817
1687736972,601801
1687736972,613157
1687736972,619028
1687736972,620499
1687736972,638034
1687736972,638418
1687736972,641277
1687736972,651742
1687736972,659004
1687736972,672375
1687736972,689740
1687736972,693079
1687736973,343346
1687736973,346522
1687736973,347403
1687736973,353494
1687736973,359149
1687736973,365727
1687736973,375757
1687736973,376376
1687736973,380167
1687736973,383211
1687736973,385841
1687736973,395091
1687736973,411934
1687736973,422673
1687736973,427361
1687736973,435868
1687736973,454532
1687736973,457658
1687736973,471727
1687736973,476358
1687736973,490060
1687736973,512232
1687736973,514403
1687736973,522773
1687736973,531377
1687736973,534142
1687736973,534361
1687736973,534643
1687736973,541337
1687736973,549194
1687736973,559985
1687736973,578457
1687736973,592675
1687736973,609383
1687736973,612707
1687736973,615149
1687736973,621777
1687736973,623656
1687736973,623667
1687736973,625044
1687736973,636959
1687736973,638122
1687736973,648612
1687736973,652440
1687736973,652447
1687736973,653574
1687736973,657657
1687736973,660069
1687736973,660364
1687736973,661906
1687736973,664398
1687736973,673402
1687736973,682929
1687736973,687451
1687736974,328998
1687736974,330230
1687736974,334571
1687736974,338441
1687736974,350561
1687736974,350757
1687736974,352098
1687736974,365727
1687736974,366120
1687736974,366887
1687736974,368524
1687736974,369185
1687736974,374533
1687736974,376435
1687736974,386520
1687736974,392489
1687736974,403897
1687736974,406765
1687736974,408607
1687736974,413280
1687736974,418511
1687736974,432309
1687736974,437255
1687736974,439417
1687736974,445240
1687736974,467172
1687736974,477060
1687736974,481736
1687736974,482212
1687736974,508592
1687736974,515389
1687736974,516481
1687736974,518174
1687736974,520023
1687736974,539815
1687736974,548037
1687736974,552185
1687736974,554949
1687736974,574455
1687736974,584290
1687736974,587519
1687736974,612770
1687736974,616441
1687736974,619971
1687736974,622127
1687736974,632024
1687736974,650016
1687736974,664348
1687736974,668668
1687736974,670987
1687736974,672644
1687736974,673562
1687736974,674066
1687736974,679281
1687736975,346089
1687736975,347477
1687736975,355821
1687736975,359926
1687736975,360585
1687736975,360587
1687736975,367325
1687736975,368256
1687736975,388046
1687736975,393026
1687736975,399593
1687736975,402779
1687736975,403337
1687736975,413776
1687736975,438041
1687736975,442530
1687736975,445091
1687736975,447290
1687736975,463494
1687736975,476966
1687736975,498446
1687736975,508644
1687736975,540877
1687736975,549170
1687736975,551879
1687736975,555024
1687736975,569676
1687736975,571926
1687736975,587517
1687736975,602330
1687736975,605434
1687736975,606547
1687736975,607486
1687736975,610790
1687736975,612378
1687736975,615113
1687736975,633506
1687736975,639164
1687736975,640954
1687736975,643196
1687736975,647295
1687736975,651155
1687736975,654099
1687736975,656803
1687736975,659282
1687736975,662592
1687736975,674169
1687736975,684819
1687736975,687285
1687736976,328251
1687736976,331482
1687736976,333085
1687736976,339259
1687736976,340942
1687736976,342323
1687736976,346404
1687736976,355676
1687736976,368410
1687736976,371946
1687736976,373944
1687736976,375564
1687736976,376114
1687736976,376186
1687736976,376488
1687736976,381468
1687736976,382369
1687736976,390517
1687736976,394130
1687736976,407634
1687736976,426570
1687736976,429443
1687736976,435675
1687736976,441952
1687736976,456360
1687736976,468236
1687736976,482296
1687736976,487276
1687736976,491496
1687736976,503194
1687736976,505642
1687736976,507714
1687736976,526650
1687736976,527345
1687736976,539804
1687736976,548320
1687736976,550437
1687736976,562824
1687736976,580767
1687736976,586177
1687736976,598058
1687736976,603217
1687736976,606180
1687736976,608700
1687736976,626503
1687736976,631533
1687736976,635037
1687736976,635568
1687736976,644478
1687736976,647861
1687736976,652173
1687736976,669188
1687736976,669688
1687736976,672997
1687736976,675406
1687736977,338676
1687736977,354642
1687736977,357089
1687736977,357299
1687736977,357490
1687736977,357837
1687736977,369366
1687736977,371937
1687736977,379664
1687736977,380882
1687736977,388158
1687736977,405671
1687736977,416827
1687736977,420313
1687736977,421816
1687736977,437948
1687736977,450986
1687736977,461428
1687736977,465795
1687736977,472035
1687736977,472195
1687736977,473164
1687736977,480582
1687736977,487165
1687736977,496268
1687736977,527191
1687736977,529814
1687736977,553127
1687736977,571074
1687736977,574055
1687736977,575517
1687736977,575764
1687736977,588507
1687736977,599787
1687736977,617174
1687736977,619328
1687736977,621798
1687736977,624553
1687736977,625866
1687736977,627099
1687736977,629789
1687736977,648304
1687736977,651150
1687736977,651990
1687736977,655122
1687736977,655833
1687736977,661076
1687736977,662612
1687736977,664355
1687736977,664784
1687736977,672576
1687736977,685416
1687736977,692647
1687736978,332467
1687736978,334225
1687736978,335497
1687736978,340888
1687736978,344455
1687736978,346251
1687736978,347732
1687736978,352431
1687736978,368396
1687736978,369415
1687736978,370871
1687736978,372736
1687736978,377258
1687736978,389418
1687736978,389842
1687736978,405572
1687736978,410302
1687736978,410722
1687736978,417014
1687736978,424014
1687736978,428907
1687736978,448901
1687736978,458484
1687736978,483428
1687736978,502994
1687736978,514025
1687736978,518433
1687736978,523591
1687736978,533642
1687736978,554549
1687736978,565151
1687736978,586958
1687736978,587078
1687736978,596767
1687736978,606664
1687736978,641181
1687736978,641419
1687736978,648773
1687736978,649467
1687736978,657066
1687736978,660849
1687736978,670819
1687736978,671489
1687736978,684094
1687736979,331548
1687736979,338159
1687736979,338176
1687736979,344078
1687736979,348802
1687736979,349775
1687736979,349842
1687736979,363120
1687736979,364218
1687736979,365362
1687736979,376103
1687736979,383374
1687736979,386209
1687736979,393798
1687736979,396429
1687736979,405647
1687736979,406773
1687736979,442024
1687736979,446904
1687736979,449816
1687736979,454547
1687736979,455579
1687736979,495243
1687736979,496514
1687736979,499511
1687736979,509128
1687736979,515669
1687736979,523073
1687736979,530510
1687736979,546755
1687736979,547826
1687736979,548884
1687736979,555926
1687736979,564600
1687736979,564924
1687736979,577590
1687736979,599105
1687736979,599931
1687736979,604871
1687736979,607026
1687736979,611078
1687736979,622112
1687736979,623814
1687736979,637826
1687736979,637849
1687736979,645096
1687736979,659935
1687736979,663383
1687736979,666788
1687736979,670111
1687736979,670402
1687736979,672751
1687736979,676027
1687736979,676971
1687736979,692999
1687736980,335831
1687736980,336418
1687736980,342217
1687736980,359830
1687736980,364211
1687736980,366822
1687736980,367892
1687736980,373965
1687736980,375895
1687736980,384765
1687736980,392147
1687736980,398877
1687736980,400187
1687736980,400405
1687736980,403447
1687736980,425716
1687736980,434420
1687736980,435127
1687736980,444923
1687736980,451603
1687736980,476547
1687736980,484764
1687736980,507139
1687736980,516287
1687736980,536092
1687736980,539873
1687736980,545883
1687736980,554814
1687736980,560146
1687736980,581072
1687736980,589916
1687736980,600574
1687736980,601639
1687736980,608286
1687736980,623294
1687736980,637909
1687736980,645126
1687736980,651619
1687736980,664566
1687736980,665912
1687736980,666869
1687736980,685734
1687736980,688586
1687736981,334591
1687736981,342157
1687736981,343806
1687736981,350768
1687736981,359508
1687736981,362280
1687736981,363774
1687736981,373899
1687736981,375973
1687736981,410950
1687736981,419666
1687736981,422204
1687736981,428897
1687736981,429755
1687736981,442757
1687736981,444420
1687736981,472962
1687736981,475469
1687736981,497888
1687736981,519529
1687736981,528831
1687736981,531747
1687736981,536301
1687736981,540317
1687736981,544184
1687736981,574425
1687736981,577800
1687736981,596284
1687736981,606544
1687736981,613264
1687736981,616428
1687736981,617861
1687736981,624165
1687736981,627171
1687736981,628158
1687736981,636706
1687736981,639735
1687736981,648766
1687736981,653248
1687736981,653843
1687736981,654693
1687736981,656701
1687736981,658572
1687736981,669634
1687736981,679648
1687736982,332492
1687736982,333803
1687736982,348763
1687736982,350842
1687736982,350937
1687736982,353161
1687736982,356529
1687736982,358465
1687736982,362136
1687736982,367949
1687736982,368277
1687736982,369706
1687736982,374717
1687736982,377632
1687736982,386598
1687736982,388939
1687736982,403168
1687736982,405554
1687736982,406750
1687736982,420546
1687736982,433970
1687736982,456069
1687736982,459859
1687736982,469373
1687736982,471438
1687736982,471714
1687736982,471950
1687736982,512329
1687736982,513527
1687736982,520457
1687736982,531067
1687736982,559908
1687736982,565733
1687736982,570194
1687736982,573702
1687736982,576770
1687736982,578127
1687736982,585101
1687736982,599194
1687736982,610858
1687736982,620849
1687736982,628376
1687736982,632368
1687736982,651194
1687736982,659480
1687736982,661501
1687736982,666509
1687736982,668459
1687736982,669055
1687736982,670482
1687736982,670587
1687736982,682181
1687736983,335939
1687736983,336182
1687736983,340533
1687736983,347114
1687736983,347301
1687736983,360951
1687736983,364169
1687736983,366719
1687736983,373409
1687736983,382152
1687736983,386701
1687736983,391561
1687736983,404404
1687736983,407939
1687736983,435143
1687736983,449833
1687736983,462790
1687736983,468562
1687736983,489058
1687736983,492975
1687736983,496255
1687736983,503261
1687736983,508618
1687736983,512463
1687736983,543894
1687736983,555470
1687736983,561139
1687736983,576479
1687736983,576510
1687736983,588525
1687736983,594748
1687736983,595539
1687736983,606204
1687736983,607855
1687736983,612618
1687736983,625323
1687736983,638371
1687736983,640152
1687736983,642171
1687736983,652667
1687736983,653544
1687736983,653699
1687736983,657958
1687736983,666362
1687736983,677583
1687736983,682860
1687736983,690066
1687736984,331133
1687736984,338195
1687736984,347277
1687736984,353590
1687736984,356751
1687736984,357531
1687736984,365841
1687736984,372595
1687736984,378022
1687736984,388681
1687736984,392812
1687736984,394449
1687736984,399038
1687736984,422379
1687736984,423300
1687736984,427423
1687736984,439782
1687736984,445148
1687736984,445584
1687736984,450252
1687736984,485931
1687736984,489736
1687736984,493214
1687736984,500867
1687736984,503326
1687736984,529743
1687736984,530998
1687736984,550834
1687736984,553920
1687736984,561780
1687736984,575427
1687736984,598338
1687736984,599904
1687736984,606889
1687736984,634018
1687736984,638207
1687736984,643615
1687736984,662029
1687736984,670697
1687736984,672091
1687736984,672272
1687736984,674262
1687736985,332162
1687736985,339687
1687736985,350118
1687736985,350996
1687736985,354918
1687736985,355538
1687736985,364366
1687736985,378602
1687736985,378760
1687736985,381563
1687736985,389368
1687736985,391199
1687736985,398534
1687736985,412746
1687736985,421558
1687736985,432649
1687736985,451720
1687736985,459325
1687736985,467724
1687736985,476251
1687736985,486081
1687736985,486163
1687736985,487735
1687736985,493868
1687736985,519238
1687736985,532002
1687736985,533208
1687736985,553132
1687736985,579060
1687736985,583740
1687736985,586876
1687736985,592640
1687736985,594977
1687736985,614661
1687736985,618767
1687736985,622062
1687736985,624245
1687736985,628346
1687736985,628481
1687736985,634835
1687736985,646615
1687736985,653106
1687736985,658786
1687736985,659561
1687736985,662269
1687736985,664481
1687736985,665442
1687736985,678189
1687736985,689982
1687736985,690505
1687736986,331355
1687736986,333016
1687736986,343126
1687736986,343174
1687736986,345483
1687736986,348207
1687736986,353110
1687736986,356899
1687736986,365056
1687736986,366111
1687736986,368546
1687736986,369585
1687736986,375530
1687736986,376440
1687736986,377547
1687736986,395288
1687736986,395496
1687736986,413105
1687736986,415699
1687736986,417431
1687736986,421140
1687736986,453004
1687736986,464714
1687736986,480864
1687736986,506366
1687736986,511994
1687736986,513560
1687736986,525346
1687736986,530032
1687736986,539244
1687736986,553681
1687736986,573352
1687736986,576150
1687736986,576763
1687736986,578871
1687736986,617622
1687736986,619201
1687736986,622664
1687736986,630606
1687736986,637460
1687736986,637524
1687736986,650124
1687736986,653655
1687736986,657155
1687736986,671850
1687736986,686700
1687736987,333682
1687736987,348070
1687736987,355356
1687736987,360630
1687736987,364799
1687736987,376827
1687736987,379560
1687736987,383730
1687736987,387321
1687736987,398167
1687736987,401048
1687736987,413359
1687736987,436207
1687736987,446403
1687736987,462220
1687736987,484908
1687736987,486906
1687736987,506818
1687736987,517684
1687736987,526054
1687736987,528970
1687736987,537281
1687736987,546924
1687736987,550205
1687736987,559207
1687736987,565455
1687736987,569694
1687736987,579726
1687736987,586258
1687736987,592461
1687736987,602400
1687736987,602531
1687736987,603806
1687736987,610100
1687736987,613074
1687736987,629473
1687736987,640946
1687736987,641849
1687736987,642545
1687736987,645667
1687736987,649104
1687736987,652502
1687736987,660481
1687736987,662414
1687736987,663049
1687736987,666116
1687736987,667671
1687736987,668200
1687736987,692172
1687736988,329769
1687736988,330739
1687736988,335006
1687736988,336995
1687736988,341166
1687736988,341410
1687736988,344388
1687736988,347687
1687736988,353105
1687736988,367786
1687736988,372276
1687736988,375079
1687736988,384040
1687736988,387954
1687736988,398762
1687736988,404271
1687736988,407900
1687736988,409496
1687736988,410929
1687736988,422730
1687736988,430589
1687736988,435407
1687736988,436114
1687736988,442413
1687736988,442499
1687736988,467802
1687736988,475140
1687736988,488185
1687736988,502714
1687736988,503165
1687736988,504083
1687736988,531945
1687736988,533093
1687736988,539209
1687736988,544922
1687736988,575091
1687736988,594739
1687736988,597522
1687736988,605306
1687736988,643411
1687736988,645328
1687736988,650957
1687736988,656490
1687736988,662449
1687736988,667827
1687736988,672327
1687736988,673638
1687736988,681181
1687736988,684169
1687736989,341664
1687736989,355841
1687736989,356808
1687736989,361899
1687736989,364490
1687736989,366180
1687736989,372570
1687736989,378279
1687736989,378528
1687736989,383654
1687736989,429131
1687736989,432954
1687736989,434714
1687736989,453855
1687736989,456563
1687736989,465326
1687736989,470837
1687736989,477060
1687736989,478162
1687736989,507117
1687736989,520687
1687736989,532272
1687736989,534997
1687736989,545439
1687736989,549153
1687736989,562572
1687736989,563942
1687736989,584218
1687736989,611127
1687736989,624126
1687736989,624302
1687736989,626528
1687736989,628649
1687736989,630506
1687736989,631423
1687736989,633831
1687736989,644791
1687736989,654716
1687736989,659166
1687736989,665594
1687736989,690316
1687736990,329184
1687736990,331848
1687736990,332261
1687736990,344424
1687736990,344703
1687736990,345156
1687736990,348959
1687736990,354282
1687736990,362587
1687736990,363287
1687736990,363601
1687736990,366168
1687736990,367956
1687736990,368157
1687736990,368409
1687736990,386331
1687736990,397952
1687736990,409202
1687736990,415260
1687736990,420875
1687736990,427884
1687736990,433869
1687736990,462152
1687736990,465396
1687736990,471935
1687736990,475336
1687736990,499042
1687736990,506875
1687736990,519773
1687736990,521106
1687736990,531476
1687736990,571722
1687736990,573103
1687736990,573942
1687736990,577335
1687736990,585026
1687736990,592673
1687736990,593490
1687736990,617556
1687736990,622010
1687736990,634055
1687736990,639765
1687736990,648466
1687736990,654154
1687736990,655097
1687736990,655127
1687736990,660188
1687736990,661604
1687736990,665798
1687736990,672007
1687736990,673857
1687736990,681873
1687736991,333118
1687736991,337390
1687736991,340631
1687736991,346174
1687736991,357191
1687736991,366150
1687736991,368493
1687736991,371343
1687736991,375231
1687736991,377421
1687736991,381549
1687736991,386569
1687736991,386855
1687736991,400459
1687736991,405978
1687736991,408337
1687736991,431121
1687736991,447641
1687736991,451055
1687736991,451934
1687736991,455132
1687736991,482093
1687736991,491051
1687736991,493523
1687736991,498996
1687736991,533704
1687736991,536684
1687736991,551706
1687736991,556650
1687736991,560353
1687736991,560774
1687736991,588439
1687736991,591065
1687736991,600116
1687736991,608005
1687736991,608171
1687736991,609898
1687736991,610997
1687736991,629248
1687736991,638665
1687736991,639582
1687736991,639733
1687736991,645347
1687736991,651305
1687736991,651834
1687736991,664277
1687736991,670428
1687736991,672641
1687736991,673014
1687736991,676316
1687736991,681347
1687736991,686803
1687736992,327690
1687736992,336655
1687736992,340231
1687736992,348135
1687736992,348144
1687736992,355423
1687736992,356120
1687736992,357807
1687736992,359831
1687736992,371379
1687736992,380275
1687736992,381748
1687736992,395325
1687736992,395717
1687736992,404421
1687736992,413704
1687736992,422555
1687736992,430545
1687736992,440989
1687736992,443907
1687736992,445675
1687736992,448410
1687736992,453636
1687736992,476317
1687736992,484997
1687736992,494338
1687736992,494556
1687736992,522076
1687736992,536631
1687736992,542207
1687736992,542373
1687736992,552230
1687736992,554037
1687736992,556562
1687736992,579436
1687736992,581529
1687736992,594862
1687736992,597656
1687736992,598835
1687736992,603611
1687736992,611627
1687736992,617303
1687736992,639313
1687736992,640029
1687736992,648654
1687736992,652517
1687736992,657102
1687736992,657520
1687736992,669735
1687736992,671605
1687736992,689878
1687736992,693470
1687736993,339203
1687736993,343412
1687736993,345868
1687736993,353200
1687736993,359955
1687736993,366362
1687736993,375366
1687736993,376296
1687736993,384404
1687736993,384674
1687736993,387124
1687736993,393659
1687736993,409165
1687736993,410035
1687736993,424897
1687736993,425786
1687736993,438121
1687736993,448733
1687736993,455219
1687736993,473755
1687736993,474004
1687736993,492313
1687736993,510179
1687736993,512291
1687736993,524966
1687736993,528875
1687736993,532663
1687736993,536184
1687736993,536859
1687736993,543187
1687736993,547389
1687736993,558042
1687736993,580436
1687736993,594366
1687736993,610326
1687736993,611233
1687736993,613633
1687736993,622898
1687736993,623477
1687736993,625085
1687736993,625331
1687736993,635481
1687736993,636942
1687736993,651526
1687736993,652321
1687736993,653726
1687736993,658786
1687736993,659711
1687736993,661186
1687736993,661663
1687736993,665347
1687736993,673612
1687736993,682680
1687736993,688276
1687736994,329166
1687736994,330401
1687736994,334293
1687736994,345990
1687736994,349560
1687736994,351841
1687736994,352448
1687736994,359097
1687736994,364227
1687736994,364952
1687736994,367674
1687736994,368790
1687736994,368942
1687736994,373164
1687736994,377540
1687736994,391405
1687736994,406005
1687736994,406827
1687736994,411755
1687736994,420270
1687736994,435481
1687736994,437017
1687736994,447472
1687736994,456116
1687736994,474614
1687736994,479525
1687736994,479936
1687736994,510833
1687736994,512252
1687736994,513151
1687736994,516240
1687736994,518524
1687736994,522161
1687736994,537783
1687736994,546170
1687736994,554181
1687736994,576448
1687736994,582214
1687736994,585111
1687736994,606859
1687736994,610816
1687736994,617546
1687736994,621786
1687736994,623700
1687736994,630417
1687736994,642342
1687736994,651379
1687736994,663202
1687736994,665612
1687736994,668211
1687736994,669129
1687736994,671041
1687736994,673415
1687736994,674798
1687736994,680065
1687736995,348292
1687736995,354820
1687736995,359286
1687736995,359718
1687736995,360857
1687736995,368094
1687736995,368989
1687736995,375193
1687736995,382052
1687736995,386666
1687736995,394599
1687736995,401573
1687736995,404566
1687736995,411757
1687736995,436091
1687736995,440721
1687736995,447279
1687736995,449246
1687736995,465790
1687736995,500438
1687736995,511001
1687736995,538576
1687736995,538707
1687736995,550838
1687736995,553036
1687736995,553973
1687736995,557020
1687736995,570046
1687736995,571533
1687736995,585335
1687736995,604116
1687736995,605483
1687736995,607649
1687736995,608962
1687736995,610855
1687736995,616063
1687736995,632228
1687736995,634870
1687736995,639913
1687736995,644431
1687736995,645964
1687736995,651210
1687736995,653203
1687736995,656844
1687736995,659739
1687736995,662015
1687736995,675087
1687736995,684658
1687736995,686507
1687736996,328518
1687736996,331743
1687736996,333204
1687736996,338773
1687736996,339934
1687736996,341031
1687736996,345642
1687736996,346814
1687736996,356497
1687736996,368405
1687736996,373778
1687736996,374984
1687736996,377275
1687736996,383887
1687736996,391231
1687736996,392514
1687736996,420053
1687736996,424467
1687736996,431339
1687736996,434028
1687736996,444065
1687736996,454304
1687736996,465963
1687736996,479036
1687736996,484421
1687736996,489432
1687736996,493845
1687736996,500943
1687736996,503546
1687736996,523164
1687736996,525407
1687736996,528744
1687736996,537790
1687736996,552624
1687736996,560736
1687736996,571465
1687736996,578030
1687736996,582680
1687736996,587781
1687736996,599969
1687736996,601593
1687736996,601727
1687736996,607062
1687736996,607492
1687736996,621816
1687736996,628054
1687736996,630042
1687736996,636094
1687736996,636987
1687736996,645725
1687736996,648736
1687736996,650960
1687736996,670134
1687736996,670183
1687736996,673030
1687736996,674423
1687736997,339162
1687736997,353928
1687736997,357756
1687736997,357785
1687736997,358075
1687736997,358625
1687736997,368000
1687736997,371251
1687736997,380954
1687736997,381708
1687736997,385348
1687736997,386768
1687736997,404120
1687736997,406033
1687736997,422321
1687736997,440057
1687736997,453235
1687736997,467797
1687736997,470058
1687736997,470094
1687736997,475146
1687736997,482693
1687736997,484965
1687736997,494236
1687736997,505675
1687736997,524013
1687736997,527973
1687736997,529260
1687736997,554631
1687736997,571846
1687736997,573175
1687736997,573514
1687736997,573515
1687736997,590374
1687736997,597820
1687736997,620194
1687736997,620245
1687736997,624226
1687736997,625813
1687736997,627765
1687736997,629002
1687736997,647512
1687736997,650735
1687736997,652095
1687736997,656604
1687736997,656966
1687736997,660173
1687736997,663834
1687736997,663941
1687736997,664775
1687736997,672416
1687736997,683402
1687736997,685832
1687736997,692387
1687736998,327710
1687736998,332199
1687736998,333926
1687736998,335665
1687736998,338032
1687736998,344417
1687736998,346728
1687736998,346969
1687736998,353465
1687736998,368144
1687736998,370071
1687736998,373507
1687736998,376023
1687736998,382043
1687736998,382628
1687736998,388369
1687736998,388557
1687736998,407704
1687736998,412029
1687736998,412714
1687736998,415194
1687736998,418936
1687736998,419197
1687736998,422197
1687736998,427103
1687736998,451259
1687736998,460381
1687736998,481291
1687736998,504963
1687736998,516252
1687736998,516573
1687736998,525833
1687736998,531565
1687736998,556342
1687736998,563094
1687736998,584800
1687736998,588906
1687736998,597959
1687736998,604748
1687736998,605146
1687736998,628809
1687736998,639771
1687736998,642594
1687736998,648128
1687736998,649311
1687736998,657930
1687736998,659937
1687736998,671073
1687736998,671677
1687736999,331963
1687736999,338010
1687736999,343156
1687736999,349207
1687736999,349455
1687736999,349743
1687736999,353332
1687736999,358882
1687736999,362362
1687736999,362722
1687736999,363083
1687736999,363956
1687736999,376804
1687736999,384921
1687736999,398341
1687736999,401222
1687736999,403618
1687736999,404924
1687736999,443913
1687736999,444409
1687736999,451780
1687736999,452327
1687736999,457790
1687736999,458912
1687736999,480795
1687736999,493525
1687736999,507077
1687736999,513769
1687736999,514610
1687736999,525240
1687736999,544375
1687736999,546335
1687736999,546766
1687736999,557508
1687736999,558084
1687736999,566611
1687736999,566904
1687736999,597087
1687736999,601865
1687736999,605161
1687736999,606721
1687736999,612126
1687736999,620389
1687736999,620738
1687736999,625006
1687736999,636624
1687736999,636633
1687736999,639081
1687736999,646654
1687736999,652206
1687736999,659521
1687736999,663752
1687736999,666841
1687736999,670017
1687736999,671709
1687736999,677915
1687736999,693116
1687737000,326348
1687737000,336560
1687737000,336800
1687737000,338923
1687737000,343244
1687737000,365044
1687737000,373243
1687737000,376420
1687737000,386540
1687737000,390682
1687737000,395562
1687737000,397144
1687737000,398834
1687737000,401252
1687737000,405847
1687737000,418774
1687737000,427455
1687737000,436438
1687737000,437251
1687737000,442523
1687737000,449462
1687737000,478521
1687737000,482530
1687737000,498569
1687737000,505021
1687737000,512304
1687737000,518314
1687737000,542040
1687737000,544065
1687737000,548018
1687737000,552696
1687737000,558068
1687737000,583004
1687737000,588197
1687737000,601454
1687737000,601967
1687737000,602518
1687737000,606488
1687737000,643983
1687737000,649820
1687737000,665463
1687737000,666261
1687737000,667034
1687737000,667259
1687737000,672465
1687737000,685829
1687737000,689250
1687737001,334668
1687737001,342235
1687737001,343138
1687737001,350473
1687737001,360407
1687737001,361039
1687737001,364128
1687737001,364383
1687737001,367027
1687737001,374812
1687737001,375569
1687737001,420521
1687737001,421307
1687737001,427084
1687737001,430467
1687737001,432002
1687737001,440315
1687737001,442390
1687737001,462556
1687737001,473338
1687737001,475160
1687737001,500016
1687737001,517359
1687737001,529979
1687737001,531006
1687737001,534404
1687737001,542241
1687737001,542446
1687737001,561530
1687737001,572145
1687737001,579676
1687737001,597719
1687737001,614367
1687737001,614418
1687737001,616103
1687737001,623646
1687737001,625446
1687737001,628893
1687737001,629506
1687737001,635675
1687737001,647999
1687737001,651191
1687737001,653621
1687737001,653966
1687737001,654212
1687737001,657386
1687737001,659539
1687737001,668196
1687737001,679045
1687737002,332513
1687737002,333848
1687737002,347689
1687737002,349947
1687737002,350421
1687737002,354020
1687737002,354718
1687737002,355723
1687737002,360231
1687737002,363663
1687737002,367952
1687737002,369513
1687737002,370039
1687737002,373504
1687737002,378639
1687737002,385459
1687737002,389925
1687737002,403475
1687737002,405426
1687737002,408206
1687737002,412791
1687737002,414153
1687737002,418449
1687737002,431797
1687737002,457972
1687737002,461987
1687737002,467158
1687737002,473646
1687737002,473847
1687737002,474057
1687737002,474834
1687737002,501192
1687737002,509984
1687737002,511658
1687737002,515766
1687737002,522563
1687737002,528500
1687737002,529080
1687737002,561258
1687737002,567903
1687737002,568091
1687737002,574756
1687737002,575360
1687737002,580167
1687737002,583075
1687737002,597413
1687737002,601680
1687737002,609292
1687737002,622480
1687737002,626648
1687737002,633653
1687737002,652412
1687737002,660730
1687737002,661220
1687737002,665657
1687737002,668986
1687737002,670440
1687737002,670781
1687737002,682747
1687737003,330069
1687737003,335504
1687737003,335647
1687737003,336600
1687737003,341392
1687737003,346733
1687737003,348107
1687737003,359575
1687737003,361820
1687737003,363527
1687737003,365706
1687737003,367547
1687737003,374019
1687737003,380858
1687737003,385168
1687737003,390110
1687737003,405656
1687737003,406184
1687737003,424471
1687737003,433488
1687737003,451743
1687737003,460628
1687737003,462784
1687737003,466231
1687737003,486984
1687737003,494164
1687737003,495011
1687737003,505431
1687737003,506565
1687737003,514850
1687737003,542176
1687737003,557381
1687737003,559121
1687737003,578266
1687737003,586472
1687737003,592784
1687737003,593432
1687737003,607972
1687737003,609115
1687737003,614192
1687737003,626420
1687737003,636520
1687737003,641733
1687737003,643362
1687737003,652112
1687737003,653614
1687737003,657229
1687737003,666777
1687737003,678604
1687737003,681863
1687737003,689723
1687737004,330874
1687737004,337576
1687737004,347763
1687737004,356944
1687737004,357578
1687737004,365885
1687737004,371200
1687737004,379905
1687737004,389859
1687737004,392927
1687737004,394267
1687737004,397309
1687737004,425041
1687737004,425363
1687737004,425406
1687737004,441628
1687737004,447423
1687737004,447820
1687737004,447886
1687737004,478217
1687737004,488303
1687737004,491155
1687737004,491724
1687737004,498342
1687737004,528860
1687737004,531800
1687737004,548662
1687737004,550200
1687737004,555836
1687737004,576964
1687737004,596238
1687737004,601685
1687737004,605028
1687737004,609114
1687737004,632297
1687737004,635664
1687737004,639436
1687737004,659903
1687737004,661594
1687737004,670079
1687737004,672113
1687737004,673101
1687737004,674241
1687737005,340247
1687737005,349584
1687737005,351576
1687737005,355008
1687737005,356255
1687737005,363121
1687737005,377577
1687737005,380438
1687737005,389628
1687737005,390423
1687737005,397156
1687737005,411119
1687737005,423571
1687737005,430413
1687737005,449704
1687737005,457341
1687737005,459483
1687737005,469576
1687737005,478368
1687737005,484039
1687737005,485282
1687737005,488272
1687737005,491336
1687737005,516996
1687737005,531254
1687737005,534127
1687737005,555113
1687737005,560028
1687737005,577453
1687737005,584953
1687737005,585885
1687737005,594360
1687737005,596668
1687737005,613053
1687737005,617166
1687737005,618572
1687737005,623607
1687737005,625403
1687737005,626511
1687737005,626971
1687737005,641372
1687737005,645147
1687737005,652594
1687737005,655750
1687737005,661862
1687737005,665456
1687737005,666683
1687737005,674139
1687737005,677653
1687737005,690048
1687737006,331545
1687737006,332477
1687737006,332933
1687737006,342379
1687737006,343225
1687737006,346556
1687737006,348405
1687737006,352073
1687737006,354927
1687737006,355987
1687737006,363851
1687737006,365979
1687737006,369152
1687737006,371222
1687737006,374830
1687737006,376145
1687737006,378724
1687737006,393590
1687737006,397267
1687737006,411316
1687737006,418255
1687737006,418923
1687737006,419511
1687737006,466673
1687737006,478919
1687737006,482799
1687737006,501899
1687737006,508593
1687737006,511567
1687737006,514021
1687737006,515567
1687737006,522911
1687737006,532319
1687737006,551360
1687737006,575340
1687737006,576679
1687737006,577574
1687737006,578704
1687737006,619277
1687737006,620815
1687737006,636076
1687737006,651541
1687737006,652855
1687737006,658305
1687737006,671840
1687737006,687415
1687737007,333512
1687737007,348733
1687737007,360979
1687737007,365552
1687737007,374780
1687737007,380409
1687737007,382303
1687737007,386070
1687737007,402938
1687737007,434101
1687737007,444415
1687737007,448434
1687737007,454900
1687737007,464459
1687737007,482966
1687737007,484825
1687737007,508850
1687737007,510210
1687737007,531097
1687737007,535139
1687737007,544889
1687737007,552558
1687737007,563654
1687737007,571637
1687737007,577539
1687737007,584097
1687737007,593959
1687737007,604060
1687737007,605137
1687737007,608501
1687737007,614099
1687737007,627925
1687737007,638409
1687737007,640731
1687737007,642194
1687737007,643426
1687737007,644239
1687737007,650634
1687737007,651831
1687737007,659431
1687737007,663306
1687737007,665114
1687737007,665322
1687737007,692108
1687737008,329762
1687737008,330618
1687737008,335343
1687737008,337802
1687737008,340603
1687737008,341980
1687737008,343822
1687737008,347907
1687737008,351943
1687737008,366914
1687737008,368506
1687737008,371363
1687737008,371519
1687737008,375263
1687737008,382767
1687737008,389808
1687737008,396933
1687737008,400111
1687737008,405757
1687737008,406388
1687737008,413293
1687737008,425290
1687737008,426081
1687737008,432355
1687737008,433074
1687737008,434127
1687737008,440694
1687737008,465688
1687737008,469257
1687737008,473145
1687737008,490290
1687737008,500712
1687737008,505419
1687737008,506418
1687737008,534138
1687737008,535305
1687737008,537057
1687737008,547127
1687737008,573003
1687737008,596641
1687737008,598928
1687737008,606313
1687737008,625563
1687737008,643399
1687737008,644855
1687737008,649562
1687737008,649822
1687737008,656699
1687737008,668445
1687737008,674777
1687737008,680352
1687737008,683836
1687737009,342065
1687737009,354705
1687737009,357601
1687737009,362064
1687737009,365131
1687737009,365231
1687737009,365392
1687737009,371226
1687737009,379756
1687737009,380107
1687737009,384847
1687737009,427512
1687737009,432587
1687737009,435242
1687737009,452067
1687737009,454153
1687737009,463019
1687737009,468574
1687737009,480327
1687737009,480402
1687737009,504969
1687737009,522511
1687737009,525329
1687737009,530469
1687737009,532914
1687737009,547260
1687737009,547307
1687737009,560317
1687737009,561780
1687737009,569095
1687737009,573828
1687737009,585896
1687737009,602841
1687737009,609280
1687737009,625161
1687737009,625786
1687737009,627135
1687737009,629910
1687737009,632109
1687737009,635134
1687737009,643740
1687737009,655550
1687737009,655651
1687737009,660428
1687737009,661083
1687737009,665092
1687737009,672026
1687737009,689903
1687737009,690716
1687737010,329156
1687737010,331913
1687737010,332582
1687737010,343342
1687737010,344884
1687737010,345410
1687737010,348181
1687737010,355132
1687737010,357345
1687737010,361151
1687737010,364081
1687737010,365137
1687737010,368652
1687737010,369053
1687737010,369433
1687737010,384185
1687737010,384544
1687737010,396599
1687737010,410883
1687737010,417327
1687737010,418821
1687737010,430283
1687737010,460269
1687737010,467112
1687737010,473992
1687737010,477572
1687737010,496932
1687737010,522005
1687737010,523378
1687737010,529478
1687737010,571173
1687737010,575549
1687737010,579181
1687737010,587026
1687737010,590646
1687737010,591566
1687737010,619051
1687737010,620438
1687737010,631931
1687737010,636559
1687737010,652542
1687737010,654405
1687737010,656438
1687737010,658945
1687737010,660745
1687737010,665697
1687737010,682346
1687737010,686256
1687737011,332761
1687737011,336635
1687737011,340432
1687737011,346975
1687737011,365305
1687737011,367166
1687737011,376490
1687737011,385227
1687737011,385499
1687737011,398816
1687737011,408216
1687737011,409733
1687737011,429504
1687737011,448834
1687737011,454192
1687737011,457168
1687737011,480060
1687737011,488882
1687737011,491605
1687737011,501054
1687737011,520431
1687737011,534636
1687737011,535595
1687737011,554634
1687737011,562509
1687737011,562786
1687737011,586387
1687737011,588963
1687737011,598584
1687737011,608987
1687737011,611039
1687737011,612719
1687737011,620325
1687737011,630523
1687737011,640048
1687737011,640907
1687737011,642355
1687737011,651262
1687737011,651608
1687737011,664548
1687737011,670743
1687737011,671480
1687737011,673897
1687737011,675116
1687737011,682240
1687737012,327773
1687737012,337130
1687737012,340540
1687737012,348681
1687737012,349040
1687737012,353892
1687737012,354200
1687737012,355514
1687737012,356752
1687737012,360221
1687737012,371286
1687737012,383400
1687737012,396840
1687737012,396923
1687737012,406800
1687737012,412162
1687737012,432594
1687737012,441719
1687737012,442936
1687737012,445887
1687737012,448056
1687737012,471668
1687737012,478469
1687737012,482844
1687737012,492498
1687737012,496490
1687737012,516846
1687737012,534865
1687737012,544729
1687737012,545613
1687737012,551855
1687737012,556091
1687737012,579366
1687737012,581245
1687737012,592881
1687737012,599219
1687737012,599832
1687737012,605388
1687737012,610033
1687737012,615561
1687737012,626522
1687737012,638790
1687737012,640585
1687737012,641013
1687737012,648695
1687737012,653247
1687737012,669316
1687737012,670791
1687737012,689951
1687737013,343516
1687737013,345250
1687737013,352964
1687737013,360721
1687737013,367004
1687737013,374373
1687737013,382988
1687737013,386141
1687737013,392239
1687737013,408158
1687737013,412112
1687737013,424210
1687737013,427136
1687737013,433697
1687737013,440397
1687737013,446555
1687737013,452798
1687737013,475780
1687737013,494546
1687737013,510181
1687737013,526394
1687737013,530970
1687737013,538266
1687737013,539085
1687737013,541028
1687737013,545039
1687737013,561387
1687737013,582414
1687737013,595961
1687737013,609760
1687737013,611241
1687737013,612147
1687737013,620602
1687737013,621934
1687737013,623996
1687737013,634002
1687737013,635744
1687737013,650564
1687737013,650999
1687737013,654993
1687737013,659028
1687737013,659899
1687737013,659944
1687737013,661372
1687737013,662306
1687737013,666258
1687737013,673763
1687737013,682403
1687737014,329353
1687737014,330567
1687737014,334065
1687737014,339984
1687737014,344635
1687737014,348559
1687737014,352792
1687737014,352995
1687737014,362704
1687737014,363817
1687737014,368432
1687737014,368560
1687737014,371785
1687737014,378712
1687737014,387750
1687737014,405070
1687737014,407609
1687737014,408141
1687737014,410251
1687737014,411596
1687737014,422009
1687737014,428676
1687737014,434665
1687737014,449677
1687737014,457708
1687737014,471348
1687737014,472132
1687737014,477684
1687737014,510841
1687737014,513026
1687737014,514249
1687737014,520607
1687737014,524289
1687737014,535738
1687737014,544240
1687737014,552439
1687737014,556113
1687737014,578422
1687737014,582642
1687737014,608254
1687737014,608868
1687737014,618683
1687737014,623579
1687737014,625275
1687737014,628799
1687737014,638647
1687737014,643785
1687737014,652712
1687737014,661921
1687737014,662029
1687737014,667714
1687737014,668631
1687737014,669789
1687737014,671055
1687737014,672733
1687737014,680798
1687737015,345238
1687737015,349136
1687737015,353881
1687737015,355884
1687737015,358658
1687737015,358806
1687737015,361172
1687737015,369736
1687737015,385297
1687737015,396231
1687737015,399688
1687737015,403569
1687737015,409742
1687737015,434154
1687737015,438956
1687737015,446167
1687737015,449444
1687737015,451165
1687737015,468069
1687737015,498993
1687737015,503686
1687737015,513390
1687737015,536552
1687737015,537335
1687737015,551009
1687737015,556081
1687737015,559096
1687737015,568182
1687737015,573365
1687737015,583120
1687737015,600824
1687737015,603480
1687737015,607135
1687737015,608738
1687737015,609341
1687737015,630918
1687737015,640663
1687737015,644574
1687737015,645681
1687737015,651213
1687737015,652273
1687737015,656833
1687737015,660117
1687737015,661414
1687737015,684484
1687737016,328803
1687737016,332046
1687737016,333337
1687737016,338324
1687737016,338992
1687737016,339822
1687737016,347258
1687737016,357286
1687737016,368405
1687737016,373904
1687737016,374284
1687737016,375642
1687737016,379027
1687737016,382629
1687737016,385511
1687737016,390894
1687737016,404443
1687737016,422440
1687737016,432439
1687737016,433229
1687737016,452235
1687737016,463685
1687737016,481145
1687737016,486561
1687737016,491555
1687737016,496173
1687737016,498641
1687737016,501454
1687737016,523506
1687737016,530881
1687737016,535712
1687737016,554808
1687737016,558631
1687737016,569615
1687737016,579537
1687737016,589344
1687737016,599955
1687737016,601852
1687737016,605407
1687737016,608770
1687737016,628508
1687737016,629556
1687737016,637135
1687737016,638380
1687737016,646938
1687737016,649717
1687737016,670629
1687737016,671028
1687737016,673101
1687737016,673435
1687737017,339660
1687737017,353236
1687737017,357766
1687737017,358401
1687737017,358645
1687737017,359985
1687737017,370557
1687737017,382301
1687737017,382588
1687737017,385408
1687737017,402524
1687737017,418305
1687737017,424370
1687737017,425341
1687737017,442191
1687737017,455526
1687737017,467968
1687737017,468072
1687737017,469824
1687737017,477116
1687737017,482750
1687737017,484837
1687737017,492160
1687737017,521970
1687737017,526117
1687737017,531332
1687737017,552052
1687737017,556093
1687737017,571259
1687737017,571561
1687737017,575305
1687737017,592196
1687737017,595838
1687737017,618727
1687737017,621074
1687737017,622575
1687737017,625720
1687737017,627080
1687737017,630880
1687737017,646714
1687737017,650281
1687737017,652160
1687737017,658062
1687737017,658118
1687737017,659260
1687737017,663245
1687737017,664700
1687737017,665254
1687737017,672202
1687737017,682687
1687737017,686221
1687737017,692070
1687737018,328030
1687737018,331967
1687737018,333649
1687737018,335898
1687737018,336833
1687737018,344417
1687737018,345712
1687737018,347712
1687737018,354555
1687737018,367922
1687737018,370728
1687737018,374318
1687737018,374854
1687737018,381890
1687737018,382511
1687737018,387261
1687737018,387310
1687737018,409816
1687737018,413390
1687737018,413613
1687737018,415182
1687737018,417513
1687737018,420402
1687737018,420885
1687737018,453553
1687737018,457535
1687737018,462309
1687737018,479163
1687737018,506955
1687737018,514723
1687737018,518463
1687737018,528084
1687737018,529519
1687737018,558113
1687737018,561019
1687737018,582607
1687737018,590753
1687737018,599148
1687737018,603630
1687737018,620006
1687737018,626954
1687737018,638360
1687737018,643764
1687737018,646748
1687737018,647317
1687737018,649800
1687737018,658758
1687737018,659034
1687737018,671324
1687737018,671847
1687737019,332374
1687737019,337900
1687737019,342299
1687737019,348664
1687737019,349650
1687737019,350150
1687737019,361946
1687737019,362531
1687737019,364019
1687737019,377477
1687737019,383643
1687737019,400268
1687737019,401617
1687737019,403097
1687737019,441948
1687737019,445849
1687737019,450125
1687737019,453698
1687737019,459986
1687737019,461159
1687737019,491822
1687737019,500620
1687737019,504275
1687737019,505008
1687737019,511890
1687737019,527373
1687737019,541992
1687737019,544717
1687737019,544853
1687737019,559075
1687737019,560220
1687737019,568637
1687737019,568874
1687737019,595019
1687737019,603258
1687737019,603779
1687737019,608533
1687737019,613160
1687737019,618669
1687737019,621562
1687737019,626169
1687737019,635376
1687737019,635405
1687737019,642947
1687737019,648185
1687737019,652150
1687737019,659072
1687737019,664105
1687737019,666856
1687737019,669607
1687737019,670637
1687737019,678808
1687737019,693210
1687737020,326861
1687737020,337213
1687737020,337292
1687737020,344322
1687737020,357951
1687737020,365866
1687737020,372549
1687737020,376931
1687737020,388413
1687737020,389227
1687737020,395509
1687737020,397495
1687737020,402128
1687737020,408251
1687737020,417005
1687737020,429227
1687737020,438434
1687737020,439363
1687737020,440119
1687737020,447317
1687737020,480286
1687737020,480545
1687737020,502920
1687737020,508149
1687737020,508922
1687737020,510239
1687737020,520323
1687737020,526449
1687737020,544226
1687737020,545895
1687737020,550143
1687737020,550602
1687737020,555990
1687737020,563265
1687737020,584949
1687737020,586467
1687737020,600074
1687737020,603336
1687737020,603349
1687737020,604678
1687737020,630574
1687737020,642826
1687737020,647981
1687737020,665606
1687737020,666316
1687737020,666877
1687737020,668159
1687737020,672258
1687737020,685880
1687737021,334734
1687737021,342348
1687737021,342485
1687737021,350176
1687737021,359825
1687737021,361252
1687737021,365057
1687737021,365377
1687737021,366197
1687737021,373652
1687737021,375666
1687737021,377265
1687737021,418859
1687737021,423013
1687737021,425317
1687737021,434215
1687737021,437828
1687737021,440392
1687737021,464637
1687737021,471141
1687737021,477348
1687737021,502133
1687737021,515211
1687737021,528200
1687737021,533181
1687737021,544558
1687737021,569839
1687737021,581494
1687737021,599039
1687737021,612409
1687737021,614365
1687737021,615490
1687737021,624718
1687737021,626737
1687737021,630843
1687737021,634599
1687737021,637021
1687737021,647230
1687737021,650838
1687737021,652511
1687737021,654040
1687737021,655169
1687737021,658017
1687737021,660439
1687737021,666700
1687737021,678421
1687737022,332574
1687737022,333929
1687737022,346642
1687737022,349013
1687737022,350014
1687737022,354934
1687737022,354947
1687737022,362004
1687737022,365267
1687737022,367961
1687737022,370389
1687737022,370808
1687737022,372274
1687737022,379701
1687737022,384337
1687737022,390908
1687737022,401474
1687737022,407693
1687737022,409715
1687737022,412386
1687737022,414672
1687737022,416420
1687737022,429621
1687737022,459903
1687737022,464120
1687737022,464974
1687737022,472605
1687737022,475850
1687737022,475936
1687737022,476163
1687737022,507549
1687737022,509529
1687737022,518034
1687737022,524680
1687737022,527069
1687737022,532565
1687737022,562631
1687737022,565994
1687737022,570055
1687737022,572720
1687737022,581022
1687737022,582189
1687737022,595629
1687737022,600219
1687737022,607758
1687737022,624077
1687737022,624870
1687737022,634933
1687737022,653591
1687737022,659917
1687737022,662887
1687737022,664761
1687737022,668878
1687737022,670256
1687737022,671030
1687737022,683300
1687737022,689348
1687737023,330435
1687737023,335102
1687737023,335144
1687737023,335577
1687737023,342279
1687737023,346342
1687737023,348925
1687737023,356330
1687737023,360074
1687737023,362682
1687737023,362956
1687737023,366676
1687737023,367017
1687737023,368443
1687737023,372199
1687737023,374664
1687737023,379612
1687737023,383690
1687737023,388635
1687737023,404452
1687737023,406922
1687737023,431862
1687737023,453663
1687737023,458393
1687737023,463948
1687737023,464934
1687737023,484919
1687737023,492039
1687737023,497057
1687737023,504515
1687737023,507590
1687737023,517258
1687737023,526727
1687737023,540387
1687737023,554136
1687737023,557126
1687737023,559302
1687737023,564688
1687737023,580034
1687737023,584404
1687737023,590794
1687737023,591307
1687737023,609731
1687737023,610312
1687737023,615714
1687737023,627480
1687737023,634688
1687737023,641072
1687737023,643342
1687737023,644563
1687737023,651348
1687737023,651531
1687737023,653659
1687737023,656506
1687737023,667161
1687737023,679585
1687737023,680774
1687737024,330631
1687737024,331261
1687737024,336233
1687737024,336999
1687737024,348279
1687737024,358396
1687737024,365971
1687737024,367062
1687737024,369840
1687737024,381832
1687737024,391082
1687737024,391435
1687737024,395647
1687737024,395751
1687737024,412062
1687737024,423328
1687737024,427522
1687737024,427685
1687737024,443488
1687737024,449676
1687737024,450036
1687737024,489108
1687737024,490677
1687737024,493710
1687737024,495782
1687737024,508837
1687737024,533911
1687737024,546516
1687737024,557774
1687737024,578486
1687737024,594140
1687737024,597537
1687737024,603137
1687737024,603459
1687737024,610034
1687737024,626415
1687737024,630569
1687737024,638300
1687737024,640639
1687737024,650094
1687737024,661134
1687737024,669488
1687737024,671912
1687737024,674073
1687737024,674198
1687737025,340837
1687737025,349116
1687737025,352208
1687737025,355140
1687737025,356969
1687737025,369527
1687737025,376536
1687737025,382204
1687737025,388082
1687737025,391460
1687737025,395787
1687737025,409504
1687737025,425580
1687737025,428203
1687737025,445541
1687737025,447704
1687737025,455347
1687737025,466584
1687737025,471422
1687737025,480525
1687737025,482018
1687737025,482802
1687737025,488788
1687737025,490381
1687737025,514715
1687737025,536239
1687737025,557101
1687737025,563916
1687737025,575827
1687737025,583007
1687737025,587989
1687737025,596021
1687737025,598354
1687737025,611422
1687737025,615581
1687737025,624657
1687737025,625130
1687737025,625372
1687737025,626468
1687737025,626597
1687737025,636475
1687737025,643627
1687737025,652001
1687737025,654388
1687737025,661420
1687737025,666338
1687737025,667905
1687737025,674388
1687737025,677101
1687737025,689517
1687737026,331812
1687737026,332797
1687737026,332897
1687737026,341602
1687737026,343389
1687737026,347615
1687737026,348574
1687737026,362701
1687737026,365877
1687737026,369732
1687737026,372901
1687737026,373252
1687737026,376843
1687737026,379948
1687737026,391663
1687737026,397340
1687737026,399231
1687737026,409555
1687737026,409651
1687737026,410904
1687737026,417903
1687737026,420460
1687737026,420828
1687737026,468661
1687737026,476936
1687737026,484748
1687737026,509053
1687737026,509612
1687737026,510767
1687737026,513414
1687737026,516062
1687737026,520444
1687737026,534560
1687737026,549040
1687737026,563566
1687737026,574453
1687737026,577292
1687737026,579009
1687737026,580625
1687737026,601403
1687737026,618538
1687737026,620942
1687737026,622432
1687737026,634604
1687737026,639844
1687737026,640254
1687737026,652046
1687737026,652946
1687737026,659422
1687737026,661131
1687737026,671819
1687737026,688071
1687737026,689803
1687737027,330085
1687737027,333420
1687737027,338523
1687737027,349394
1687737027,354543
1687737027,355121
1687737027,361378
1687737027,366388
1687737027,371087
1687737027,372747
1687737027,380881
1687737027,381242
1687737027,381477
1687737027,384897
1687737027,402083
1687737027,404817
1687737027,405777
1687737027,432010
1687737027,446376
1687737027,450456
1687737027,456854
1687737027,466687
1687737027,467497
1687737027,480991
1687737027,482752
1687737027,508133
1687737027,510860
1687737027,532980
1687737027,533228
1687737027,542834
1687737027,554897
1687737027,561858
1687737027,564009
1687737027,573541
1687737027,581969
1687737027,595436
1687737027,605719
1687737027,606460
1687737027,606934
1687737027,615139
1687737027,626332
1687737027,639544
1687737027,642796
1687737027,643433
1687737027,644331
1687737027,651171
1687737027,652166
1687737027,658335
1687737027,661385
1687737027,663504
1687737027,664145
1687737027,665055
1687737027,669029
1687737027,691994
1687737028,329782
1687737028,330530
1687737028,335731
1687737028,338643
1687737028,340044
1687737028,342619
1687737028,343282
1687737028,348133
1687737028,350814
1687737028,368861
1687737028,369211
1687737028,370519
1687737028,375397
1687737028,391753
1687737028,395100
1687737028,407227
1687737028,415661
1687737028,427739
1687737028,427822
1687737028,430722
1687737028,432178
1687737028,434137
1687737028,438901
1687737028,463609
1687737028,471137
1687737028,492341
1687737028,498726
1687737028,505334
1687737028,507684
1687737028,508775
1687737028,534940
1687737028,536324
1687737028,537512
1687737028,540329
1687737028,549351
1687737028,575379
1687737028,598490
1687737028,598572
1687737028,599104
1687737028,600308
1687737028,607334
1687737028,617012
1687737028,627253
1687737028,641407
1687737028,646233
1687737028,648627
1687737028,650321
1687737028,650699
1687737028,656863
1687737028,668974
1687737028,675882
1687737028,679508
1687737028,683454
1687737028,689858
1687737029,342348
1687737029,342518
1687737029,353617
1687737029,358371
1687737029,362264
1687737029,364302
1687737029,366326
1687737029,369910
1687737029,381042
1687737029,381974
1687737029,386079
1687737029,404896
1687737029,410536
1687737029,425868
1687737029,430463
1687737029,437543
1687737029,450285
1687737029,451773
1687737029,460679
1687737029,466328
1687737029,482525
1687737029,482591
1687737029,502861
1687737029,524307
1687737029,527538
1687737029,528693
1687737029,530806
1687737029,545353
1687737029,549183
1687737029,559558
1687737029,566720
1687737029,570886
1687737029,587589
1687737029,603967
1687737029,607447
1687737029,623759
1687737029,625602
1687737029,627460
1687737029,628371
1687737029,633739
1687737029,636420
1687737029,642640
1687737029,656335
1687737029,659662
1687737029,661636
1687737029,664575
1687737029,671708
1687737029,691094
1687737030,329151
1687737030,332044
1687737030,332912
1687737030,344684
1687737030,346169
1687737030,347418
1687737030,356033
1687737030,359741
1687737030,364184
1687737030,364970
1687737030,366751
1687737030,369333
1687737030,370785
1687737030,383033
1687737030,395279
1687737030,412565
1687737030,416786
1687737030,419428
1687737030,432690
1687737030,458366
1687737030,468807
1687737030,476084
1687737030,479807
1687737030,494771
1687737030,524228
1687737030,525618
1687737030,527463
1687737030,532562
1687737030,543462
1687737030,569208
1687737030,577097
1687737030,580982
1687737030,588544
1687737030,588960
1687737030,589661
1687737030,618845
1687737030,620568
1687737030,629812
1687737030,653616
1687737030,657647
1687737030,665550
1687737030,682804
1687737030,685682
1687737031,332385
1687737031,335857
1687737031,340294
1687737031,347793
1687737031,357463
1687737031,361611
1687737031,361858
1687737031,364486
1687737031,369721
1687737031,375593
1687737031,382816
1687737031,383649
1687737031,384444
1687737031,397160
1687737031,410509
1687737031,411115
1687737031,427891
1687737031,446637
1687737031,456443
1687737031,459230
1687737031,478033
1687737031,486678
1687737031,489638
1687737031,490459
1687737031,498671
1687737031,503136
1687737031,518758
1687737031,535473
1687737031,537466
1687737031,564665
1687737031,564787
1687737031,584300
1687737031,586801
1687737031,597073
1687737031,609946
1687737031,612147
1687737031,618836
1687737031,631805
1687737031,641409
1687737031,642248
1687737031,646112
1687737031,649049
1687737031,650702
1687737031,651852
1687737031,659901
1687737031,660198
1687737031,664802
1687737031,670961
1687737031,671009
1687737031,673889
1687737031,674705
1687737031,683085
1687737032,327891
1687737032,337680
1687737032,340857
1687737032,349222
1687737032,350031
1687737032,351074
1687737032,352394
1687737032,354969
1687737032,355066
1687737032,355695
1687737032,360608
1687737032,371210
1687737032,385144
1687737032,398041
1687737032,398538
1687737032,409203
1687737032,410652
1687737032,434634
1687737032,439527
1687737032,443340
1687737032,444926
1687737032,450388
1687737032,480646
1687737032,480649
1687737032,519087
1687737032,529315
1687737032,533078
1687737032,543873
1687737032,547074
1687737032,549646
1687737032,556032
1687737032,576974
1687737032,577135
1687737032,583071
1687737032,590852
1687737032,597505
1687737032,600750
1687737032,600765
1687737032,607169
1687737032,608412
1687737032,613813
1687737032,637516
1687737032,641823
1687737032,642278
1687737032,653870
1687737032,668855
1687737032,669872
1687737032,689965
1687737033,343688
1687737033,344688
1687737033,352744
1687737033,361168
1687737033,361463
1687737033,367644
1687737033,373365
1687737033,381571
1687737033,387620
1687737033,390834
1687737033,406315
1687737033,422654
1687737033,429360
1687737033,442711
1687737033,444381
1687737033,450414
1687737033,469364
1687737033,477848
1687737033,496746
1687737033,506127
1687737033,508111
1687737033,523936
1687737033,529298
1687737033,540346
1687737033,541306
1687737033,546879
1687737033,554186
1687737033,608251
1687737033,610647
1687737033,612159
1687737033,614412
1687737033,620404
1687737033,625086
1687737033,627939
1687737033,632496
1687737033,634516
1687737033,649588
1687737033,649605
1687737033,656194
1687737033,658339
1687737033,661004
1687737033,661045
1687737033,663386
1687737033,667116
1687737033,673849
1687737033,682069
1687737034,329545
1687737034,330736
1687737034,333877
1687737034,338086
1687737034,340768
1687737034,343344
1687737034,347556
1687737034,353145
1687737034,354178
1687737034,362727
1687737034,368139
1687737034,369501
1687737034,370427
1687737034,379921
1687737034,388402
1687737034,403387
1687737034,408781
1687737034,410293
1687737034,414054
1687737034,423768
1687737034,426904
1687737034,431860
1687737034,432402
1687737034,451823
1687737034,459316
1687737034,469613
1687737034,473455
1687737034,475453
1687737034,508484
1687737034,512232
1687737034,515186
1687737034,522682
1687737034,526372
1687737034,533688
1687737034,554011
1687737034,557985
1687737034,561170
1687737034,580092
1687737034,580347
1687737034,605270
1687737034,606899
1687737034,609648
1687737034,619853
1687737034,625327
1687737034,626855
1687737034,627167
1687737034,645276
1687737034,654028
1687737034,660835
1687737034,667190
1687737034,670438
1687737034,671029
1687737034,672056
1687737034,681464
1687737035,344884
1687737035,349987
1687737035,352969
1687737035,357097
1687737035,357865
1687737035,358037
1687737035,361504
1687737035,370461
1687737035,383961
1687737035,397943
1687737035,398218
1687737035,405590
1687737035,407772
1687737035,432240
1687737035,437281
1687737035,451623
1687737035,453054
1687737035,470380
1687737035,496756
1687737035,515761
1687737035,534471
1687737035,548922
1687737035,558065
1687737035,558194
1687737035,566341
1687737035,575162
1687737035,580869
1687737035,601430
1687737035,607800
1687737035,609763
1687737035,617965
1687737035,629583
1687737035,639752
1687737035,641447
1687737035,643127
1687737035,646945
1687737035,651284
1687737035,656760
1687737035,657719
1687737035,660412
1687737035,660800
1687737035,684295
1687737036,329152
1687737036,332373
1687737036,333508
1687737036,337902
1687737036,338057
1687737036,338704
1687737036,347743
1687737036,358021
1687737036,365344
1687737036,372833
1687737036,373422
1687737036,377528
1687737036,380848
1687737036,383205
1687737036,387233
1687737036,389277
1687737036,420477
1687737036,430894
1687737036,435135
1687737036,450197
1687737036,461405
1687737036,466096
1687737036,483333
1687737036,488719
1687737036,493654
1687737036,496321
1687737036,498502
1687737036,499336
1687737036,521601
1687737036,533054
1687737036,533634
1687737036,556506
1687737036,556944
1687737036,581033
1687737036,590874
1687737036,598304
1687737036,603705
1687737036,603728
1687737036,610050
1687737036,626839
1687737036,626959
1687737036,631026
1687737036,638167
1687737036,648134
1687737036,648439
1687737036,671024
1687737036,671879
1687737036,672463
1687737036,673172
1687737037,340195
1687737037,352547
1687737037,357762
1687737037,359051
1687737037,359206
1687737037,361362
1687737037,369886
1687737037,372912
1687737037,376140
1687737037,383543
1687737037,384058
1687737037,400959
1687737037,416583
1687737037,426471
1687737037,444320
1687737037,457788
1687737037,465835
1687737037,471887
1687737037,480524
1687737037,487016
1687737037,490112
1687737037,519937
1687737037,524218
1687737037,533420
1687737037,553852
1687737037,557598
1687737037,567398
1687737037,568987
1687737037,569630
1687737037,575901
1687737037,577456
1687737037,593729
1687737037,593816
1687737037,593951
1687737037,617229
1687737037,620912
1687737037,621982
1687737037,628368
1687737037,632726
1687737037,645900
1687737037,649812
1687737037,652181
1687737037,657146
1687737037,658317
1687737037,659233
1687737037,659477
1687737037,662632
1687737037,664564
1687737037,671980
1687737037,686545
1687737038,328372
1687737038,331771
1687737038,333406
1687737038,335710
1687737038,336215
1687737038,344466
1687737038,344696
1687737038,348473
1687737038,355675
1687737038,375154
1687737038,381151
1687737038,386251
1687737038,411921
1687737038,412059
1687737038,414776
1687737038,415844
1687737038,418636
1687737038,422868
1687737038,455582
1687737038,455803
1687737038,464238
1687737038,477011
1687737038,508955
1687737038,510970
1687737038,512876
1687737038,520669
1687737038,530344
1687737038,558929
1687737038,559872
1687737038,580396
1687737038,592537
1687737038,600335
1687737038,602100
1687737038,621471
1687737038,625040
1687737038,636929
1687737038,644909
1687737038,645301
1687737038,650248
1687737038,658095
1687737038,659577
1687737038,669574
1687737038,671575
1687737038,671986
1687737039,332763
1687737039,337837
1687737039,341522
1687737039,348127
1687737039,349571
1687737039,350869
1687737039,360855
1687737039,360878
1687737039,361120
1687737039,365313
1687737039,371368
1687737039,382355
1687737039,399158
1687737039,399642
1687737039,401320
1687737039,402212
1687737039,439529
1687737039,447794
1687737039,447911
1687737039,462141
1687737039,463450
1687737039,490143
1687737039,502942
1687737039,506642
1687737039,510026
1687737039,524397
1687737039,529495
1687737039,539637
1687737039,542698
1687737039,543355
1687737039,558321
1687737039,560643
1687737039,570677
1687737039,570834
1687737039,584400
1687737039,592920
1687737039,601331
1687737039,605702
1687737039,610327
1687737039,614192
1687737039,616935
1687737039,622378
1687737039,627310
1687737039,634119
1687737039,634133
1687737039,641472
1687737039,652039
1687737039,658561
1687737039,664421
1687737039,666840
1687737039,667104
1687737039,669187
1687737039,679669
1687737040,327429
1687737040,337286
1687737040,337708
1687737040,338031
1687737040,341820
1687737040,345441
1687737040,357011
1687737040,366634
1687737040,367302
1687737040,387763
1687737040,390354
1687737040,393933
1687737040,396185
1687737040,403028
1687737040,410702
1687737040,415218
1687737040,437749
1687737040,440411
1687737040,441448
1687737040,478044
1687737040,482589
1687737040,500875
1687737040,502711
1687737040,508216
1687737040,522334
1687737040,546407
1687737040,547689
1687737040,548509
1687737040,552262
1687737040,565019
1687737040,567500
1687737040,584732
1687737040,586931
1687737040,598659
1687737040,602876
1687737040,604212
1687737040,604685
1687737040,632224
1687737040,641620
1687737040,646452
1687737040,648732
1687737040,664897
1687737040,666486
1687737040,669246
1687737040,672021
1687737040,685875
1687737041,334780
1687737041,342488
1687737041,349892
1687737041,358622
1687737041,362066
1687737041,365808
1687737041,365888
1687737041,366663
1687737041,372467
1687737041,378991
1687737041,417213
1687737041,423560
1687737041,424761
1687737041,435345
1687737041,436407
1687737041,438426
1687737041,466716
1687737041,468897
1687737041,479549
1687737041,504236
1687737041,513088
1687737041,538437
1687737041,546642
1687737041,583318
1687737041,600306
1687737041,610407
1687737041,612671
1687737041,616628
1687737041,625788
1687737041,627998
1687737041,632136
1687737041,633446
1687737041,635589
1687737041,650435
1687737041,651379
1687737041,654053
1687737041,656128
1687737041,658617
1687737041,661308
1687737041,665188
1687737041,677770
1687737041,690447
1687737042,332652
1687737042,334047
1687737042,345663
1687737042,348101
1687737042,349632
1687737042,355886
1687737042,363800
1687737042,366915
1687737042,367980
1687737042,370755
1687737042,371026
1687737042,372127
1687737042,380775
1687737042,383220
1687737042,391864
1687737042,399536
1687737042,410658
1687737042,411227
1687737042,414459
1687737042,416604
1687737042,427477
1687737042,461858
1687737042,462803
1687737042,466247
1687737042,470359
1687737042,478045
1687737042,478077
1687737042,478226
1687737042,505085
1687737042,509744
1687737042,520282
1687737042,525034
1687737042,526806
1687737042,530792
1687737042,563900
1687737042,563960
1687737042,570668
1687737042,572205
1687737042,578962
1687737042,584194
1687737042,593791
1687737042,598700
1687737042,606238
1687737042,623085
1687737042,625714
1687737042,636232
1687737042,654728
1687737042,659064
1687737042,663791
1687737042,664521
1687737042,668731
1687737042,670038
1687737042,683821
1687737043,330793
1687737043,334637
1687737043,334741
1687737043,345945
1687737043,349746
1687737043,362412
1687737043,363569
1687737043,368391
1687737043,369355
1687737043,375332
1687737043,378382
1687737043,382264
1687737043,387133
1687737043,402709
1687737043,408221
1687737043,430265
1687737043,455625
1687737043,456116
1687737043,467070
1687737043,482820
1687737043,489893
1687737043,499111
1687737043,502470
1687737043,519678
1687737043,538549
1687737043,542275
1687737043,555142
1687737043,566322
1687737043,581794
1687737043,582314
1687737043,588809
1687737043,589152
1687737043,611489
1687737043,611504
1687737043,617200
1687737043,627426
1687737043,628510
1687737043,632829
1687737043,639756
1687737043,644876
1687737043,645753
1687737043,650953
1687737043,651219
1687737043,653665
1687737043,655741
1687737043,667511
1687737043,679642
1687737043,680537
1687737043,688974
1687737044,330422
1687737044,331483
1687737044,334690
1687737044,335262
1687737044,336466
1687737044,341437
1687737044,343180
1687737044,348853
1687737044,352868
1687737044,355666
1687737044,359194
1687737044,360583
1687737044,366109
1687737044,368516
1687737044,373758
1687737044,383709
1687737044,383783
1687737044,389957
1687737044,392366
1687737044,394066
1687737044,397231
1687737044,410386
1687737044,421350
1687737044,429677
1687737044,430318
1687737044,443196
1687737044,445363
1687737044,448230
1687737044,451902
1687737044,452226
1687737044,487087
1687737044,493015
1687737044,493179
1687737044,495709
1687737044,507094
1687737044,524582
1687737044,536011
1687737044,544420
1687737044,559691
1687737044,579977
1687737044,592053
1687737044,596142
1687737044,601227
1687737044,605184
1687737044,610944
1687737044,613996
1687737044,628858
1687737044,640103
1687737044,641829
1687737044,649843
1687737044,660452
1687737044,668897
1687737044,671649
1687737044,674137
1687737044,675018
1687737045,333124
1687737045,348667
1687737045,350115
1687737045,355307
1687737045,357699
1687737045,370977
1687737045,375486
1687737045,384042
1687737045,386545
1687737045,392499
1687737045,394400
1687737045,407875
1687737045,426010
1687737045,427602
1687737045,445731
1687737045,468715
1687737045,473285
1687737045,479990
1687737045,480307
1687737045,482705
1687737045,486231
1687737045,492484
1687737045,512424
1687737045,527372
1687737045,538368
1687737045,552627
1687737045,559106
1687737045,565456
1687737045,574246
1687737045,581057
1687737045,590037
1687737045,597599
1687737045,600031
1687737045,609764
1687737045,622765
1687737045,623712
1687737045,626613
1687737045,627547
1687737045,627843
1687737045,637265
1687737045,642131
1687737045,651359
1687737045,653012
1687737045,660597
1687737045,660965
1687737045,667163
1687737045,669119
1687737045,674582
1687737045,681933
1687737045,688940
1687737046,332126
1687737046,332898
1687737046,340853
1687737046,343620
1687737046,348681
1687737046,348772
1687737046,361590
1687737046,365786
1687737046,370294
1687737046,371710
1687737046,374635
1687737046,377600
1687737046,381228
1687737046,389734
1687737046,401231
1687737046,407813
1687737046,408059
1687737046,409689
1687737046,416316
1687737046,422034
1687737046,423427
1687737046,458834
1687737046,474909
1687737046,486675
1687737046,506935
1687737046,507665
1687737046,511274
1687737046,512884
1687737046,517954
1687737046,518111
1687737046,533634
1687737046,535316
1687737046,536786
1687737046,546739
1687737046,565739
1687737046,572210
1687737046,579190
1687737046,580466
1687737046,582502
1687737046,599954
1687737046,616432
1687737046,622627
1687737046,624007
1687737046,633106
1687737046,648765
1687737046,651189
1687737046,660488
1687737046,662318
1687737046,671757
1687737046,676538
1687737046,688741
1687737047,330360
1687737047,333382
1687737047,337821
1687737047,342785
1687737047,350095
1687737047,354218
1687737047,354306
1687737047,361811
1687737047,367305
1687737047,370718
1687737047,372479
1687737047,378086
1687737047,379466
1687737047,382090
1687737047,385931
1687737047,404001
1687737047,404066
1687737047,406679
1687737047,429975
1687737047,448329
1687737047,452440
1687737047,468910
1687737047,469667
1687737047,478995
1687737047,480702
1687737047,505991
1687737047,512829
1687737047,530813
1687737047,540760
1687737047,557193
1687737047,560061
1687737047,565671
1687737047,568748
1687737047,573242
1687737047,575427
1687737047,578522
1687737047,579926
1687737047,596869
1687737047,596875
1687737047,605317
1687737047,607368
1687737047,607784
1687737047,616183
1687737047,624723
1687737047,638335
1687737047,641331
1687737047,644698
1687737047,645232
1687737047,650460
1687737047,653674
1687737047,657216
1687737047,660857
1687737047,663182
1687737047,663644
1687737047,664816
1687737047,669368
1687737047,691838
1687737048,329818
1687737048,330489
1687737048,336186
1687737048,339477
1687737048,339527
1687737048,343307
1687737048,348364
1687737048,349721
1687737048,369721
1687737048,369913
1687737048,375530
1687737048,380157
1687737048,393265
1687737048,393779
1687737048,408675
1687737048,417688
1687737048,418060
1687737048,428408
1687737048,429444
1687737048,430263
1687737048,430330
1687737048,435909
1687737048,437142
1687737048,458293
1687737048,461563
1687737048,494363
1687737048,496751
1687737048,503351
1687737048,509933
1687737048,511117
1687737048,532827
1687737048,538536
1687737048,539709
1687737048,551537
1687737048,555869
1687737048,597346
1687737048,600297
1687737048,601633
1687737048,608330
1687737048,628397
1687737048,639377
1687737048,647444
1687737048,647562
1687737048,650295
1687737048,651050
1687737048,657019
1687737048,669442
1687737048,676959
1687737048,678641
1687737048,682998
1687737049,330943
1687737049,336485
1687737049,341418
1687737049,343008
1687737049,352558
1687737049,354197
1687737049,358388
1687737049,359156
1687737049,362482
1687737049,363401
1687737049,367300
1687737049,368609
1687737049,369598
1687737049,370011
1687737049,371983
1687737049,382368
1687737049,383858
1687737049,387344
1687737049,403475
1687737049,409008
1687737049,424218
1687737049,428368
1687737049,439822
1687737049,448466
1687737049,449403
1687737049,461644
1687737049,464069
1687737049,470787
1687737049,478211
1687737049,484748
1687737049,484762
1687737049,500785
1687737049,507431
1687737049,526088
1687737049,526936
1687737049,528680
1687737049,529769
1687737049,543453
1687737049,551060
1687737049,557293
1687737049,589274
1687737049,605111
1687737049,605602
1687737049,622328
1687737049,624070
1687737049,626783
1687737049,628114
1687737049,629127
1687737049,635375
1687737049,637687
1687737049,641530
1687737049,644525
1687737049,657064
1687737049,658220
1687737049,658961
1687737049,662785
1687737049,664036
1687737049,665372
1687737049,671357
1687737049,691454
1687737050,329179
1687737050,332229
1687737050,344551
1687737050,346671
1687737050,356943
1687737050,363288
1687737050,365413
1687737050,368428
1687737050,372192
1687737050,381886
1687737050,393988
1687737050,409982
1687737050,414247
1687737050,414751
1687737050,421551
1687737050,435089
1687737050,456416
1687737050,470531
1687737050,482071
1687737050,492577
1687737050,502260
1687737050,525416
1687737050,526429
1687737050,527866
1687737050,530484
1687737050,561236
1687737050,564831
1687737050,567230
1687737050,577955
1687737050,578590
1687737050,582734
1687737050,587760
1687737050,590815
1687737050,592052
1687737050,617286
1687737050,622092
1687737050,627669
1687737050,648224
1687737050,652788
1687737050,656299
1687737050,658639
1687737050,683202
1687737050,683915
1687737050,685087
1687737051,330133
1687737051,332039
1687737051,332767
1687737051,335059
1687737051,340219
1687737051,348622
1687737051,357564
1687737051,363689
1687737051,370422
1687737051,370465
1687737051,374715
1687737051,381151
1687737051,382108
1687737051,383389
1687737051,395532
1687737051,406111
1687737051,412480
1687737051,412867
1687737051,426293
1687737051,444445
1687737051,446953
1687737051,458700
1687737051,461325
1687737051,472971
1687737051,475998
1687737051,484442
1687737051,487639
1687737051,488394
1687737051,505220
1687737051,512990
1687737051,517059
1687737051,539302
1687737051,545874
1687737051,550634
1687737051,566787
1687737051,566789
1687737051,582227
1687737051,584603
1687737051,595504
1687737051,602307
1687737051,610933
1687737051,613240
1687737051,617376
1687737051,633086
1687737051,642721
1687737051,644866
1687737051,650151
1687737051,652067
1687737051,665027
1687737051,670369
1687737051,671229
1687737051,671231
1687737051,675455
1687737051,689685
1687737052,328031
1687737052,338338
1687737052,341144
1687737052,344170
1687737052,349772
1687737052,350946
1687737052,351061
1687737052,354484
1687737052,354680
1687737052,355929
1687737052,360580
1687737052,361024
1687737052,371149
1687737052,376627
1687737052,386964
1687737052,399287
1687737052,400189
1687737052,411645
1687737052,436640
1687737052,437315
1687737052,440785
1687737052,452689
1687737052,478394
1687737052,482827
1687737052,498921
1687737052,500858
1687737052,503720
1687737052,521325
1687737052,526443
1687737052,531295
1687737052,547413
1687737052,549434
1687737052,557892
1687737052,565500
1687737052,574880
1687737052,584906
1687737052,588770
1687737052,594637
1687737052,601688
1687737052,606710
1687737052,606770
1687737052,608894
1687737052,612003
1687737052,616078
1687737052,627776
1687737052,636226
1687737052,643019
1687737052,643519
1687737052,649888
1687737052,650145
1687737052,654435
1687737052,668375
1687737052,668885
1687737052,689907
1687737053,330122
1687737053,334530
1687737053,343919
1687737053,346567
1687737053,352571
1687737053,359646
1687737053,362211
1687737053,368259
1687737053,368999
1687737053,372347
1687737053,380189
1687737053,389109
1687737053,389442
1687737053,403839
1687737053,421104
1687737053,431549
1687737053,442214
1687737053,445009
1687737053,448049
1687737053,467080
1687737053,479908
1687737053,504113
1687737053,521499
1687737053,527615
1687737053,542419
1687737053,543524
1687737053,548642
1687737053,552305
1687737053,586407
1687737053,598996
1687737053,609159
1687737053,613130
1687737053,618935
1687737053,626160
1687737053,629335
1687737053,630960
1687737053,633267
1687737053,648563
1687737053,648761
1687737053,657352
1687737053,657635
1687737053,664438
1687737053,667916
1687737053,671377
1687737053,673920
1687737053,681700
1687737054,329761
1687737054,330910
1687737054,333718
1687737054,341591
1687737054,342109
1687737054,353550
1687737054,355375
1687737054,361658
1687737054,367907
1687737054,369066
1687737054,370524
1687737054,381172
1687737054,389078
1687737054,401757
1687737054,407329
1687737054,412463
1687737054,416536
1687737054,425175
1687737054,425577
1687737054,429998
1687737054,430208
1687737054,453964
1687737054,460956
1687737054,467098
1687737054,471745
1687737054,473236
1687737054,475578
1687737054,506087
1687737054,510219
1687737054,517338
1687737054,524789
1687737054,528420
1687737054,531625
1687737054,555554
1687737054,559803
1687737054,563231
1687737054,565713
1687737054,577474
1687737054,582254
1687737054,604928
1687737054,621030
1687737054,625558
1687737054,627085
1687737054,628437
1687737054,641014
1687737054,646797
1687737054,655332
1687737054,659642
1687737054,662083
1687737054,666643
1687737054,670971
1687737054,671035
1687737054,682092
1687737055,344586
1687737055,350857
1687737055,352099
1687737055,356909
1687737055,357416
1687737055,358369
1687737055,361868
1687737055,371171
1687737055,372639
1687737055,382679
1687737055,396762
1687737055,399708
1687737055,405828
1687737055,407620
1687737055,430345
1687737055,435632
1687737055,453365
1687737055,453775
1687737055,454938
1687737055,470660
1687737055,472710
1687737055,494488
1687737055,518144
1687737055,532416
1687737055,546834
1687737055,556651
1687737055,560303
1687737055,564426
1687737055,576984
1687737055,578616
1687737055,599353
1687737055,603403
1687737055,606225
1687737055,610766
1687737055,611083
1687737055,618946
1687737055,628199
1687737055,641643
1687737055,642227
1687737055,648166
1687737055,650249
1687737055,651233
1687737055,654386
1687737055,656612
1687737055,660196
1687737055,660624
1687737055,684101
1687737056,329478
1687737056,332704
1687737056,333258
1687737056,333700
1687737056,337127
1687737056,337508
1687737056,337682
1687737056,348239
1687737056,358731
1687737056,364060
1687737056,370371
1687737056,371790
1687737056,379449
1687737056,382710
1687737056,383762
1687737056,383784
1687737056,387655
1687737056,389031
1687737056,418569
1687737056,429415
1687737056,437062
1687737056,448182
1687737056,450267
1687737056,459118
1687737056,464146
1687737056,485571
1687737056,490896
1687737056,493960
1687737056,495711
1687737056,497223
1687737056,500828
1687737056,531554
1687737056,535286
1687737056,554352
1687737056,582518
1687737056,592325
1687737056,596605
1687737056,602010
1687737056,605528
1687737056,611305
1687737056,625343
1687737056,632483
1687737056,639241
1687737056,641126
1687737056,647138
1687737056,649300
1687737056,671396
1687737056,671478
1687737056,671703
1687737056,672686
1687737056,673224
1687737057,333235
1687737057,334652
1687737057,340812
1687737057,346955
1687737057,351854
1687737057,357775
1687737057,359711
1687737057,359780
1687737057,362718
1687737057,364629
1687737057,369229
1687737057,372674
1687737057,382708
1687737057,384571
1687737057,385179
1687737057,399388
1687737057,414898
1687737057,428561
1687737057,446442
1687737057,460023
1687737057,463666
1687737057,473949
1687737057,478294
1687737057,488068
1687737057,489201
1687737057,517867
1687737057,519689
1687737057,522303
1687737057,535498
1687737057,555605
1687737057,559099
1687737057,565181
1687737057,566689
1687737057,567736
1687737057,579620
1687737057,591766
1687737057,595611
1687737057,615695
1687737057,619238
1687737057,622890
1687737057,629672
1687737057,634491
1687737057,645025
1687737057,649306
1687737057,652161
1687737057,657310
1687737057,660349
1687737057,660808
1687737057,661969
1687737057,664365
1687737057,686776
1687737058,328714
1687737058,331576
1687737058,336551
1687737058,343695
1687737058,344571
1687737058,349227
1687737058,376038
1687737058,380405
1687737058,381077
1687737058,385209
1687737058,410524
1687737058,414031
1687737058,414162
1687737058,416196
1687737058,416891
1687737058,424853
1687737058,453644
1687737058,457995
1687737058,466234
1687737058,474875
1687737058,511008
1687737058,511047
1687737058,522859
1687737058,532614
1687737058,556830
1687737058,561612
1687737058,578163
1687737058,594253
1687737058,600571
1687737058,601516
1687737058,612064
1687737058,622914
1687737058,623103
1687737058,635484
1687737058,643819
1687737058,646041
1687737058,650655
1687737058,657140
1687737058,660367
1687737058,668503
1687737058,671828
1687737058,672097
1687737058,681150
1687737059,333123
1687737059,337796
1687737059,340827
1687737059,347630
1687737059,349513
1687737059,351577
1687737059,359713
1687737059,359822
1687737059,360166
1687737059,366635
1687737059,372056
1687737059,378650
1687737059,397707
1687737059,399598
1687737059,401003
1687737059,404161
1687737059,404499
1687737059,409137
1687737059,437146
1687737059,445728
1687737059,464316
1687737059,465724
1687737059,469095
1687737059,488468
1687737059,500854
1687737059,506054
1687737059,508152
1687737059,508999
1687737059,522333
1687737059,531642
1687737059,537313
1687737059,540271
1687737059,540698
1687737059,541857
1687737059,562222
1687737059,564340
1687737059,572754
1687737059,572755
1687737059,583015
1687737059,590789
1687737059,599416
1687737059,606061
1687737059,607631
1687737059,615202
1687737059,615209
1687737059,623159
1687737059,628438
1687737059,632790
1687737059,632844
1687737059,642719
1687737059,643593
1687737059,648166
1687737059,651916
1687737059,658022
1687737059,664704
1687737059,666816
1687737059,667854
1687737059,668745
1687737059,680474
1687737060,328031
1687737060,336531
1687737060,338267
1687737060,338763
1687737060,346601
1687737060,356053
1687737060,365930
1687737060,367361
1687737060,367587
1687737060,386310
1687737060,392353
1687737060,392410
1687737060,394886
1687737060,403980
1687737060,413174
1687737060,413432
1687737060,435402
1687737060,442368
1687737060,443505
1687737060,475800
1687737060,484695
1687737060,498861
1687737060,504843
1687737060,506234
1687737060,524383
1687737060,542124
1687737060,546422
1687737060,548584
1687737060,549420
1687737060,559065
1687737060,566767
1687737060,588881
1687737060,597214
1687737060,601042
1687737060,605091
1687737060,640363
1687737060,660652
1687737060,664121
1687737060,666066
1687737060,670335
1687737060,671758
1687737061,334816
1687737061,341196
1687737061,342669
1687737061,349614
1687737061,353473
1687737061,357422
1687737061,362857
1687737061,365599
1687737061,366661
1687737061,367955
1687737061,369778
1687737061,371264
1687737061,380749
1687737061,381861
1687737061,415596
1687737061,421807
1687737061,426566
1687737061,432888
1687737061,436501
1687737061,438566
1687737061,466594
1687737061,468821
1687737061,481795
1687737061,506345
1687737061,510989
1687737061,524705
1687737061,529094
1687737061,536541
1687737061,548732
1687737061,554352
1687737061,561827
1687737061,565125
1687737061,580066
1687737061,585136
1687737061,601525
1687737061,608416
1687737061,610976
1687737061,617794
1687737061,626841
1687737061,629242
1687737061,632207
1687737061,633397
1687737061,634107
1687737061,645697
1687737061,649955
1687737061,650199
1687737061,654002
1687737061,657050
1687737061,659180
1687737061,662146
1687737061,677084
1687737062,331134
1687737062,332761
1687737062,334195
1687737062,344712
1687737062,347232
1687737062,349280
1687737062,368013
1687737062,368614
1687737062,373480
1687737062,392775
1687737062,397673
1687737062,408923
1687737062,412572
1687737062,418578
1687737062,425352
1687737062,449750
1687737062,459350
1687737062,460694
1687737062,463849
1687737062,468379
1687737062,480140
1687737062,480293
1687737062,480310
1687737062,502609
1687737062,505363
1687737062,522523
1687737062,523007
1687737062,528970
1687737062,565289
1687737062,568655
1687737062,574357
1687737062,586169
1687737062,591889
1687737062,597131
1687737062,604709
1687737062,621278
1687737062,627358
1687737062,637543
1687737062,655858
1687737062,658165
1687737062,662803
1687737062,666144
1687737062,668540
1687737062,669769
1687737062,684290
1687737063,333730
1687737063,334433
1687737063,345578
1687737063,350583
1687737063,354996
1687737063,361912
1687737063,364464
1687737063,369819
1687737063,370276
1687737063,376025
1687737063,377153
1687737063,380893
1687737063,384601
1687737063,385636
1687737063,398733
1687737063,400973
1687737063,409526
1687737063,412319
1687737063,428678
1687737063,453801
1687737063,457606
1687737063,469220
1687737063,480718
1687737063,487723
1687737063,500400
1687737063,501178
1687737063,522084
1687737063,536652
1687737063,553191
1687737063,563190
1687737063,567922
1687737063,580197
1687737063,583549
1687737063,586312
1687737063,586827
1687737063,586962
1687737063,612673
1687737063,618684
1687737063,629544
1687737063,630961
1687737063,638401
1687737063,646379
1687737063,646902
1687737063,650384
1687737063,653643
1687737063,654980
1687737063,659083
1687737063,667804
1687737063,674042
1687737063,675922
1687737064,330265
1687737064,331704
1687737064,334270
1687737064,334363
1687737064,335965
1687737064,342059
1687737064,344097
1687737064,349461
1687737064,353549
1687737064,359307
1687737064,360016
1687737064,367225
1687737064,385749
1687737064,388474
1687737064,408706
1687737064,419395
1687737064,431863
1687737064,432881
1687737064,440860
1687737064,447236
1687737064,454108
1687737064,454392
1687737064,485061
1687737064,495328
1687737064,497727
1687737064,505339
1687737064,522459
1687737064,538084
1687737064,542399
1687737064,561619
1687737064,581469
1687737064,589947
1687737064,594700
1687737064,601671
1687737064,606857
1687737064,611879
1687737064,627156
1687737064,627732
1687737064,628451
1687737064,641932
1687737064,646027
1687737064,649561
1687737064,660661
1687737064,668360
1687737064,671314
1687737064,689555
1687737065,348235
1687737065,349207
1687737065,355516
1687737065,356830
1687737065,358468
1687737065,372469
1687737065,384997
1687737065,385918
1687737065,393029
1687737065,393547
1687737065,406070
1687737065,406217
1687737065,423802
1687737065,426016
1687737065,429606
1687737065,443740
1687737065,470825
1687737065,475187
1687737065,477797
1687737065,477993
1687737065,483700
1687737065,488651
1687737065,494598
1687737065,525440
1687737065,540472
1687737065,555017
1687737065,561099
1687737065,566990
1687737065,572669
1687737065,579110
1687737065,599111
1687737065,608070
1687737065,612438
1687737065,622014
1687737065,628070
1687737065,628612
1687737065,629161
1687737065,638053
1687737065,640670
1687737065,650664
1687737065,651639
1687737065,660024
1687737065,660498
1687737065,661503
1687737065,667916
1687737065,672655
1687737065,674748
1687737066,332503
1687737066,332907
1687737066,333440
1687737066,340128
1687737066,343914
1687737066,348945
1687737066,349725
1687737066,360518
1687737066,364673
1687737066,370225
1687737066,370855
1687737066,376401
1687737066,378430
1687737066,382556
1687737066,387832
1687737066,403245
1687737066,406485
1687737066,408462
1687737066,420198
1687737066,423632
1687737066,472858
1687737066,504781
1687737066,505707
1687737066,514960
1687737066,520177
1687737066,531780
1687737066,537365
1687737066,538961
1687737066,544513
1687737066,558279
1687737066,567916
1687737066,569941
1687737066,581033
1687737066,581936
1687737066,584387
1687737066,598529
1687737066,614305
1687737066,624318
1687737066,625548
1687737066,631587
1687737066,648446
1687737066,650275
1687737066,663501
1687737066,671644
1687737066,675999
1687737066,689375
1687737067,330633
1687737067,333397
1687737067,337118
1687737067,342308
1687737067,350827
1687737067,353531
1687737067,353924
1687737067,356824
1687737067,362290
1687737067,368302
1687737067,368734
1687737067,370623
1687737067,373640
1687737067,373890
1687737067,378039
1687737067,382973
1687737067,402249
1687737067,406076
1687737067,408531
1687737067,428011
1687737067,450280
1687737067,454444
1687737067,460836
1687737067,467021
1687737067,471120
1687737067,471819
1687737067,476986
1687737067,478677
1687737067,503823
1687737067,514813
1687737067,528637
1687737067,538659
1687737067,559487
1687737067,566605
1687737067,567351
1687737067,571109
1687737067,577321
1687737067,577936
1687737067,598279
1687737067,602081
1687737067,603682
1687737067,609046
1687737067,609075
1687737067,617229
1687737067,623087
1687737067,637083
1687737067,639807
1687737067,642201
1687737067,645982
1687737067,646050
1687737067,649738
1687737067,655141
1687737067,656026
1687737067,660305
1687737067,662224
1687737067,663736
1687737067,664581
1687737067,669689
1687737067,685824
1687737067,691609
1687737068,329866
1687737068,330486
1687737068,336745
1687737068,338934
1687737068,340430
1687737068,344081
1687737068,348576
1687737068,348659
1687737068,367315
1687737068,368966
1687737068,375646
1687737068,385763
1687737068,391424
1687737068,395900
1687737068,410074
1687737068,420477
1687737068,426129
1687737068,428348
1687737068,432814
1687737068,435409
1687737068,437712
1687737068,459559
1687737068,494789
1687737068,496328
1687737068,501393
1687737068,512199
1687737068,513477
1687737068,530715
1687737068,540702
1687737068,541894
1687737068,552959
1687737068,553690
1687737068,553693
1687737068,595113
1687737068,595552
1687737068,602925
1687737068,609313
1687737068,629506
1687737068,637331
1687737068,638933
1687737068,648869
1687737068,648940
1687737068,649893
1687737068,651737
1687737068,657164
1687737068,669861
1687737068,670980
1687737068,671391
1687737068,677746
1687737068,678000
1687737068,682444
1687737069,331115
1687737069,333618
1687737069,335746
1687737069,340568
1687737069,343520
1687737069,345942
1687737069,351520
1687737069,359928
1687737069,361104
1687737069,362430
1687737069,362726
1687737069,368322
1687737069,373445
1687737069,383726
1687737069,388667
1687737069,402075
1687737069,407487
1687737069,422571
1687737069,426274
1687737069,431198
1687737069,442092
1687737069,446628
1687737069,455853
1687737069,461837
1687737069,472946
1687737069,480352
1687737069,486931
1687737069,486939
1687737069,498730
1687737069,525145
1687737069,526535
1687737069,527882
1687737069,531995
1687737069,541559
1687737069,554976
1687737069,566340
1687737069,580064
1687737069,590956
1687737069,603728
1687737069,606274
1687737069,620884
1687737069,622520
1687737069,625179
1687737069,628846
1687737069,629405
1687737069,630795
1687737069,637050
1687737069,640349
1687737069,656763
1687737069,657769
1687737069,658264
1687737069,660147
1687737069,663470
1687737069,663860
1687737069,665157
1687737069,688547
1687737069,691769
1687737070,329247
1687737070,332457
1687737070,344486
1687737070,347770
1687737070,357057
1687737070,357890
1687737070,362894
1687737070,370145
1687737070,370665
1687737070,373673
1687737070,374428
1687737070,380715
1687737070,392701
1687737070,412737
1687737070,415966
1687737070,423694
1687737070,437452
1687737070,447020
1687737070,454413
1687737070,472253
1687737070,484329
1687737070,490349
1687737070,500303
1687737070,523370
1687737070,528411
1687737070,528649
1687737070,530112
1687737070,565253
1687737070,580013
1687737070,584048
1687737070,584454
1687737070,585819
1687737070,590380
1687737070,592593
1687737070,615712
1687737070,623626
1687737070,625555
1687737070,651935
1687737070,654890
1687737070,660137
1687737070,683561
1687737070,684451
1687737070,684682
1687737071,330208
1687737071,331732
1687737071,332024
1687737071,334294
1687737071,340177
1687737071,349463
1687737071,354035
1687737071,357651
1687737071,361455
1687737071,363422
1687737071,371110
1687737071,371925
1687737071,373857
1687737071,379611
1687737071,380634
1687737071,382324
1687737071,393923
1687737071,404520
1687737071,413817
1687737071,415303
1687737071,424697
1687737071,442291
1687737071,448984
1687737071,460931
1687737071,463454
1687737071,472649
1687737071,473970
1687737071,475131
1687737071,485635
1687737071,486307
1687737071,507330
1687737071,510128
1687737071,515038
1687737071,515305
1687737071,541108
1687737071,548647
1687737071,551803
1687737071,568803
1687737071,568885
1687737071,580127
1687737071,582344
1687737071,593289
1687737071,611890
1687737071,614338
1687737071,615902
1687737071,617702
1687737071,634418
1687737071,643552
1687737071,644016
1687737071,649586
1687737071,652229
1687737071,655836
1687737071,665207
1687737071,669725
1687737071,671423
1687737071,671471
1687737071,676139
1687737072,328237
1687737072,339058
1687737072,341466
1687737072,349524
1687737072,350327
1687737072,352182
1687737072,353671
1687737072,356835
1687737072,371100
1687737072,377173
1687737072,382716
1687737072,388912
1687737072,400564
1687737072,401861
1687737072,402701
1687737072,407622
1687737072,414112
1687737072,435098
1687737072,438241
1687737072,451392
1687737072,454948
1687737072,476105
1687737072,485044
1687737072,501090
1687737072,501875
1687737072,503048
1687737072,504015
1687737072,523546
1687737072,529508
1687737072,545170
1687737072,559701
1687737072,567041
1687737072,572629
1687737072,586627
1687737072,586767
1687737072,602603
1687737072,603826
1687737072,605098
1687737072,610587
1687737072,628761
1687737072,634935
1687737072,644197
1687737072,644787
1687737072,646671
1687737072,649548
1687737072,654894
1687737072,667835
1687737072,667859
1687737072,689797
1687737073,330368
1687737073,333538
1687737073,343705
1687737073,344207
1687737073,345575
1687737073,352449
1687737073,358128
1687737073,362958
1687737073,368879
1687737073,370601
1687737073,371352
1687737073,378828
1687737073,388074
1687737073,390636
1687737073,402053
1687737073,419046
1687737073,419528
1687737073,428097
1687737073,428125
1687737073,433703
1687737073,438633
1687737073,440039
1687737073,445724
1687737073,447315
1687737073,464797
1687737073,481973
1687737073,502082
1687737073,509166
1687737073,519119
1687737073,525960
1687737073,538249
1687737073,540414
1687737073,544464
1687737073,545712
1687737073,550340
1687737073,550429
1687737073,588437
1687737073,600481
1687737073,605115
1687737073,607661
1687737073,614146
1687737073,617480
1687737073,623926
1687737073,627233
1687737073,629442
1687737073,630699
1687737073,631997
1687737073,647538
1687737073,648782
1687737073,656893
1687737073,658439
1687737073,660238
1687737073,665478
1687737073,668651
1687737073,673976
1687737073,681269
1687737074,330035
1687737074,331079
1687737074,333620
1687737074,340956
1687737074,342440
1687737074,354000
1687737074,356568
1687737074,360644
1687737074,362241
1687737074,367700
1687737074,367715
1687737074,371567
1687737074,382468
1687737074,389761
1687737074,405888
1687737074,414645
1687737074,423433
1687737074,427406
1687737074,456097
1687737074,462618
1687737074,464612
1687737074,471016
1687737074,473847
1687737074,477713
1687737074,500900
1687737074,503664
1687737074,508196
1687737074,519503
1687737074,526906
1687737074,529516
1687737074,530470
1687737074,548254
1687737074,557102
1687737074,561602
1687737074,561971
1687737074,565254
1687737074,567359
1687737074,574793
1687737074,584124
1687737074,592686
1687737074,622183
1687737074,628820
1687737074,628891
1687737074,629993
1687737074,643038
1687737074,646766
1687737074,648305
1687737074,656625
1687737074,658455
1687737074,663147
1687737074,666084
1687737074,670686
1687737074,670875
1687737074,671569
1687737074,682697
1687737075,329508
1687737075,333830
1687737075,344321
1687737075,351243
1687737075,351676
1687737075,355931
1687737075,356828
1687737075,368760
1687737075,371866
1687737075,371905
1687737075,378858
1687737075,381425
1687737075,395307
1687737075,401530
1687737075,403956
1687737075,408520
1687737075,409682
1687737075,428452
1687737075,433978
1687737075,455918
1687737075,456822
1687737075,475079
1687737075,492201
1687737075,517751
1687737075,520497
1687737075,530401
1687737075,544735
1687737075,562389
1687737075,562482
1687737075,576327
1687737075,578800
1687737075,597284
1687737075,601512
1687737075,604628
1687737075,611752
1687737075,612558
1687737075,619923
1687737075,626748
1687737075,640109
1687737075,643060
1687737075,646243
1687737075,649159
1687737075,649376
1687737075,651250
1687737075,656431
1687737075,659590
1687737075,660758
1687737075,683872
1687737076,329770
1687737076,333022
1687737076,333901
1687737076,336250
1687737076,336728
1687737076,337152
1687737076,348766
1687737076,359435
1687737076,362522
1687737076,366963
1687737076,370742
1687737076,371136
1687737076,381407
1687737076,384303
1687737076,384592
1687737076,386015
1687737076,390942
1687737076,413274
1687737076,427972
1687737076,438982
1687737076,446159
1687737076,452277
1687737076,456851
1687737076,473197
1687737076,487850
1687737076,491576
1687737076,493100
1687737076,495068
1687737076,497752
1687737076,503152
1687737076,529447
1687737076,537523
1687737076,552228
1687737076,561152
1687737076,564998
1687737076,584006
1687737076,593745
1687737076,594871
1687737076,600258
1687737076,607336
1687737076,612543
1687737076,623667
1687737076,625480
1687737076,633948
1687737076,640342
1687737076,642495
1687737076,644929
1687737076,645811
1687737076,646240
1687737076,670497
1687737076,671732
1687737076,673259
1687737076,673482
1687737077,328274
1687737077,332874
1687737077,333118
1687737077,333653
1687737077,341483
1687737077,351196
1687737077,357809
1687737077,360390
1687737077,360399
1687737077,364125
1687737077,368567
1687737077,371663
1687737077,381367
1687737077,385659
1687737077,386735
1687737077,397819
1687737077,407363
1687737077,430646
1687737077,448578
1687737077,461454
1687737077,462187
1687737077,462253
1687737077,472720
1687737077,476005
1687737077,476084
1687737077,485959
1687737077,491392
1687737077,498787
1687737077,515767
1687737077,520331
1687737077,537554
1687737077,557336
1687737077,560633
1687737077,561699
1687737077,562961
1687737077,564393
1687737077,565864
1687737077,581775
1687737077,589677
1687737077,595571
1687737077,597212
1687737077,614147
1687737077,617538
1687737077,623818
1687737077,630970
1687737077,636199
1687737077,644136
1687737077,648749
1687737077,652068
1687737077,656246
1687737077,661234
1687737077,661429
1687737077,662043
1687737077,664092
1687737077,686936
1687737078,329054
1687737078,331423
1687737078,336944
1687737078,342741
1687737078,344713
1687737078,349963
1687737078,365439
1687737078,376955
1687737078,379663
1687737078,383264
1687737078,384164
1687737078,408996
1687737078,415135
1687737078,416158
1687737078,417623
1687737078,426845
1687737078,451699
1687737078,460176
1687737078,467203
1687737078,468265
1687737078,509160
1687737078,513078
1687737078,525030
1687737078,534889
1687737078,554746
1687737078,563335
1687737078,575924
1687737078,588645
1687737078,593864
1687737078,595907
1687737078,599044
1687737078,602701
1687737078,610165
1687737078,613757
1687737078,616202
1687737078,621166
1687737078,624341
1687737078,624619
1687737078,634022
1687737078,642320
1687737078,645555
1687737078,647163
1687737078,650991
1687737078,656155
1687737078,661186
1687737078,667410
1687737078,672082
1687737078,672197
1687737078,680354
1687737079,333413
1687737079,337781
1687737079,340196
1687737079,347121
1687737079,349472
1687737079,352298
1687737079,358317
1687737079,358820
1687737079,359437
1687737079,368014
1687737079,372769
1687737079,379192
1687737079,379808
1687737079,395866
1687737079,397923
1687737079,402877
1687737079,406121
1687737079,412463
1687737079,422710
1687737079,434833
1687737079,443580
1687737079,466493
1687737079,468005
1687737079,486796
1687737079,498739
1687737079,504116
1687737079,506267
1687737079,511359
1687737079,520237
1687737079,533764
1687737079,535012
1687737079,538697
1687737079,540341
1687737079,556458
1687737079,563785
1687737079,574649
1687737079,574815
1687737079,597479
1687737079,600262
1687737079,609508
1687737079,613447
1687737079,623959
1687737079,629597
1687737079,631400
1687737079,631555
1687737079,643995
1687737079,651746
1687737079,657433
1687737079,664907
1687737079,666754
1687737079,668271
1687737079,681237
1687737080,328611
1687737080,335832
1687737080,338899
1687737080,339477
1687737080,340629
1687737080,347808
1687737080,349323
1687737080,355063
1687737080,367932
1687737080,368084
1687737080,384886
1687737080,390941
1687737080,393595
1687737080,394425
1687737080,400199
1687737080,404984
1687737080,411651
1687737080,415687
1687737080,433094
1687737080,444366
1687737080,445516
1687737080,451699
1687737080,473577
1687737080,482221
1687737080,486852
1687737080,496847
1687737080,504240
1687737080,506989
1687737080,526450
1687737080,544344
1687737080,550744
1687737080,551110
1687737080,581287
1687737080,590850
1687737080,595773
1687737080,599178
1687737080,605990
1687737080,639092
1687737080,649000
1687737080,663255
1687737080,665588
1687737080,671455
1687737080,671463
1687737080,685730
1687737081,334836
1687737081,342903
1687737081,356231
1687737081,357771
1687737081,359693
1687737081,363623
1687737081,363978
1687737081,367612
1687737081,369290
1687737081,370044
1687737081,382498
1687737081,407218
1687737081,414030
1687737081,420054
1687737081,428431
1687737081,430471
1687737081,434616
1687737081,440680
1687737081,458598
1687737081,464261
1687737081,470945
1687737081,484045
1687737081,508456
1687737081,508873
1687737081,522944
1687737081,527428
1687737081,534685
1687737081,550822
1687737081,562758
1687737081,586930
1687737081,602751
1687737081,606466
1687737081,609288
1687737081,618956
1687737081,627865
1687737081,630459
1687737081,630864
1687737081,632583
1687737081,634652
1687737081,644927
1687737081,647854
1687737081,649461
1687737081,653942
1687737081,657904
1687737081,659679
1687737081,662899
1687737081,676375
1687737082,332881
1687737082,332883
1687737082,334356
1687737082,343798
1687737082,346378
1687737082,348944
1687737082,368086
1687737082,368530
1687737082,370350
1687737082,371291
1687737082,374367
1687737082,374858
1687737082,393650
1687737082,395891
1687737082,410743
1687737082,423256
1687737082,457091
1687737082,465868
1687737082,470516
1687737082,482250
1687737082,482420
1687737082,482528
1687737082,500109
1687737082,503304
1687737082,520981
1687737082,524782
1687737082,531153
1687737082,566628
1687737082,566668
1687737082,569514
1687737082,576504
1687737082,588130
1687737082,589893
1687737082,595513
1687737082,603135
1687737082,619486
1687737082,628985
1687737082,638873
1687737082,656956
1687737082,657235
1687737082,661763
1687737082,667749
1687737082,668312
1687737082,669450
1687737082,684706
1687737082,688104
1687737083,331506
1687737083,334180
1687737083,345209
1687737083,351432
1687737083,361470
1687737083,361617
1687737083,365385
1687737083,371242
1687737083,375939
1687737083,376769
1687737083,379563
1687737083,384128
1687737083,399268
1687737083,410866
1687737083,427086
1687737083,451455
1687737083,459588
1687737083,478590
1687737083,485522
1687737083,498331
1687737083,503250
1687737083,524495
1687737083,534662
1687737083,551249
1687737083,565162
1687737083,578087
1687737083,581602
1687737083,584736
1687737083,584887
1687737083,585269
1687737083,613882
1687737083,620137
1687737083,625432
1687737083,629057
1687737083,630560
1687737083,637013
1687737083,647693
1687737083,647836
1687737083,648009
1687737083,649807
1687737083,653564
1687737083,654252
1687737083,668029
1687737083,671493
1687737083,673925
1687737084,330140
1687737084,331919
1687737084,333542
1687737084,335519
1687737084,342711
1687737084,345015
1687737084,350098
1687737084,354246
1687737084,354335
1687737084,358010
1687737084,360878
1687737084,365971
1687737084,387006
1687737084,387750
1687737084,400278
1687737084,407046
1687737084,417461
1687737084,434079
1687737084,435436
1687737084,438542
1687737084,449077
1687737084,449391
1687737084,456334
1687737084,456545
1687737084,483025
1687737084,497611
1687737084,499793
1687737084,503537
1687737084,507797
1687737084,520360
1687737084,540140
1687737084,540438
1687737084,563555
1687737084,582970
1687737084,587817
1687737084,593219
1687737084,602981
1687737084,603285
1687737084,608518
1687737084,610871
1687737084,612836
1687737084,629488
1687737084,643775
1687737084,649263
1687737084,660815
1687737084,667820
1687737084,670912
1687737084,676760
1687737084,689418
1687737085,333766
1687737085,339427
1687737085,347826
1687737085,348300
1687737085,355795
1687737085,358011
1687737085,359272
1687737085,373978
1687737085,383467
1687737085,387825
1687737085,391639
1687737085,394605
1687737085,404351
1687737085,404564
1687737085,421621
1687737085,431607
1687737085,441743
1687737085,472952
1687737085,475325
1687737085,475990
1687737085,477079
1687737085,481200
1687737085,496738
1687737085,523495
1687737085,553411
1687737085,563098
1687737085,568533
1687737085,571113
1687737085,577178
1687737085,600550
1687737085,606371
1687737085,620330
1687737085,629547
1687737085,629689
1687737085,630499
1687737085,638838
1687737085,639225
1687737085,649911
1687737085,650205
1687737085,659401
1687737085,660024
1687737085,668598
1687737085,674868
1687737086,332919
1687737086,332963
1687737086,344270
1687737086,349121
1687737086,350732
1687737086,359501
1687737086,362822
1687737086,368809
1687737086,371457
1687737086,378207
1687737086,383907
1687737086,385928
1687737086,404886
1687737086,405284
1687737086,407199
1687737086,412479
1687737086,428603
1687737086,470792
1687737086,474596
1687737086,502595
1687737086,507047
1687737086,517054
1687737086,522301
1687737086,529942
1687737086,539395
1687737086,541107
1687737086,542323
1687737086,567650
1687737086,582841
1687737086,583389
1687737086,586277
1687737086,597077
1687737086,612165
1687737086,625962
1687737086,627075
1687737086,630030
1687737086,646873
1687737086,648114
1687737086,649323
1687737086,657242
1687737086,662460
1687737086,664672
1687737086,671515
1687737086,675462
1687737086,689933
1687737087,330916
1687737087,333480
1687737087,336458
1687737087,337377
1687737087,341903
1687737087,351623
1687737087,352787
1687737087,353669
1687737087,362846
1687737087,366777
1687737087,369398
1687737087,371326
1687737087,373400
1687737087,375334
1687737087,376624
1687737087,377567
1687737087,381705
1687737087,383883
1687737087,400498
1687737087,408108
1687737087,410388
1687737087,411475
1687737087,416726
1687737087,426074
1687737087,452219
1687737087,456440
1687737087,464910
1687737087,473319
1687737087,473977
1687737087,474965
1687737087,476691
1687737087,501643
1687737087,516755
1687737087,526430
1687737087,556471
1687737087,561746
1687737087,564471
1687737087,569002
1687737087,569012
1687737087,575997
1687737087,579195
1687737087,599663
1687737087,601990
1687737087,607448
1687737087,610336
1687737087,610729
1687737087,618234
1687737087,621440
1687737087,635253
1687737087,635749
1687737087,643364
1687737087,647296
1687737087,649040
1687737087,654780
1687737087,659682
1687737087,661260
1687737087,663797
1687737087,664306
1687737087,668540
1687737087,669956
1687737087,671369
1687737088,329924
1687737088,330520
1687737088,338418
1687737088,341359
1687737088,347654
1687737088,361640
1687737088,366004
1687737088,383022
1687737088,389589
1687737088,398116
1687737088,422887
1687737088,423916
1687737088,426447
1687737088,435259
1687737088,444353
1687737088,453366
1687737088,457604
1687737088,489140
1687737088,492854
1687737088,498319
1687737088,499424
1687737088,514455
1687737088,515846
1687737088,528620
1687737088,542800
1687737088,551496
1687737088,554855
1687737088,555876
1687737088,559811
1687737088,568490
1687737088,593328
1687737088,593689
1687737088,603804
1687737088,604194
1687737088,610319
1687737088,630603
1687737088,645016
1687737088,649489
1687737088,650157
1687737088,652368
1687737088,670236
1687737088,670545
1687737088,676838
1687737088,679000
1687737088,681845
1687737089,331320
1687737089,333994
1687737089,335061
1687737089,339752
1687737089,344899
1687737089,350516
1687737089,360714
1687737089,361629
1687737089,363009
1687737089,367425
1687737089,369381
1687737089,371913
1687737089,374933
1687737089,385162
1687737089,387702
1687737089,390028
1687737089,400675
1687737089,405920
1687737089,420913
1687737089,424194
1687737089,432977
1687737089,444793
1687737089,475069
1687737089,489107
1687737089,496677
1687737089,523375
1687737089,524358
1687737089,529663
1687737089,534171
1687737089,539669
1687737089,550648
1687737089,552640
1687737089,567884
1687737089,592636
1687737089,601867
1687737089,607438
1687737089,619397
1687737089,620932
1687737089,623560
1687737089,629934
1687737089,630670
1687737089,632462
1687737089,639143
1687737089,640138
1687737089,644257
1687737089,658450
1687737089,661284
1687737089,662859
1687737089,664866
1687737089,664928
1687737090,329349
1687737090,332725
1687737090,344460
1687737090,345211
1687737090,348591
1687737090,355736
1687737090,358845
1687737090,368108
1687737090,375214
1687737090,391418
1687737090,410726
1687737090,425870
1687737090,439799
1687737090,444683
1687737090,452370
1687737090,471405
1687737090,473995
1687737090,482503
1687737090,486585
1687737090,488098
1687737090,498334
1687737090,521289
1687737090,526329
1687737090,530877
1687737090,532281
1687737090,542905
1687737090,563243
1687737090,581510
1687737090,581725
1687737090,582056
1687737090,583876
1687737090,586160
1687737090,594281
1687737090,614115
1687737090,623481
1687737090,625128
1687737090,647468
1687737090,650405
1687737090,651052
1687737090,653478
1687737090,657404
1687737090,661620
1687737090,683780
1687737090,683859
1687737091,330278
1687737091,331333
1687737091,331442
1687737091,333593
1687737091,340163
1687737091,348787
1687737091,350341
1687737091,357742
1687737091,362137
1687737091,371796
1687737091,373008
1687737091,373453
1687737091,377765
1687737091,379210
1687737091,381252
1687737091,392353
1687737091,402941
1687737091,415144
1687737091,417772
1687737091,423091
1687737091,432904
1687737091,440161
1687737091,463167
1687737091,465610
1687737091,471933
1687737091,473766
1687737091,477303
1687737091,483621
1687737091,509458
1687737091,513476
1687737091,527773
1687737091,546653
1687737091,554175
1687737091,570835
1687737091,570965
1687737091,578033
1687737091,580022
1687737091,608303
1687737091,612855
1687737091,614386
1687737091,615431
1687737091,635780
1687737091,642230
1687737091,645280
1687737091,646267
1687737091,648976
1687737091,652365
1687737091,665337
1687737091,669081
1687737091,671717
1687737091,676741
1687737092,328478
1687737092,339856
1687737092,341784
1687737092,348123
1687737092,350868
1687737092,352682
1687737092,353331
1687737092,357773
1687737092,361901
1687737092,362263
1687737092,371084
1687737092,390920
1687737092,400953
1687737092,401891
1687737092,403535
1687737092,406114
1687737092,416596
1687737092,435734
1687737092,451041
1687737092,457234
1687737092,487280
1687737092,500007
1687737092,502005
1687737092,503731
1687737092,505239
1687737092,525729
1687737092,542550
1687737092,542964
1687737092,561507
1687737092,568554
1687737092,570380
1687737092,584421
1687737092,588609
1687737092,591901
1687737092,603409
1687737092,603529
1687737092,605363
1687737092,629706
1687737092,632028
1687737092,633572
1687737092,645151
1687737092,645351
1687737092,646085
1687737092,647482
1687737092,649110
1687737092,655297
1687737092,666735
1687737092,667338
1687737092,689645
1687737093,330645
1687737093,332593
1687737093,333906
1687737093,343291
1687737093,343336
1687737093,344556
1687737093,344613
1687737093,352395
1687737093,352771
1687737093,356619
1687737093,363704
1687737093,369490
1687737093,370383
1687737093,372256
1687737093,377502
1687737093,386713
1687737093,392212
1687737093,400292
1687737093,414656
1687737093,416814
1687737093,417977
1687737093,426238
1687737093,435822
1687737093,437878
1687737093,440636
1687737093,443426
1687737093,449623
1687737093,462538
1687737093,484033
1687737093,490649
1687737093,500049
1687737093,503296
1687737093,516747
1687737093,524296
1687737093,536213
1687737093,538740
1687737093,546466
1687737093,547834
1687737093,548588
1687737093,551981
1687737093,590455
1687737093,601966
1687737093,603501
1687737093,606144
1687737093,615259
1687737093,616009
1687737093,627864
1687737093,628311
1687737093,630699
1687737093,646504
1687737093,648782
1687737093,656129
1687737093,659487
1687737093,659774
1687737093,666496
1687737093,674019
1687737093,680765
1687737094,330346
1687737094,331261
1687737094,333557
1687737094,339871
1687737094,354495
1687737094,357766
1687737094,359639
1687737094,361064
1687737094,366376
1687737094,367583
1687737094,372628
1687737094,383792
1687737094,390478
1687737094,421564
1687737094,421687
1687737094,426052
1687737094,429276
1687737094,458200
1687737094,462129
1687737094,464322
1687737094,468794
1687737094,475920
1687737094,479879
1687737094,498836
1687737094,501247
1687737094,506185
1687737094,521684
1687737094,527347
1687737094,529022
1687737094,532498
1687737094,558657
1687737094,563363
1687737094,567284
1687737094,568967
1687737094,572034
1687737094,585957
1687737094,591377
1687737094,601043
1687737094,622273
1687737094,623323
1687737094,629877
1687737094,630546
1687737094,631502
1687737094,646278
1687737094,649871
1687737094,657271
1687737094,657915
1687737094,664210
1687737094,665545
1687737094,669970
1687737094,670767
1687737094,672032
1687737094,683271
1687737095,329681
1687737095,344108
1687737095,350391
1687737095,352484
1687737095,354953
1687737095,356254
1687737095,370188
1687737095,372585
1687737095,378169
1687737095,380193
1687737095,393858
1687737095,402146
1687737095,403390
1687737095,404421
1687737095,406827
1687737095,411744
1687737095,414923
1687737095,420587
1687737095,426572
1687737095,432329
1687737095,458048
1687737095,458725
1687737095,477481
1687737095,489924
1687737095,515791
1687737095,522838
1687737095,528404
1687737095,542623
1687737095,560556
1687737095,564466
1687737095,574034
1687737095,580635
1687737095,595202
1687737095,599601
1687737095,602986
1687737095,612703
1687737095,614027
1687737095,620919
1687737095,625269
1687737095,638539
1687737095,643933
1687737095,648039
1687737095,650566
1687737095,651262
1687737095,658958
1687737095,660840
1687737095,683624
1687737096,330063
1687737096,331958
1687737096,333379
1687737096,334142
1687737096,335373
1687737096,336827
1687737096,344082
1687737096,349332
1687737096,360144
1687737096,369706
1687737096,383431
1687737096,384385
1687737096,384840
1687737096,386525
1687737096,392900
1687737096,411691
1687737096,426554
1687737096,440942
1687737096,444180
1687737096,454298
1687737096,454653
1687737096,475324
1687737096,489183
1687737096,490163
1687737096,492878
1687737096,493583
1687737096,495324
1687737096,499794
1687737096,505460
1687737096,527321
1687737096,539760
1687737096,550128
1687737096,563215
1687737096,585462
1687737096,588693
1687737096,593064
1687737096,595125
1687737096,598499
1687737096,598775
1687737096,609126
1687737096,613794
1687737096,621954
1687737096,626564
1687737096,635397
1687737096,641457
1687737096,643867
1687737096,644454
1687737096,645910
1687737096,651426
1687737096,669544
1687737096,672008
1687737096,673245
1687737096,674304
1687737097,328655
1687737097,333095
1687737097,342240
1687737097,350562
1687737097,357887
1687737097,359211
1687737097,361016
1687737097,361102
1687737097,365542
1687737097,367935
1687737097,370700
1687737097,375087
1687737097,380009
1687737097,386819
1687737097,388356
1687737097,396305
1687737097,405389
1687737097,432707
1687737097,450685
1687737097,459217
1687737097,460228
1687737097,464421
1687737097,473864
1687737097,478086
1687737097,483867
1687737097,496703
1687737097,513676
1687737097,518287
1687737097,539581
1687737097,559063
1687737097,560736
1687737097,562101
1687737097,562196
1687737097,563196
1687737097,564010
1687737097,583929
1687737097,587535
1687737097,594026
1687737097,612542
1687737097,624791
1687737097,632246
1687737097,637833
1687737097,643211
1687737097,648140
1687737097,651909
1687737097,655080
1687737097,655177
1687737097,660471
1687737097,662491
1687737097,663205
1687737097,663795
1687737097,687000
1687737098,329377
1687737098,331308
1687737098,332745
1687737098,337381
1687737098,341824
1687737098,344905
1687737098,350715
1687737098,367024
1687737098,377912
1687737098,378913
1687737098,381917
1687737098,383156
1687737098,407479
1687737098,413416
1687737098,418298
1687737098,419063
1687737098,428858
1687737098,449756
1687737098,462383
1687737098,469264
1687737098,470313
1687737098,470550
1687737098,479996
1687737098,507219
1687737098,515141
1687737098,527154
1687737098,537153
1687737098,552624
1687737098,565056
1687737098,573669
1687737098,597474
1687737098,597497
1687737098,603896
1687737098,612235
1687737098,615436
1687737098,617215
1687737098,619247
1687737098,625725
1687737098,625751
1687737098,632548
1687737098,640804
1687737098,645445
1687737098,648294
1687737098,651301
1687737098,662047
1687737098,666276
1687737098,672239
1687737098,672345
1687737098,679512
1687737099,325431
1687737099,333068
1687737099,333669
1687737099,337812
1687737099,339616
1687737099,346613
1687737099,349480
1687737099,352983
1687737099,353592
1687737099,356945
1687737099,357920
1687737099,358719
1687737099,369390
1687737099,373530
1687737099,378538
1687737099,379734
1687737099,392311
1687737099,394091
1687737099,396288
1687737099,404786
1687737099,408075
1687737099,410777
1687737099,425183
1687737099,432579
1687737099,441454
1687737099,453637
1687737099,468689
1687737099,470270
1687737099,485084
1687737099,496586
1687737099,502109
1687737099,504377
1687737099,513688
1687737099,518130
1687737099,532756
1687737099,535895
1687737099,536691
1687737099,538820
1687737099,558560
1687737099,565317
1687737099,576479
1687737099,576908
1687737099,586450
1687737099,595510
1687737099,598763
1687737099,611363
1687737099,611650
1687737099,624787
1687737099,629950
1687737099,630797
1687737099,637789
1687737099,645300
1687737099,651531
1687737099,656832
1687737099,665064
1687737099,666684
1687737099,667790
1687737099,669320
1687737099,681940
1687737100,329200
1687737100,335175
1687737100,339595
1687737100,340084
1687737100,340218
1687737100,349104
1687737100,354087
1687737100,360824
1687737100,368802
1687737100,368850
1687737100,383469
1687737100,389473
1687737100,396539
1687737100,398721
1687737100,406030
1687737100,409847
1687737100,418215
1687737100,425233
1687737100,430797
1687737100,446372
1687737100,447518
1687737100,460279
1687737100,471332
1687737100,489018
1687737100,494834
1687737100,502255
1687737100,509152
1687737100,528548
1687737100,542228
1687737100,552772
1687737100,552838
1687737100,556052
1687737100,560377
1687737100,579538
1687737100,592778
1687737100,594295
1687737100,597311
1687737100,606909
1687737100,608864
1687737100,619920
1687737100,645905
1687737100,647745
1687737100,662278
1687737100,665011
1687737100,669164
1687737100,671164
1687737100,672560
1687737101,321532
1687737101,334826
1687737101,336656
1687737101,343213
1687737101,352105
1687737101,355052
1687737101,358702
1687737101,364387
1687737101,368578
1687737101,370670
1687737101,384220
1687737101,384257
1687737101,412478
1687737101,414812
1687737101,418285
1687737101,428118
1687737101,430338
1687737101,432795
1687737101,442801
1687737101,456468
1687737101,473068
1687737101,486301
1687737101,506771
1687737101,509654
1687737101,510532
1687737101,521186
1687737101,525824
1687737101,532831
1687737101,552883
1687737101,557821
1687737101,570180
1687737101,588720
1687737101,602145
1687737101,603985
1687737101,604547
1687737101,607619
1687737101,620091
1687737101,628930
1687737101,629442
1687737101,631030
1687737101,631646
1687737101,635901
1687737101,644153
1687737101,648913
1687737101,653848
1687737101,656200
1687737101,658694
1687737101,660098
1687737101,663571
1687737101,675657
1687737102,332115
1687737102,332949
1687737102,332989
1687737102,334560
1687737102,342952
1687737102,345532
1687737102,348670
1687737102,352230
1687737102,361601
1687737102,362657
1687737102,367310
1687737102,368198
1687737102,369260
1687737102,372117
1687737102,376302
1687737102,394144
1687737102,394545
1687737102,405529
1687737102,408947
1687737102,421193
1687737102,422630
1687737102,448645
1687737102,454804
1687737102,467886
1687737102,472654
1687737102,484396
1687737102,484542
1687737102,484802
1687737102,497609
1687737102,501222
1687737102,518931
1687737102,527041
1687737102,533318
1687737102,546336
1687737102,564692
1687737102,567962
1687737102,571104
1687737102,578629
1687737102,583027
1687737102,583110
1687737102,587830
1687737102,590066
1687737102,593851
1687737102,601519
1687737102,609014
1687737102,611756
1687737102,615799
1687737102,617713
1687737102,630618
1687737102,640218
1687737102,656278
1687737102,657304
1687737102,658027
1687737102,660698
1687737102,668023
1687737102,669322
1687737102,685063
1687737102,687605
1687737103,316404
1687737103,333991
1687737103,343502
1687737103,344884
1687737103,352273
1687737103,361059
1687737103,362084
1687737103,366343
1687737103,371225
1687737103,372198
1687737103,372819
1687737103,374738
1687737103,377552
1687737103,378271
1687737103,382613
1687737103,397561
1687737103,410837
1687737103,412245
1687737103,425190
1687737103,425486
1687737103,449062
1687737103,461586
1687737103,473580
1687737103,476450
1687737103,483285
1687737103,496282
1687737103,501910
1687737103,505334
1687737103,522203
1687737103,526870
1687737103,532628
1687737103,549308
1687737103,566600
1687737103,567141
1687737103,575962
1687737103,582479
1687737103,586957
1687737103,615139
1687737103,623678
1687737103,627133
1687737103,631560
1687737103,635557
1687737103,645480
1687737103,645623
1687737103,645989
1687737103,649107
1687737103,649214
1687737103,649214
1687737103,653433
1687737103,653553
1687737103,668194
1687737103,671534
1687737103,673771
1687737103,677526
1687737104,330061
1687737104,332169
1687737104,332813
1687737104,335102
1687737104,335847
1687737104,341553
1687737104,343394
1687737104,345934
1687737104,350785
1687737104,353658
1687737104,354965
1687737104,356702
1687737104,361764
1687737104,364754
1687737104,385539
1687737104,389751
1687737104,390241
1687737104,401884
1687737104,405369
1687737104,415546
1687737104,430883
1687737104,436229
1687737104,436326
1687737104,437910
1687737104,447389
1687737104,450885
1687737104,458551
1687737104,458673
1687737104,478751
1687737104,480964
1687737104,499874
1687737104,501714
1687737104,505471
1687737104,518247
1687737104,528874
1687737104,538513
1687737104,542130
1687737104,553049
1687737104,565475
1687737104,584496
1687737104,585682
1687737104,591693
1687737104,604830
1687737104,609246
1687737104,610157
1687737104,613832
1687737104,648940
1687737104,660906
1687737104,667267
1687737104,669245
1687737104,670477
1687737104,689221
1687737105,334131
1687737105,347374
1687737105,347443
1687737105,356097
1687737105,360105
1687737105,371904
1687737105,372398
1687737105,375525
1687737105,381939
1687737105,389768
1687737105,395690
1687737105,402648
1687737105,402936
1687737105,419488
1687737105,426832
1687737105,433635
1687737105,439712
1687737105,472851
1687737105,473980
1687737105,475110
1687737105,479002
1687737105,498917
1687737105,501711
1687737105,521560
1687737105,544596
1687737105,551796
1687737105,565110
1687737105,565353
1687737105,569553
1687737105,570083
1687737105,575233
1687737105,601392
1687737105,604619
1687737105,618631
1687737105,630699
1687737105,630991
1687737105,631885
1687737105,637774
1687737105,639634
1687737105,648315
1687737105,648724
1687737105,649124
1687737105,658691
1687737105,659522
1687737105,674953
1687737106,332927
1687737106,333483
1687737106,338731
1687737106,344670
1687737106,349330
1687737106,351717
1687737106,358529
1687737106,367464
1687737106,368300
1687737106,372083
1687737106,380056
1687737106,384019
1687737106,385274
1687737106,403280
1687737106,405940
1687737106,407364
1687737106,431201
1687737106,475512
1687737106,476525
1687737106,492707
1687737106,500414
1687737106,504970
1687737106,518648
1687737106,519165
1687737106,528110
1687737106,540158
1687737106,541404
1687737106,543237
1687737106,584641
1687737106,584821
1687737106,588139
1687737106,595564
1687737106,610002
1687737106,627552
1687737106,628451
1687737106,628602
1687737106,634400
1687737106,647766
1687737106,648295
1687737106,658604
1687737106,663349
1687737106,665796
1687737106,671353
1687737106,674940
1687737106,690465
1687737107,331226
1687737107,333618
1687737107,335879
1687737107,341589
1687737107,345753
1687737107,349049
1687737107,352075
1687737107,352469
1687737107,353455
1687737107,363425
1687737107,364849
1687737107,370563
1687737107,372068
1687737107,375224
1687737107,376233
1687737107,376848
1687737107,384831
1687737107,398758
1687737107,410164
1687737107,412243
1687737107,412873
1687737107,424204
1687737107,454160
1687737107,458405
1687737107,462719
1687737107,472920
1687737107,474712
1687737107,476151
1687737107,499460
1687737107,524200
1687737107,554621
1687737107,562343
1687737107,563936
1687737107,566908
1687737107,570681
1687737107,574087
1687737107,581065
1687737107,600268
1687737107,600988
1687737107,611589
1687737107,612446
1687737107,619221
1687737107,619832
1687737107,630264
1687737107,633166
1687737107,644474
1687737107,647644
1687737107,648655
1687737107,649009
1687737107,653491
1687737107,659027
1687737107,660299
1687737107,663821
1687737107,664024
1687737107,670216
1687737107,671000
1687737107,685574
1687737108,329995
1687737108,330610
1687737108,337918
1687737108,338098
1687737108,342271
1687737108,346668
1687737108,360762
1687737108,386661
1687737108,387754
1687737108,389630
1687737108,400393
1687737108,417029
1687737108,421747
1687737108,424542
1687737108,425281
1687737108,446646
1687737108,450873
1687737108,455629
1687737108,461876
1687737108,490921
1687737108,497450
1687737108,500316
1687737108,516719
1687737108,518190
1687737108,526539
1687737108,544848
1687737108,549332
1687737108,556757
1687737108,558056
1687737108,591463
1687737108,591781
1687737108,605415
1687737108,605489
1687737108,611325
1687737108,631716
1687737108,641340
1687737108,643759
1687737108,651426
1687737108,652933
1687737108,669099
1687737108,670077
1687737108,670598
1687737108,675881
1687737108,679941
1687737108,681234
1687737109,331529
1687737109,331863
1687737109,333581
1687737109,334381
1687737109,334424
1687737109,338993
1687737109,344676
1687737109,349546
1687737109,360834
1687737109,361504
1687737109,363308
1687737109,364730
1687737109,370492
1687737109,376448
1687737109,391408
1687737109,399276
1687737109,404353
1687737109,419281
1687737109,422130
1687737109,434773
1687737109,442985
1687737109,477159
1687737109,491276
1687737109,494614
1687737109,519165
1687737109,521603
1687737109,522168
1687737109,531418
1687737109,536340
1687737109,537794
1687737109,550292
1687737109,569410
1687737109,594251
1687737109,600010
1687737109,608554
1687737109,612509
1687737109,617843
1687737109,619328
1687737109,621912
1687737109,631002
1687737109,631906
1687737109,634122
1687737109,637921
1687737109,647064
1687737109,659115
1687737109,662195
1687737109,662373
1687737109,664652
1687737109,665834
1687737110,329493
1687737110,340198
1687737110,344466
1687737110,344476
1687737110,349012
1687737110,349436
1687737110,354499
1687737110,359829
1687737110,363341
1687737110,373738
1687737110,376795
1687737110,376818
1687737110,390122
1687737110,408730
1687737110,428053
1687737110,442115
1687737110,450296
1687737110,475765
1687737110,477759
1687737110,484658
1687737110,485856
1687737110,488825
1687737110,524274
1687737110,533100
1687737110,534447
1687737110,561192
1687737110,579350
1687737110,582930
1687737110,584127
1687737110,587017
1687737110,587820
1687737110,595918
1687737110,621487
1687737110,626589
1687737110,630514
1687737110,650150
1687737110,652024
1687737110,656526
1687737110,663106
1687737110,683086
1687737110,684113
1687737111,330352
1687737111,330728
1687737111,331194
1687737111,332952
1687737111,351228
1687737111,357844
1687737111,361435
1687737111,372170
1687737111,375010
1687737111,377776
1687737111,378376
1687737111,380163
1687737111,416463
1687737111,420220
1687737111,421469
1687737111,430760
1687737111,438085
1687737111,465399
1687737111,467761
1687737111,469878
1687737111,471396
1687737111,479498
1687737111,481607
1687737111,496377
1687737111,511583
1687737111,511602
1687737111,526086
1687737111,544654
1687737111,572839
1687737111,573040
1687737111,575974
1687737111,577661
1687737111,606416
1687737111,612826
1687737111,613860
1687737111,613870
1687737111,616543
1687737111,637185
1687737111,640860
1687737111,646509
1687737111,647606
1687737111,648337
1687737111,652459
1687737111,665418
1687737111,668376
1687737111,671948
1687737112,328753
1687737112,342120
1687737112,346748
1687737112,351408
1687737112,351738
1687737112,352427
1687737112,353157
1687737112,354500
1687737112,358746
1687737112,362338
1687737112,392985
1687737112,393842
1687737112,399224
1687737112,404606
1687737112,405223
1687737112,419102
1687737112,433224
1687737112,442623
1687737112,453109
1687737112,459530
1687737112,460297
1687737112,498108
1687737112,499993
1687737112,507385
1687737112,527907
1687737112,534130
1687737112,540768
1687737112,548455
1687737112,556576
1687737112,563284
1687737112,568130
1687737112,570063
1687737112,582167
1687737112,590506
1687737112,601700
1687737112,604477
1687737112,606881
1687737112,621584
1687737112,626218
1687737112,630641
1687737112,632196
1687737112,643612
1687737112,646505
1687737112,647425
1687737112,648613
1687737112,648925
1687737112,655672
1687737112,665584
1687737112,666766
1687737112,669939
1687737112,689464
1687737113,330971
1687737113,331685
1687737113,340723
1687737113,342897
1687737113,343671
1687737113,344264
1687737113,344941
1687737113,364415
1687737113,369462
1687737113,370096
1687737113,373981
1687737113,376214
1687737113,398552
1687737113,435696
1687737113,437923
1687737113,441138
1687737113,451940
1687737113,486053
1687737113,498034
1687737113,505521
1687737113,522646
1687737113,534559
1687737113,537074
1687737113,546733
1687737113,549923
1687737113,553608
1687737113,592439
1687737113,601882
1687737113,603438
1687737113,616428
1687737113,629363
1687737113,629381
1687737113,633351
1687737113,645426
1687737113,646381
1687737113,648769
1687737113,655333
1687737113,659259
1687737113,660478
1687737113,674024
1687737114,330693
1687737114,331435
1687737114,333526
1687737114,338877
1687737114,355002
1687737114,355159
1687737114,358651
1687737114,358991
1687737114,362470
1687737114,365073
1687737114,373786
1687737114,385155
1687737114,402950
1687737114,418970
1687737114,419969
1687737114,424038
1687737114,424091
1687737114,431165
1687737114,459673
1687737114,460265
1687737114,478030
1687737114,482042
1687737114,496810
1687737114,498852
1687737114,504172
1687737114,523877
1687737114,524472
1687737114,525123
1687737114,531169
1687737114,560226
1687737114,565087
1687737114,569243
1687737114,570545
1687737114,587776
1687737114,590059
1687737114,597677
1687737114,599128
1687737114,620605
1687737114,624441
1687737114,630852
1687737114,632229
1687737114,632959
1687737114,645741
1687737114,655937
1687737114,656074
1687737114,659217
1687737114,664994
1687737114,665261
1687737114,669241
1687737114,670658
1687737114,672404
1687737114,683846
1687737115,329818
1687737115,332120
1687737115,343953
1687737115,349551
1687737115,353309
1687737115,353990
1687737115,363102
1687737115,371703
1687737115,373368
1687737115,379004
1687737115,392399
1687737115,400374
1687737115,405129
1687737115,405256
1687737115,413133
1687737115,413789
1687737115,424670
1687737115,425141
1687737115,460158
1687737115,460644
1687737115,479907
1687737115,487655
1687737115,491344
1687737115,513846
1687737115,525187
1687737115,526416
1687737115,558618
1687737115,566535
1687737115,571730
1687737115,582484
1687737115,593149
1687737115,601320
1687737115,613704
1687737115,615507
1687737115,621914
1687737115,623758
1687737115,644864
1687737115,646857
1687737115,651260
1687737115,651717
1687737115,658313
1687737115,660902
1687737116,333758
1687737116,334384
1687737116,334556
1687737116,335046
1687737116,336544
1687737116,349927
1687737116,360879
1687737116,367293
1687737116,368721
1687737116,380720
1687737116,382779
1687737116,385504
1687737116,388490
1687737116,394917
1687737116,397292
1687737116,442184
1687737116,442337
1687737116,452493
1687737116,456365
1687737116,468709
1687737116,477476
1687737116,486746
1687737116,490670
1687737116,492457
1687737116,497571
1687737116,501825
1687737116,507749
1687737116,525139
1687737116,548056
1687737116,565293
1687737116,568245
1687737116,581937
1687737116,586892
1687737116,591163
1687737116,596434
1687737116,596701
1687737116,600305
1687737116,610924
1687737116,614028
1687737116,615049
1687737116,620191
1687737116,642511
1687737116,643077
1687737116,645231
1687737116,645570
1687737116,652417
1687737116,668581
1687737116,672237
1687737116,673190
1687737116,675118
1687737117,329050
1687737117,331095
1687737117,333019
1687737117,333138
1687737117,343062
1687737117,349952
1687737117,358006
1687737117,360424
1687737117,360457
1687737117,361679
1687737117,361830
1687737117,366991
1687737117,369756
1687737117,378635
1687737117,380587
1687737117,388052
1687737117,390012
1687737117,394789
1687737117,403452
1687737117,410124
1687737117,434751
1687737117,452824
1687737117,456963
1687737117,458285
1687737117,466604
1687737117,471651
1687737117,480134
1687737117,481740
1687737117,494598
1687737117,495765
1687737117,511548
1687737117,541578
1687737117,544671
1687737117,558528
1687737117,559802
1687737117,560795
1687737117,562213
1687737117,563717
1687737117,564697
1687737117,585369
1687737117,586100
1687737117,592426
1687737117,601919
1687737117,610895
1687737117,625749
1687737117,633462
1687737117,639424
1687737117,642256
1687737117,647460
1687737117,651675
1687737117,654068
1687737117,659674
1687737117,663455
1687737117,663552
1687737117,664293
1687737118,329714
1687737118,331216
1687737118,331919
1687737118,337835
1687737118,340928
1687737118,345119
1687737118,368592
1687737118,378152
1687737118,378926
1687737118,382137
1687737118,409210
1687737118,411698
1687737118,420449
1687737118,420509
1687737118,430911
1687737118,447850
1687737118,464585
1687737118,468358
1687737118,471357
1687737118,472370
1687737118,505227
1687737118,516206
1687737118,517183
1687737118,529275
1687737118,539413
1687737118,550487
1687737118,566751
1687737118,571415
1687737118,595925
1687737118,598965
1687737118,605099
1687737118,617092
1687737118,617368
1687737118,618212
1687737118,626890
1687737118,627085
1687737118,631081
1687737118,631961
1687737118,639298
1687737118,645322
1687737118,649449
1687737118,653977
1687737118,662924
1687737118,665087
1687737118,672262
1687737118,672581
1687737118,678628
1687737119,325829
1687737119,330321
1687737119,332289
1687737119,333904
1687737119,337881
1687737119,339062
1687737119,346138
1687737119,349539
1687737119,353626
1687737119,355593
1687737119,357058
1687737119,358017
1687737119,368643
1687737119,369363
1687737119,370789
1687737119,374375
1687737119,377258
1687737119,380275
1687737119,391081
1687737119,392344
1687737119,394663
1687737119,406699
1687737119,409107
1687737119,410058
1687737119,427636
1687737119,430367
1687737119,439380
1687737119,455580
1687737119,470913
1687737119,472530
1687737119,483337
1687737119,491195
1687737119,494399
1687737119,500145
1687737119,502478
1687737119,515975
1687737119,516018
1687737119,530535
1687737119,534736
1687737119,537300
1687737119,560688
1687737119,566834
1687737119,578279
1687737119,578986
1687737119,584205
1687737119,593523
1687737119,597249
1687737119,609835
1687737119,613188
1687737119,625662
1687737119,628420
1687737119,646599
1687737119,651263
1687737119,656219
1687737119,665174
1687737119,666619
1687737119,667315
1687737119,682598
1687737119,685370
1687737120,329787
1687737120,334561
1687737120,339583
1687737120,340355
1687737120,340955
1687737120,350474
1687737120,353127
1687737120,362426
1687737120,369527
1687737120,382101
1687737120,388036
1687737120,398723
1687737120,408015
1687737120,420726
1687737120,437665
1687737120,448418
1687737120,449527
1687737120,462545
1687737120,469074
1687737120,492820
1687737120,500248
1687737120,511308
1687737120,530686
1687737120,554399
1687737120,554882
1687737120,557502
1687737120,558028
1687737120,577785
1687737120,592802
1687737120,594678
1687737120,595407
1687737120,607825
1687737120,610295
1687737120,621154
1687737120,645843
1687737120,646453
1687737120,657448
1687737120,661217
1687737120,664379
1687737120,669746
1687737120,670864
1687737120,673649
1687737120,677302
1687737121,321674
1687737121,334800
1687737121,335809
1687737121,343573
1687737121,353912
1687737121,359597
1687737121,365122
1687737121,367703
1687737121,369574
1687737121,372108
1687737121,372707
1687737121,385461
1687737121,386028
1687737121,392455
1687737121,410956
1687737121,413040
1687737121,416509
1687737121,424349
1687737121,425824
1687737121,428519
1687737121,431019
1687737121,432285
1687737121,444895
1687737121,454321
1687737121,459426
1687737121,475213
1687737121,488585
1687737121,504719
1687737121,507767
1687737121,512606
1687737121,519407
1687737121,524221
1687737121,531001
1687737121,554951
1687737121,555872
1687737121,571832
1687737121,590499
1687737121,600725
1687737121,602639
1687737121,605177
1687737121,605943
1687737121,621218
1687737121,627954
1687737121,629435
1687737121,630022
1687737121,632829
1687737121,637139
1687737121,643380
1687737121,648365
1687737121,653756
1687737121,659437
1687737121,660432
1687737121,664156
1687737121,668676
1687737121,674935
1687737122,331414
1687737122,332235
1687737122,333129
1687737122,334803
1687737122,342127
1687737122,344733
1687737122,348443
1687737122,351479
1687737122,353748
1687737122,362533
1687737122,366098
1687737122,368347
1687737122,371099
1687737122,373947
1687737122,377804
1687737122,385360
1687737122,395445
1687737122,403857
1687737122,407202
1687737122,419150
1687737122,419406
1687737122,424697
1687737122,450845
1687737122,452555
1687737122,469899
1687737122,474815
1687737122,486517
1687737122,486686
1687737122,487061
1687737122,495103
1687737122,499114
1687737122,516879
1687737122,529309
1687737122,535508
1687737122,547810
1687737122,562713
1687737122,569302
1687737122,580711
1687737122,581213
1687737122,584598
1687737122,585753
1687737122,591953
1687737122,592146
1687737122,599855
1687737122,607826
1687737122,612739
1687737122,615915
1687737122,623024
1687737122,632175
1687737122,641576
1687737122,655268
1687737122,659066
1687737122,659617
1687737122,667671
1687737122,670587
1687737122,670819
1687737122,685356
1687737122,687064
1687737123,316452
1687737123,333835
1687737123,342269
1687737123,344593
1687737123,353087
1687737123,360686
1687737123,361144
1687737123,367370
1687737123,373159
1687737123,373527
1687737123,374385
1687737123,377013
1687737123,378385
1687737123,381148
1687737123,395898
1687737123,413642
1687737123,423480
1687737123,423867
1687737123,446658
1687737123,463591
1687737123,466574
1687737123,474281
1687737123,475790
1687737123,480981
1687737123,494242
1687737123,504058
1687737123,507398
1687737123,520282
1687737123,529217
1687737123,530525
1687737123,547394
1687737123,569140
1687737123,573827
1687737123,580209
1687737123,588616
1687737123,616404
1687737123,621906
1687737123,625240
1687737123,627637
1687737123,631532
1687737123,632553
1687737123,634041
1687737123,646077
1687737123,648629
1687737123,650205
1687737123,650571
1687737123,652870
1687737123,653207
1687737123,668286
1687737123,671494
1687737123,673595
1687737124,330051
1687737124,332132
1687737124,332453
1687737124,333288
1687737124,334747
1687737124,342739
1687737124,344094
1687737124,346858
1687737124,351534
1687737124,353001
1687737124,355388
1687737124,355720
1687737124,362684
1687737124,363582
1687737124,384080
1687737124,388873
1687737124,391762
1687737124,403562
1687737124,403639
1687737124,413646
1687737124,433078
1687737124,433948
1687737124,438582
1687737124,440295
1687737124,452650
1687737124,460783
1687737124,460808
1687737124,476328
1687737124,478882
1687737124,499859
1687737124,502132
1687737124,503149
1687737124,516113
1687737124,530495
1687737124,536624
1687737124,544147
1687737124,550226
1687737124,555429
1687737124,567380
1687737124,583565
1687737124,586049
1687737124,590116
1687737124,606351
1687737124,607579
1687737124,611783
1687737124,614888
1687737124,628974
1687737124,647466
1687737124,648581
1687737124,660930
1687737124,666694
1687737124,669813
1687737124,670009
1687737124,678242
1687737124,689019
1687737125,334492
1687737125,346424
1687737125,347097
1687737125,351458
1687737125,356413
1687737125,360967
1687737125,366195
1687737125,371390
1687737125,372526
1687737125,377126
1687737125,380431
1687737125,391742
1687737125,400959
1687737125,401351
1687737125,401403
1687737125,405938
1687737125,417375
1687737125,428461
1687737125,435670
1687737125,437668
1687737125,439716
1687737125,470379
1687737125,471968
1687737125,477294
1687737125,480958
1687737125,499666
1687737125,501146
1687737125,519640
1687737125,537978
1687737125,546616
1687737125,567100
1687737125,567969
1687737125,571665
1687737125,573296
1687737125,602812
1687737125,603244
1687737125,616923
1687737125,618786
1687737125,630157
1687737125,631692
1687737125,632410
1687737125,633307
1687737125,636293
1687737125,640452
1687737125,644094
1687737125,646683
1687737125,647196
1687737125,647297
1687737125,648274
1687737125,657935
1687737125,659006
1687737125,675003
1687737126,315681
1687737126,332014
1687737126,332928
1687737126,334077
1687737126,338053
1687737126,345105
1687737126,349523
1687737126,352686
1687737126,356490
1687737126,357630
1687737126,362757
1687737126,372742
1687737126,381939
1687737126,382101
1687737126,386667
1687737126,401689
1687737126,404690
1687737126,408175
1687737126,409480
1687737126,433794
1687737126,470848
1687737126,478455
1687737126,494782
1687737126,498257
1687737126,502885
1687737126,510154
1687737126,520476
1687737126,521303
1687737126,526272
1687737126,526633
1687737126,538037
1687737126,543390
1687737126,545310
1687737126,563049
1687737126,586255
1687737126,586414
1687737126,589989
1687737126,593973
1687737126,607845
1687737126,626819
1687737126,645556
1687737126,647441
1687737126,647511
1687737126,648382
1687737126,659871
1687737126,666914
1687737126,671174
1687737126,674409
1687737126,690919
1687737127,321436
1687737127,331567
1687737127,333859
1687737127,335331
1687737127,341353
1687737127,346647
1687737127,351409
1687737127,353273
1687737127,353351
1687737127,355746
1687737127,362944
1687737127,363992
1687737127,373789
1687737127,374866
1687737127,378384
1687737127,385785
1687737127,397019
1687737127,407094
1687737127,412231
1687737127,414136
1687737127,414271
1687737127,422399
1687737127,453648
1687737127,456075
1687737127,460367
1687737127,460481
1687737127,469807
1687737127,472723
1687737127,477686
1687737127,478367
1687737127,495467
1687737127,497264
1687737127,521959
1687737127,552779
1687737127,560235
1687737127,562489
1687737127,564820
1687737127,566101
1687737127,572155
1687737127,572337
1687737127,582921
1687737127,588287
1687737127,598542
1687737127,602275
1687737127,604594
1687737127,607120
1687737127,612822
1687737127,614193
1687737127,618234
1687737127,620243
1687737127,631089
1687737127,633454
1687737127,636899
1687737127,650007
1687737127,650310
1687737127,652165
1687737127,658299
1687737127,659336
1687737127,663736
1687737127,663775
1687737127,670461
1687737128,319944
1687737128,330106
1687737128,330737
1687737128,337429
1687737128,338879
1687737128,343210
1687737128,345752
1687737128,348763
1687737128,349224
1687737128,359893
1687737128,372824
1687737128,375483
1687737128,377788
1687737128,385942
1687737128,391574
1687737128,402763
1687737128,419613
1687737128,422621
1687737128,427654
1687737128,440028
1687737128,448392
1687737128,478043
1687737128,488957
1687737128,493537
1687737128,502281
1687737128,518983
1687737128,520529
1687737128,524485
1687737128,537998
1687737128,547161
1687737128,560246
1687737128,589561
1687737128,589828
1687737128,606616
1687737128,612358
1687737128,632817
1687737128,642449
1687737128,642558
1687737128,644982
1687737128,648503
1687737128,651560
1687737128,652685
1687737128,653414
1687737128,657550
1687737128,669600
1687737128,670886
1687737128,674861
1687737128,680619
1687737128,680827
1687737129,331746
1687737129,333814
1687737129,334777
1687737129,338285
1687737129,345299
1687737129,348636
1687737129,360051
1687737129,362276
1687737129,363459
1687737129,363618
1687737129,371603
1687737129,378021
1687737129,388230
1687737129,392842
1687737129,397871
1687737129,402748
1687737129,406769
1687737129,417684
1687737129,420092
1687737129,436563
1687737129,440020
1687737129,441228
1687737129,479276
1687737129,492552
1687737129,493458
1687737129,500860
1687737129,519819
1687737129,519978
1687737129,533160
1687737129,535914
1687737129,538521
1687737129,547958
1687737129,564301
1687737129,579984
1687737129,589020
1687737129,595816
1687737129,598157
1687737129,609626
1687737129,610847
1687737129,616181
1687737129,617743
1687737129,618780
1687737129,620265
1687737129,632101
1687737129,633134
1687737129,635765
1687737129,636643
1687737129,639930
1687737129,646613
1687737129,659766
1687737129,661489
1687737129,663426
1687737129,664337
1687737130,329666
1687737130,333352
1687737130,340277
1687737130,344547
1687737130,350345
1687737130,352127
1687737130,353305
1687737130,360836
1687737130,375471
1687737130,375623
1687737130,378443
1687737130,388820
1687737130,399867
1687737130,406515
1687737130,430258
1687737130,444394
1687737130,448153
1687737130,475512
1687737130,477558
1687737130,483625
1687737130,486818
1687737130,491000
1687737130,494448
1687737130,517007
1687737130,522199
1687737130,535310
1687737130,536588
1687737130,546425
1687737130,559115
1687737130,572691
1687737130,576957
1687737130,584341
1687737130,585330
1687737130,586199
1687737130,589464
1687737130,597533
1687737130,619554
1687737130,628045
1687737130,638611
1687737130,649238
1687737130,650530
1687737130,655587
1687737130,664570
1687737130,682391
1687737130,684358
1687737131,330442
1687737131,330981
1687737131,332392
1687737131,357972
1687737131,360802
1687737131,371325
1687737131,376357
1687737131,376650
1687737131,379027
1687737131,379053
1687737131,417781
1687737131,419818
1687737131,422666
1687737131,428667
1687737131,436054
1687737131,466625
1687737131,467806
1687737131,469903
1687737131,479591
1687737131,481725
1687737131,509664
1687737131,513713
1687737131,524415
1687737131,542612
1687737131,573929
1687737131,574823
1687737131,575119
1687737131,575277
1687737131,602336
1687737131,604575
1687737131,611228
1687737131,614849
1687737131,615457
1687737131,617685
1687737131,629076
1687737131,639428
1687737131,647678
1687737131,647728
1687737131,648937
1687737131,652516
1687737131,665469
1687737131,667700
1687737131,672145
1687737132,329075
1687737132,342525
1687737132,345426
1687737132,350804
1687737132,351962
1687737132,352532
1687737132,352729
1687737132,355770
1687737132,359764
1687737132,362790
1687737132,379763
1687737132,395091
1687737132,396781
1687737132,397526
1687737132,403102
1687737132,406921
1687737132,421605
1687737132,430740
1687737132,444591
1687737132,445396
1687737132,458086
1687737132,461831
1687737132,469006
1687737132,496159
1687737132,497970
1687737132,509543
1687737132,530099
1687737132,538606
1687737132,550412
1687737132,558986
1687737132,565039
1687737132,565866
1687737132,571568
1687737132,579845
1687737132,589075
1687737132,599998
1687737132,605436
1687737132,608349
1687737132,630811
1687737132,631590
1687737132,634667
1687737132,642057
1687737132,647665
1687737132,648087
1687737132,648779
1687737132,655973
1687737132,664156
1687737132,664348
1687737132,666118
1687737132,670487
1687737132,689262
1687737133,330862
1687737133,331338
1687737133,342516
1687737133,342752
1687737133,345378
1687737133,353738
1687737133,365112
1687737133,368611
1687737133,370749
1687737133,371793
1687737133,374906
1687737133,375758
1687737133,395481
1687737133,396860
1687737133,433512
1687737133,438894
1687737133,440017
1687737133,454259
1687737133,488099
1687737133,495982
1687737133,496464
1687737133,507758
1687737133,521011
1687737133,531992
1687737133,535450
1687737133,544901
1687737133,551969
1687737133,555204
1687737133,594377
1687737133,600217
1687737133,603043
1687737133,604877
1687737133,617582
1687737133,624561
1687737133,627978
1687737133,630478
1687737133,644352
1687737133,648740
1687737133,654482
1687737133,658726
1687737133,661453
1687737133,673986
1687737134,331079
1687737134,331613
1687737134,333532
1687737134,337981
1687737134,345229
1687737134,355299
1687737134,355501
1687737134,357729
1687737134,360264
1687737134,363810
1687737134,363907
1687737134,374989
1687737134,386564
1687737134,395905
1687737134,401471
1687737134,418245
1687737134,421134
1687737134,422099
1687737134,422450
1687737134,426643
1687737134,433075
1687737134,457210
1687737134,462321
1687737134,480150
1687737134,484205
1687737134,494750
1687737134,502124
1687737134,522820
1687737134,526069
1687737134,533343
1687737134,561824
1687737134,566453
1687737134,566770
1687737134,572142
1687737134,588757
1687737134,589577
1687737134,597237
1687737134,618923
1687737134,625566
1687737134,631868
1687737134,633028
1687737134,633845
1687737134,634383
1687737134,645179
1687737134,654877
1687737134,655677
1687737134,660499
1687737134,664416
1687737134,666301
1687737134,668496
1687737134,670532
1687737134,672708
1687737134,684374
1687737135,329947
1687737135,331295
1687737135,343851
1687737135,348710
1687737135,353028
1687737135,354162
1687737135,363535
1687737135,370731
1687737135,373291
1687737135,373502
1687737135,377849
1687737135,390978
1687737135,398650
1687737135,403413
1687737135,407120
1687737135,411381
1687737135,415854
1687737135,422754
1687737135,423717
1687737135,462288
1687737135,462599
1687737135,482347
1687737135,484250
1687737135,485404
1687737135,511891
1687737135,524496
1687737135,527504
1687737135,546834
1687737135,556671
1687737135,568651
1687737135,569432
1687737135,584308
1687737135,591043
1687737135,599646
1687737135,614721
1687737135,617012
1687737135,622231
1687737135,622931
1687737135,645620
1687737135,645824
1687737135,651232
1687737135,652852
1687737135,657667
1687737135,660939
1687737136,330616
1687737136,333812
1687737136,334184
1687737136,334287
1687737136,334639
1687737136,336297
1687737136,350552
1687737136,361646
1687737136,362557
1687737136,366636
1687737136,367776
1687737136,368476
1687737136,381162
1687737136,387595
1687737136,390491
1687737136,396989
1687737136,408572
1687737136,440190
1687737136,448955
1687737136,450374
1687737136,458460
1687737136,479627
1687737136,488461
1687737136,494771
1687737136,499830
1687737136,503867
1687737136,509989
1687737136,514066
1687737136,522920
1687737136,531758
1687737136,540087
1687737136,546019
1687737136,558642
1687737136,567302
1687737136,569874
1687737136,570951
1687737136,588276
1687737136,589181
1687737136,590773
1687737136,594866
1687737136,597697
1687737136,601824
1687737136,612232
1687737136,612680
1687737136,616332
1687737136,618416
1687737136,628725
1687737136,636444
1687737136,641679
1687737136,643518
1687737136,646583
1687737136,653374
1687737136,664570
1687737136,666733
1687737136,667625
1687737136,670108
1687737136,672391
1687737136,673120
1687737136,675953
1687737136,677808
1687737137,329431
1687737137,330311
1687737137,333183
1687737137,343901
1687737137,358163
1687737137,361656
1687737137,362338
1687737137,368863
1687737137,377229
1687737137,379256
1687737137,389339
1687737137,391708
1687737137,393281
1687737137,401538
1687737137,436770
1687737137,454962
1687737137,456314
1687737137,468812
1687737137,469425
1687737137,479550
1687737137,482180
1687737137,492508
1687737137,497952
1687737137,509447
1687737137,541655
1687737137,543556
1687737137,556352
1687737137,560452
1687737137,562554
1687737137,565255
1687737137,566191
1687737137,583187
1687737137,588243
1687737137,600383
1687737137,609231
1687737137,626709
1687737137,634654
1687737137,640989
1687737137,641300
1687737137,646713
1687737137,651374
1687737137,658851
1687737137,663084
1687737137,665340
1687737138,330074
1687737138,330186
1687737138,331155
1687737138,331190
1687737138,338360
1687737138,340072
1687737138,345339
1687737138,352200
1687737138,370206
1687737138,377386
1687737138,379999
1687737138,383995
1687737138,404416
1687737138,407609
1687737138,409999
1687737138,422617
1687737138,430077
1687737138,432985
1687737138,445947
1687737138,455174
1687737138,466132
1687737138,466808
1687737138,473479
1687737138,474455
1687737138,503191
1687737138,531383
1687737138,548356
1687737138,568441
1687737138,569143
1687737138,594293
1687737138,606312
1687737138,615521
1687737138,619262
1687737138,628040
1687737138,628432
1687737138,629578
1687737138,637774
1687737138,645194
1687737138,650610
1687737138,652843
1687737138,663794
1687737138,672271
1687737138,672779
1687737138,677713
1687737139,326233
1687737139,331525
1687737139,334137
1687737139,337991
1687737139,338537
1687737139,345682
1687737139,349657
1687737139,351887
1687737139,352162
1687737139,354273
1687737139,354275
1687737139,356215
1687737139,357378
1687737139,372203
1687737139,375279
1687737139,375972
1687737139,380833
1687737139,390639
1687737139,393091
1687737139,407419
1687737139,408612
1687737139,412063
1687737139,426274
1687737139,428226
1687737139,437343
1687737139,457526
1687737139,464353
1687737139,467623
1687737139,473146
1687737139,474781
1687737139,492210
1687737139,498210
1687737139,500587
1687737139,513898
1687737139,518201
1687737139,528377
1687737139,532805
1687737139,535764
1687737139,562860
1687737139,568362
1687737139,580086
1687737139,581012
1687737139,591474
1687737139,595695
1687737139,607986
1687737139,615015
1687737139,626581
1687737139,626817
1687737139,627668
1687737139,647940
1687737139,650933
1687737139,651706
1687737139,655588
1687737139,665221
1687737139,666540
1687737139,666845
1687737139,685094
1687737140,330365
1687737140,333960
1687737140,339135
1687737140,341181
1687737140,341705
1687737140,343725
1687737140,348469
1687737140,364028
1687737140,370278
1687737140,380755
1687737140,386646
1687737140,400914
1687737140,406201
1687737140,423222
1687737140,429249
1687737140,450491
1687737140,451535
1687737140,464847
1687737140,466862
1687737140,490830
1687737140,498263
1687737140,513451
1687737140,532798
1687737140,556011
1687737140,556899
1687737140,558970
1687737140,576020
1687737140,591295
1687737140,592231
1687737140,593498
1687737140,608770
1687737140,611679
1687737140,622409
1687737140,645757
1687737140,660058
1687737140,663701
1687737140,664630
1687737140,670275
1687737140,670582
1687737141,321806
1687737141,334758
1687737141,334986
1687737141,343967
1687737141,352827
1687737141,360102
1687737141,360510
1687737141,362226
1687737141,365825
1687737141,366582
1687737141,370595
1687737141,373663
1687737141,386740
1687737141,411300
1687737141,414722
1687737141,423564
1687737141,426773
1687737141,434245
1687737141,446961
1687737141,452153
1687737141,456942
1687737141,477376
1687737141,488628
1687737141,490849
1687737141,505862
1687737141,514666
1687737141,517590
1687737141,522609
1687737141,529181
1687737141,536617
1687737141,553975
1687737141,557022
1687737141,573461
1687737141,599271
1687737141,600771
1687737141,606340
1687737141,622326
1687737141,626413
1687737141,627784
1687737141,631120
1687737141,633988
1687737141,638385
1687737141,642616
1687737141,647829
1687737141,653662
1687737141,660155
1687737141,660707
1687737141,668189
1687737142,330766
1687737142,332635
1687737142,333285
1687737142,335100
1687737142,341325
1687737142,343966
1687737142,348251
1687737142,350897
1687737142,355297
1687737142,364871
1687737142,372960
1687737142,374227
1687737142,375850
1687737142,379351
1687737142,390849
1687737142,402237
1687737142,405502
1687737142,417126
1687737142,421776
1687737142,450339
1687737142,453075
1687737142,477001
1687737142,488831
1687737142,489335
1687737142,492625
1687737142,496997
1687737142,514851
1687737142,531591
1687737142,537669
1687737142,549271
1687737142,560674
1687737142,570654
1687737142,579425
1687737142,582783
1687737142,583690
1687737142,586035
1687737142,590441
1687737142,593834
1687737142,595714
1687737142,598160
1687737142,606658
1687737142,613722
1687737142,614076
1687737142,624419
1687737142,633698
1687737142,642935
1687737142,652180
1687737142,654233
1687737142,658465
1687737142,660040
1687737142,667303
1687737142,672251
1687737142,685603
1687737142,686482
1687737143,316532
1687737143,333674
1687737143,341056
1687737143,344318
1687737143,353890
1687737143,360361
1687737143,363005
1687737143,368480
1687737143,372358
1687737143,374151
1687737143,375781
1687737143,375992
1687737143,379255
1687737143,379719
1687737143,394258
1687737143,405256
1687737143,415054
1687737143,421814
1687737143,422253
1687737143,444268
1687737143,465612
1687737143,472091
1687737143,478041
1687737143,478666
1687737143,492240
1687737143,509457
1687737143,518376
1687737143,528363
1687737143,531562
1687737143,532145
1687737143,545465
1687737143,571135
1687737143,571717
1687737143,574301
1687737143,577915
1687737143,590219
1687737143,617706
1687737143,620165
1687737143,623330
1687737143,632497
1687737143,632534
1687737143,633516
1687737143,645190
1687737143,646140
1687737143,648013
1687737143,651301
1687737143,651788
1687737143,651869
1687737143,652898
1687737143,668321
1687737143,671400
1687737143,673400
1687737144,330094
1687737144,331498
1687737144,332774
1687737144,333045
1687737144,334437
1687737144,341619
1687737144,343915
1687737144,344789
1687737144,347775
1687737144,352303
1687737144,352340
1687737144,354076
1687737144,356542
1687737144,362431
1687737144,363631
1687737144,373297
1687737144,382618
1687737144,387501
1687737144,393765
1687737144,401889
1687737144,411765
1687737144,431720
1687737144,435296
1687737144,437756
1687737144,440828
1687737144,442676
1687737144,454428
1687737144,462962
1687737144,463030
1687737144,473910
1687737144,476766
1687737144,497982
1687737144,500843
1687737144,504387
1687737144,513949
1687737144,517728
1687737144,534759
1687737144,540075
1687737144,546188
1687737144,548661
1687737144,557759
1687737144,569270
1687737144,581440
1687737144,587615
1687737144,588529
1687737144,603288
1687737144,605854
1687737144,613430
1687737144,615949
1687737144,617561
1687737144,644352
1687737144,648183
1687737144,649302
1687737144,660866
1687737144,669493
1687737144,678926
1687737144,688775
1687737145,334855
1687737145,345442
1687737145,346760
1687737145,356772
1687737145,361853
1687737145,364957
1687737145,370391
1687737145,378776
1687737145,378947
1687737145,393784
1687737145,397894
1687737145,399274
1687737145,399776
1687737145,415322
1687737145,430109
1687737145,435614
1687737145,437733
1687737145,443362
1687737145,467928
1687737145,469947
1687737145,479498
1687737145,482917
1687737145,496840
1687737145,497615
1687737145,503357
1687737145,535926
1687737145,548668
1687737145,566328
1687737145,569083
1687737145,571373
1687737145,573271
1687737145,600979
1687737145,604519
1687737145,615176
1687737145,625173
1687737145,632726
1687737145,633106
1687737145,633854
1687737145,634705
1687737145,634760
1687737145,641278
1687737145,645599
1687737145,646245
1687737145,647373
1687737145,657081
1687737145,658475
1687737145,664873
1687737145,674998
1687737146,315351
1687737146,332745
1687737146,332931
1687737146,334704
1687737146,337382
1687737146,345552
1687737146,349714
1687737146,353626
1687737146,355230
1687737146,356775
1687737146,359370
1687737146,372342
1687737146,373072
1687737146,373408
1687737146,380168
1687737146,383903
1687737146,388069
1687737146,400073
1687737146,403438
1687737146,410237
1687737146,411628
1687737146,436366
1687737146,464533
1687737146,480400
1687737146,496106
1687737146,500786
1687737146,511896
1687737146,523440
1687737146,528822
1687737146,535916
1687737146,545339
1687737146,547390
1687737146,560776
1687737146,587651
1687737146,591788
1687737146,592279
1687737146,605690
1687737146,630569
1687737146,643513
1687737146,647141
1687737146,649146
1687737146,661070
1687737146,668006
1687737146,671008
1687737146,673905
1687737146,691309
1687737147,320822
1687737147,331922
1687737147,334191
1687737147,334846
1687737147,341211
1687737147,347553
1687737147,350784
1687737147,353129
1687737147,354247
1687737147,361061
1687737147,364581
1687737147,373470
1687737147,378842
1687737147,379948
1687737147,386730
1687737147,387783
1687737147,395300
1687737147,414332
1687737147,415716
1687737147,416065
1687737147,420630
1687737147,457961
1687737147,462298
1687737147,467767
1687737147,468745
1687737147,470725
1687737147,479829
1687737147,480642
1687737147,495071
1687737147,519710
1687737147,550919
1687737147,555731
1687737147,560890
1687737147,562734
1687737147,568221
1687737147,570228
1687737147,573957
1687737147,584746
1687737147,589582
1687737147,596783
1687737147,603544
1687737147,614082
1687737147,615935
1687737147,616673
1687737147,621265
1687737147,631611
1687737147,632382
1687737147,637454
1687737147,645130
1687737147,650792
1687737147,651372
1687737147,657516
1687737147,663420
1687737147,663640
1687737147,670669
1687737147,681664
1687737148,320525
1687737148,330266
1687737148,330886
1687737148,336946
1687737148,339698
1687737148,344215
1687737148,344897
1687737148,349384
1687737148,349469
1687737148,359061
1687737148,373605
1687737148,376431
1687737148,377357
1687737148,384109
1687737148,393529
1687737148,405202
1687737148,417521
1687737148,420689
1687737148,429979
1687737148,442342
1687737148,445930
1687737148,451673
1687737148,480157
1687737148,486968
1687737148,493459
1687737148,495723
1687737148,504253
1687737148,521205
1687737148,522468
1687737148,522831
1687737148,545029
1687737148,548799
1687737148,562465
1687737148,587627
1687737148,587820
1687737148,597333
1687737148,607771
1687737148,608736
1687737148,613383
1687737148,628999
1687737148,633924
1687737148,641119
1687737148,643786
1687737148,647956
1687737148,653832
1687737148,653896
1687737148,660382
1687737148,660728
1687737148,669106
1687737148,671115
1687737148,673774
1687737148,680048
1687737149,331998
1687737149,333236
1687737149,335181
1687737149,337617
1687737149,345964
1687737149,347813
1687737149,359284
1687737149,362219
1687737149,363057
1687737149,363937
1687737149,372716
1687737149,379620
1687737149,389835
1687737149,394265
1687737149,396470
1687737149,401105
1687737149,416125
1687737149,418083
1687737149,437726
1687737149,438350
1687737149,439493
1687737149,451265
1687737149,481422
1687737149,490508
1687737149,495640
1687737149,498893
1687737149,514786
1687737149,517811
1687737149,518070
1687737149,534040
1687737149,534874
1687737149,540682
1687737149,545640
1687737149,560499
1687737149,565816
1687737149,572504
1687737149,578065
1687737149,583642
1687737149,587498
1687737149,596353
1687737149,609183
1687737149,610652
1687737149,614472
1687737149,616167
1687737149,618602
1687737149,619855
1687737149,633167
1687737149,634360
1687737149,635333
1687737149,637408
1687737149,639625
1687737149,657612
1687737149,663977
1687737149,664441
1687737149,667556
1687737150,313191
1687737150,329684
1687737150,329827
1687737150,333709
1687737150,334798
1687737150,340430
1687737150,344692
1687737150,346669
1687737150,351320
1687737150,352167
1687737150,353036
1687737150,361842
1687737150,372195
1687737150,374194
1687737150,377569
1687737150,379723
1687737150,380118
1687737150,387545
1687737150,398347
1687737150,404691
1687737150,404797
1687737150,432453
1687737150,439932
1687737150,445968
1687737150,446628
1687737150,473236
1687737150,479367
1687737150,481399
1687737150,489017
1687737150,492529
1687737150,520078
1687737150,537482
1687737150,538690
1687737150,548150
1687737150,557000
1687737150,574510
1687737150,585695
1687737150,588259
1687737150,591112
1687737150,599123
1687737150,617631
1687737150,629460
1687737150,640018
1687737150,646101
1687737150,648277
1687737150,649028
1687737150,666024
1687737150,681715
1687737150,684537
1687737151,330560
1687737151,330796
1687737151,331896
1687737151,358152
1687737151,359109
1687737151,360260
1687737151,370474
1687737151,374919
1687737151,377950
1687737151,378362
1687737151,418175
1687737151,419125
1687737151,424105
1687737151,425094
1687737151,426628
1687737151,434095
1687737151,465695
1687737151,469853
1687737151,472066
1687737151,477538
1687737151,483929
1687737151,506228
1687737151,507674
1687737151,515836
1687737151,522771
1687737151,533413
1687737151,540542
1687737151,571880
1687737151,572901
1687737151,576784
1687737151,577185
1687737151,601539
1687737151,602712
1687737151,607800
1687737151,609631
1687737151,613345
1687737151,615828
1687737151,617043
1687737151,618838
1687737151,635065
1687737151,637964
1687737151,638292
1687737151,647018
1687737151,648938
1687737151,650244
1687737151,652551
1687737151,665482
1687737151,666078
1687737151,667023
1687737151,670305
1687737151,672281
1687737151,678253
1687737152,316693
1687737152,324797
1687737152,329406
1687737152,342952
1687737152,344177
1687737152,349916
1687737152,352303
1687737152,352528
1687737152,352722
1687737152,357089
1687737152,360009
1687737152,360829
1687737152,363313
1687737152,382623
1687737152,395832
1687737152,397212
1687737152,401623
1687737152,408644
1687737152,428262
1687737152,443248
1687737152,446554
1687737152,455943
1687737152,464141
1687737152,466602
1687737152,494177
1687737152,495891
1687737152,511715
1687737152,532290
1687737152,536497
1687737152,539118
1687737152,552367
1687737152,561380
1687737152,563591
1687737152,566818
1687737152,573082
1687737152,577459
1687737152,587666
1687737152,598282
1687737152,606414
1687737152,609812
1687737152,629389
1687737152,632563
1687737152,635974
1687737152,640463
1687737152,647520
1687737152,650087
1687737152,656243
1687737152,663024
1687737152,665429
1687737152,673912
1687737152,689026
1687737153,330113
1687737153,331740
1687737153,341844
1687737153,342166
1687737153,345836
1687737153,352366
1687737153,365779
1687737153,367825
1687737153,371411
1687737153,373567
1687737153,391536
1687737153,394551
1687737153,395186
1687737153,397155
1687737153,423305
1687737153,431367
1687737153,436722
1687737153,442108
1687737153,456555
1687737153,490175
1687737153,492405
1687737153,493954
1687737153,510022
1687737153,519347
1687737153,522252
1687737153,529831
1687737153,533837
1687737153,537953
1687737153,543131
1687737153,553941
1687737153,556775
1687737153,573207
1687737153,588186
1687737153,596281
1687737153,598540
1687737153,601479
1687737153,606271
1687737153,618757
1687737153,621180
1687737153,622833
1687737153,626561
1687737153,631613
1687737153,631695
1687737153,643235
1687737153,646559
1687737153,646654
1687737153,648708
1687737153,653586
1687737153,658209
1687737153,662397
1687737154,331466
1687737154,331791
1687737154,333577
1687737154,337148
1687737154,345865
1687737154,346229
1687737154,354884
1687737154,356014
1687737154,356871
1687737154,361580
1687737154,362575
1687737154,365375
1687737154,375170
1687737154,376310
1687737154,388013
1687737154,399972
1687737154,401224
1687737154,416561
1687737154,420518
1687737154,420825
1687737154,429183
1687737154,434985
1687737154,454724
1687737154,464385
1687737154,482304
1687737154,486362
1687737154,492137
1687737154,492653
1687737154,494106
1687737154,500013
1687737154,520495
1687737154,524490
1687737154,528249
1687737154,535563
1687737154,538659
1687737154,563415
1687737154,563665
1687737154,568379
1687737154,573747
1687737154,581514
1687737154,591350
1687737154,595337
1687737154,617241
1687737154,632875
1687737154,633832
1687737154,635403
1687737154,635820
1687737154,644570
1687737154,653682
1687737154,655388
1687737154,661702
1687737154,663841
1687737154,667325
1687737154,667772
1687737154,670390
1687737154,672982
1687737154,684868
1687737155,315222
1687737155,330094
1687737155,330513
1687737155,343024
1687737155,343823
1687737155,347922
1687737155,352055
1687737155,355026
1687737155,363980
1687737155,374929
1687737155,376739
1687737155,389588
1687737155,396932
1687737155,401681
1687737155,408984
1687737155,409650
1687737155,417907
1687737155,437992
1687737155,462163
1687737155,464478
1687737155,464554
1687737155,483148
1687737155,484815
1687737155,509933
1687737155,522598
1687737155,529822
1687737155,554730
1687737155,567163
1687737155,586118
1687737155,588926
1687737155,593716
1687737155,597949
1687737155,618517
1687737155,620729
1687737155,623973
1687737155,644343
1687737155,646801
1687737155,651165
1687737155,653957
1687737155,657045
1687737155,660944
1687737156,330968
1687737156,333617
1687737156,334651
1687737156,334942
1687737156,336090
1687737156,351196
1687737156,362459
1687737156,363277
1687737156,366853
1687737156,369931
1687737156,379580
1687737156,389708
1687737156,392544
1687737156,399056
1687737156,406988
1687737156,438227
1687737156,448253
1687737156,458187
1687737156,460608
1687737156,481744
1687737156,481795
1687737156,486240
1687737156,497116
1687737156,502055
1687737156,505911
1687737156,511862
1687737156,512192
1687737156,520667
1687737156,543990
1687737156,558128
1687737156,569320
1687737156,570802
1687737156,571494
1687737156,587155
1687737156,589619
1687737156,592945
1687737156,598925
1687737156,603327
1687737156,610405
1687737156,614427
1687737156,616639
1687737156,617663
1687737156,629835
1687737156,640255
1687737156,644479
1687737156,644781
1687737156,647842
1687737156,647903
1687737156,665543
1687737156,666661
1687737156,669595
1687737156,672515
1687737156,673028
1687737156,676782
1687737157,329595
1687737157,329808
1687737157,331171
1687737157,333233
1687737157,344748
1687737157,348811
1687737157,358342
1687737157,362897
1687737157,367950
1687737157,375827
1687737157,377886
1687737157,390672
1687737157,391797
1687737157,393448
1687737157,399686
1687737157,438770
1687737157,454326
1687737157,457101
1687737157,467183
1687737157,471017
1687737157,477346
1687737157,484217
1687737157,490483
1687737157,493139
1687737157,500157
1687737157,507359
1687737157,545536
1687737157,554159
1687737157,558741
1687737157,564332
1687737157,566812
1687737157,566849
1687737157,567674
1687737157,580995
1687737157,589094
1687737157,590364
1687737157,607555
1687737157,627650
1687737157,635844
1687737157,640307
1687737157,642510
1687737157,645901
1687737157,651033
1687737157,654305
1687737157,654627
1687737157,658000
1687737157,662719
1687737157,666327
1687737158,330452
1687737158,330532
1687737158,331097
1687737158,338965
1687737158,339254
1687737158,345591
1687737158,352922
1687737158,371855
1687737158,376596
1687737158,381159
1687737158,402886
1687737158,406015
1687737158,408353
1687737158,424783
1687737158,435065
1687737158,444071
1687737158,469039
1687737158,475618
1687737158,476560
1687737158,501154
1687737158,533462
1687737158,542172
1687737158,543864
1687737158,546231
1687737158,570133
1687737158,592621
1687737158,607550
1687737158,613674
1687737158,620360
1687737158,628064
1687737158,629173
1687737158,629772
1687737158,634213
1687737158,636238
1687737158,645018
1687737158,651701
1687737158,651780
1687737158,652034
1687737158,664646
1687737158,665237
1687737158,672252
1687737158,672949
1687737158,676719
1687737159,326622
1687737159,330775
1687737159,334385
1687737159,338028
1687737159,338132
1687737159,345295
1687737159,349835
1687737159,352966
1687737159,354912
1687737159,355407
1687737159,356799
1687737159,373635
1687737159,374683
1687737159,376270
1687737159,381440
1687737159,388948
1687737159,391546
1687737159,405705
1687737159,410516
1687737159,414085
1687737159,424061
1687737159,426111
1687737159,432520
1687737159,435342
1687737159,457232
1687737159,459488
1687737159,475349
1687737159,477024
1687737159,490036
1687737159,496323
1687737159,498742
1687737159,511737
1687737159,520384
1687737159,526302
1687737159,530895
1687737159,534245
1687737159,565031
1687737159,569920
1687737159,581877
1687737159,583031
1687737159,589354
1687737159,594050
1687737159,606126
1687737159,616876
1687737159,625147
1687737159,626357
1687737159,627536
1687737159,637044
1687737159,648830
1687737159,649296
1687737159,650527
1687737159,653097
1687737159,654977
1687737159,658367
1687737159,666375
1687737159,666478
1687737159,684748
1687737160,330953
1687737160,333402
1687737160,338716
1687737160,342031
1687737160,342479
1687737160,348187
1687737160,351205
1687737160,353332
1687737160,365661
1687737160,371024
1687737160,374118
1687737160,379410
1687737160,385302
1687737160,389587
1687737160,403127
1687737160,404360
1687737160,420229
1687737160,425700
1687737160,452552
1687737160,453552
1687737160,464649
1687737160,467115
1687737160,488811
1687737160,496273
1687737160,515616
1687737160,520972
1687737160,534940
1687737160,553499
1687737160,557584
1687737160,558907
1687737160,560421
1687737160,574205
1687737160,589737
1687737160,591545
1687737160,593912
1687737160,609761
1687737160,613043
1687737160,623640
1687737160,633655
1687737160,643814
1687737160,645645
1687737160,658826
1687737160,662978
1687737160,670276
1687737160,670754
1687737161,321947
1687737161,334186
1687737161,334702
1687737161,344412
1687737161,351794
1687737161,361431
1687737161,365494
1687737161,366476
1687737161,371622
1687737161,375239
1687737161,388054
1687737161,409618
1687737161,412940
1687737161,421345
1687737161,427476
1687737161,436232
1687737161,449021
1687737161,449976
1687737161,454446
1687737161,479543
1687737161,490718
1687737161,493124
1687737161,503971
1687737161,515746
1687737161,516706
1687737161,527356
1687737161,552122
1687737161,559091
1687737161,575073
1687737161,588721
1687737161,595694
1687737161,597799
1687737161,598942
1687737161,607497
1687737161,615767
1687737161,623422
1687737161,624828
1687737161,626063
1687737161,632222
1687737161,635176
1687737161,639608
1687737161,641845
1687737161,647268
1687737161,653534
1687737161,660840
1687737161,660894
1687737161,664986
1687737161,667627
1687737162,330157
1687737162,333031
1687737162,333482
1687737162,335445
1687737162,340554
1687737162,342544
1687737162,343239
1687737162,348123
1687737162,350367
1687737162,356886
1687737162,358352
1687737162,374326
1687737162,374825
1687737162,377836
1687737162,380914
1687737162,389314
1687737162,400667
1687737162,403833
1687737162,415131
1687737162,424131
1687737162,428886
1687737162,448137
1687737162,455308
1687737162,479224
1687737162,490158
1687737162,490951
1687737162,491559
1687737162,494915
1687737162,512815
1687737162,533865
1687737162,539819
1687737162,550739
1687737162,558581
1687737162,572042
1687737162,577643
1687737162,581655
1687737162,587432
1687737162,596466
1687737162,605484
1687737162,612188
1687737162,614703
1687737162,625813
1687737162,635204
1687737162,642026
1687737162,644295
1687737162,651475
1687737162,653143
1687737162,657289
1687737162,660970
1687737162,666915
1687737162,670995
1687737162,685809
1687737163,316632
1687737163,333515
1687737163,339866
1687737163,344096
1687737163,354697
1687737163,362976
1687737163,363481
1687737163,365930
1687737163,369652
1687737163,371212
1687737163,374572
1687737163,375185
1687737163,377576
1687737163,377632
1687737163,378342
1687737163,392630
1687737163,406984
1687737163,416466
1687737163,420127
1687737163,422278
1687737163,467681
1687737163,469891
1687737163,476341
1687737163,480325
1687737163,490223
1687737163,511536
1687737163,516467
1687737163,533848
1687737163,533867
1687737163,543546
1687737163,569569
1687737163,573082
1687737163,575916
1687737163,591794
1687737163,618470
1687737163,619041
1687737163,630915
1687737163,633507
1687737163,634459
1687737163,646194
1687737163,647357
1687737163,652367
1687737163,653123
1687737163,668298
1687737163,668936
1687737163,671259
1687737163,673162
1687737164,330194
1687737164,330933
1687737164,332817
1687737164,333113
1687737164,334184
1687737164,345112
1687737164,345520
1687737164,348675
1687737164,351668
1687737164,352793
1687737164,353073
1687737164,357141
1687737164,357423
1687737164,361331
1687737164,364631
1687737164,380465
1687737164,381148
1687737164,386151
1687737164,395771
1687737164,400120
1687737164,409896
1687737164,429534
1687737164,437509
1687737164,443028
1687737164,445020
1687737164,465141
1687737164,465280
1687737164,471517
1687737164,474610
1687737164,496079
1687737164,498550
1687737164,506627
1687737164,508389
1687737164,511752
1687737164,532907
1687737164,548214
1687737164,571162
1687737164,579313
1687737164,586922
1687737164,587458
1687737164,589184
1687737164,601761
1687737164,604063
1687737164,604244
1687737164,609190
1687737164,615063
1687737164,617044
1687737164,626713
1687737164,644611
1687737164,647738
1687737164,660748
1687737164,665398
1687737164,670732
1687737164,679593
1687737165,333111
1687737165,335207
1687737165,344471
1687737165,346446
1687737165,354004
1687737165,362761
1687737165,377485
1687737165,395865
1687737165,397597
1687737165,398213
1687737165,399013
1687737165,413292
1687737165,433561
1687737165,435855
1687737165,439833
1687737165,463908
1687737165,465496
1687737165,467950
1687737165,481728
1687737165,484922
1687737165,495537
1687737165,505562
1687737165,515831
1687737165,549463
1687737165,550731
1687737165,564628
1687737165,569466
1687737165,571059
1687737165,574898
1687737165,599054
1687737165,605784
1687737165,613373
1687737165,616334
1687737165,633192
1687737165,633779
1687737165,635269
1687737165,636106
1687737165,642127
1687737165,645158
1687737165,646437
1687737165,656179
1687737165,657932
1687737165,665542
1687737165,674976
1687737166,315079
1687737166,332930
1687737166,333479
1687737166,334596
1687737166,335387
1687737166,336752
1687737166,346011
1687737166,354543
1687737166,355974
1687737166,361729
1687737166,374393
1687737166,378237
1687737166,385930
1687737166,389491
1687737166,398475
1687737166,402212
1687737166,412260
1687737166,413802
1687737166,438910
1687737166,482357
1687737166,493944
1687737166,498720
1687737166,498891
1687737166,513591
1687737166,522761
1687737166,524015
1687737166,525548
1687737166,533819
1687737166,547275
1687737166,558523
1687737166,589048
1687737166,589950
1687737166,590478
1687737166,622315
1687737166,623498
1687737166,633179
1687737166,645753
1687737166,646792
1687737166,647501
1687737166,662227
1687737166,669097
1687737166,670790
1687737166,673402
1687737167,320204
1687737167,332291
1687737167,334410
1687737167,341142
1687737167,348502
1687737167,350184
1687737167,353030
1687737167,355134
1687737167,359209
1687737167,365155
1687737167,370857
1687737167,372027
1687737167,379260
1687737167,381534
1687737167,387687
1687737167,393632
1687737167,416418
1687737167,417101
1687737167,418017
1687737167,432318
1687737167,459873
1687737167,464210
1687737167,465705
1687737167,466584
1687737167,481946
1687737167,482947
1687737167,492860
1687737167,517462
1687737167,549026
1687737167,559221
1687737167,560652
1687737167,570309
1687737167,575577
1687737167,586559
1687737167,590844
1687737167,594999
1687737167,604764
1687737167,610400
1687737167,615112
1687737167,615407
1687737167,617675
1687737167,630239
1687737167,631277
1687737167,637968
1687737167,647378
1687737167,649371
1687737167,649877
1687737167,652741
1687737167,656701
1687737167,663101
1687737167,663407
1687737167,670864
1687737168,330467
1687737168,336462
1687737168,340556
1687737168,344050
1687737168,345284
1687737168,349727
1687737168,358307
1687737168,374386
1687737168,375065
1687737168,382258
1687737168,395527
1687737168,407705
1687737168,415483
1687737168,416103
1687737168,418749
1687737168,443457
1687737168,444604
1687737168,449728
1687737168,482280
1687737168,484932
1687737168,491426
1687737168,497901
1687737168,506208
1687737168,520479
1687737168,523385
1687737168,525122
1687737168,542951
1687737168,550708
1687737168,564647
1687737168,567316
1687737168,585681
1687737168,585794
1687737168,608902
1687737168,614427
1687737168,626910
1687737168,635006
1687737168,639786
1687737168,645031
1687737168,654189
1687737168,655065
1687737168,657576
1687737168,668642
1687737168,671280
1687737168,672622
1687737168,679465
1687737168,682454
1687737169,332269
1687737169,332681
1687737169,335601
1687737169,337031
1687737169,344891
1687737169,346627
1687737169,347093
1687737169,358541
1687737169,361020
1687737169,362859
1687737169,363822
1687737169,364270
1687737169,373817
1687737169,381232
1687737169,391466
1687737169,395092
1687737169,395712
1687737169,399475
1687737169,414575
1687737169,435432
1687737169,437765
1687737169,440166
1687737169,453578
1687737169,483633
1687737169,488481
1687737169,496934
1687737169,497786
1687737169,512561
1687737169,515684
1687737169,516319
1687737169,532197
1687737169,536583
1687737169,543343
1687737169,562349
1687737169,574071
1687737169,576152
1687737169,585964
1687737169,594564
1687737169,598814
1687737169,607513
1687737169,611662
1687737169,612738
1687737169,614622
1687737169,616934
1687737169,620965
1687737169,633979
1687737169,634248
1687737169,635597
1687737169,639035
1687737169,639309
1687737169,660949
1687737169,663548
1687737169,665428
1687737169,668320
1687737169,684682
1687737170,313356
1687737170,329222
1687737170,330001
1687737170,333811
1687737170,334058
1687737170,340644
1687737170,342344
1687737170,348067
1687737170,351076
1687737170,352395
1687737170,353911
1687737170,372973
1687737170,379559
1687737170,381861
1687737170,396833
1687737170,402844
1687737170,402873
1687737170,416539
1687737170,434630
1687737170,441839
1687737170,441912
1687737170,443716
1687737170,448831
1687737170,470967
1687737170,475478
1687737170,479169
1687737170,481164
1687737170,490638
1687737170,491217
1687737170,495262
1687737170,517930
1687737170,535789
1687737170,539615
1687737170,540792
1687737170,549865
1687737170,554869
1687737170,572079
1687737170,575631
1687737170,581971
1687737170,587023
1687737170,590287
1687737170,592719
1687737170,600703
1687737170,615703
1687737170,641422
1687737170,645552
1687737170,647294
1687737170,647436
1687737170,653635
1687737170,667445
1687737170,681033
1687737171,329777
1687737171,330629
1687737171,330729
1687737171,331446
1687737171,342991
1687737171,358179
1687737171,358383
1687737171,359815
1687737171,363623
1687737171,369645
1687737171,373481
1687737171,375029
1687737171,376831
1687737171,380453
1687737171,420488
1687737171,424629
1687737171,427487
1687737171,432216
1687737171,448521
1687737171,459295
1687737171,463578
1687737171,472088
1687737171,474228
1687737171,505647
1687737171,517962
1687737171,521122
1687737171,535065
1687737171,538426
1687737171,569846
1687737171,570556
1687737171,578746
1687737171,579227
1687737171,586243
1687737171,600831
1687737171,602361
1687737171,608036
1687737171,612277
1687737171,616850
1687737171,618618
1687737171,620029
1687737171,636436
1687737171,646368
1687737171,650169
1687737171,651521
1687737171,652552
1687737171,665465
1687737171,666315
1687737171,678675
1687737172,316406
1687737172,325534
1687737172,343419
1687737172,343501
1687737172,349091
1687737172,351883
1687737172,352977
1687737172,353098
1687737172,358483
1687737172,358574
1687737172,361937
1687737172,363878
1687737172,394129
1687737172,399393
1687737172,400155
1687737172,410396
1687737172,425773
1687737172,426617
1687737172,441412
1687737172,453854
1687737172,464195
1687737172,466427
1687737172,492179
1687737172,493750
1687737172,513873
1687737172,533923
1687737172,534464
1687737172,537315
1687737172,541347
1687737172,554333
1687737172,556045
1687737172,561320
1687737172,563770
1687737172,568584
1687737172,574648
1687737172,575039
1687737172,593541
1687737172,596521
1687737172,607370
1687737172,611239
1687737172,627951
1687737172,633524
1687737172,638828
1687737172,646943
1687737172,650029
1687737172,651359
1687737172,652510
1687737172,652626
1687737172,656449
1687737172,661634
1687737172,688740
1687737173,329415
1687737173,332128
1687737173,340938
1687737173,341850
1687737173,346329
1687737173,349927
1687737173,351047
1687737173,363775
1687737173,366423
1687737173,367079
1687737173,372065
1687737173,372195
1687737173,393215
1687737173,393530
1687737173,393665
1687737173,398830
1687737173,418456
1687737173,418908
1687737173,429262
1687737173,434636
1687737173,444179
1687737173,455857
1687737173,458834
1687737173,462383
1687737173,491916
1687737173,492280
1687737173,494242
1687737173,512246
1687737173,517680
1687737173,527642
1687737173,532211
1687737173,555890
1687737173,558342
1687737173,574573
1687737173,596820
1687737173,598178
1687737173,599929
1687737173,607634
1687737173,619944
1687737173,621092
1687737173,622121
1687737173,625096
1687737173,632771
1687737173,633389
1687737173,642107
1687737173,648682
1687737173,657707
1687737173,663261
1687737173,668334
1687737174,331046
1687737174,331835
1687737174,331965
1687737174,333694
1687737174,336388
1687737174,347234
1687737174,347263
1687737174,354517
1687737174,355883
1687737174,356567
1687737174,361370
1687737174,362963
1687737174,366885
1687737174,376152
1687737174,377727
1687737174,389506
1687737174,398507
1687737174,399598
1687737174,414884
1687737174,418557
1687737174,425467
1687737174,431712
1687737174,436885
1687737174,452242
1687737174,466439
1687737174,484452
1687737174,488506
1687737174,490441
1687737174,490510
1687737174,491741
1687737174,497892
1687737174,518158
1687737174,520756
1687737174,530416
1687737174,537828
1687737174,540721
1687737174,560902
1687737174,564995
1687737174,569923
1687737174,575347
1687737174,579932
1687737174,593102
1687737174,593413
1687737174,615553
1687737174,633886
1687737174,636925
1687737174,637230
1687737174,643952
1687737174,648997
1687737174,652455
1687737174,655103
1687737174,662845
1687737174,663223
1687737174,667064
1687737174,670213
1687737174,673201
1687737174,685331
1687737175,315290
1687737175,321147
1687737175,329758
1687737175,330229
1687737175,343818
1687737175,347184
1687737175,351084
1687737175,364410
1687737175,375671
1687737175,376598
1687737175,388252
1687737175,391849
1687737175,395254
1687737175,399945
1687737175,407958
1687737175,410871
1687737175,418881
1687737175,420005
1687737175,440009
1687737175,459996
1687737175,466516
1687737175,466719
1687737175,480879
1687737175,487277
1687737175,507976
1687737175,532114
1687737175,532753
1687737175,552747
1687737175,564923
1687737175,572981
1687737175,586782
1687737175,587899
1687737175,591673
1687737175,596230
1687737175,601374
1687737175,619224
1687737175,620062
1687737175,625016
1687737175,642978
1687737175,651053
1687737175,655047
1687737175,656436
1687737175,660911
1687737176,331361
1687737176,333000
1687737176,335136
1687737176,335240
1687737176,335928
1687737176,351861
1687737176,357408
1687737176,363352
1687737176,364000
1687737176,365177
1687737176,365957
1687737176,371382
1687737176,378016
1687737176,390309
1687737176,394626
1687737176,401149
1687737176,405386
1687737176,420859
1687737176,436276
1687737176,446150
1687737176,452968
1687737176,462791
1687737176,479210
1687737176,483978
1687737176,484026
1687737176,499492
1687737176,504258
1687737176,507921
1687737176,509600
1687737176,514370
1687737176,518430
1687737176,539888
1687737176,541971
1687737176,571343
1687737176,573152
1687737176,585131
1687737176,590934
1687737176,590955
1687737176,600098
1687737176,603547
1687737176,604761
1687737176,608502
1687737176,614824
1687737176,614997
1687737176,616162
1687737176,619000
1687737176,630995
1687737176,637468
1687737176,638781
1687737176,644389
1687737176,645395
1687737176,649199
1687737176,659922
1687737176,665624
1687737176,669076
1687737176,672592
1687737176,672888
1687737177,319109
1687737177,322168
1687737177,330148
1687737177,333273
1687737177,345614
1687737177,348234
1687737177,364161
1687737177,364436
1687737177,367011
1687737177,374413
1687737177,376498
1687737177,379875
1687737177,386290
1687737177,392037
1687737177,395252
1687737177,397888
1687737177,440766
1687737177,452310
1687737177,459262
1687737177,464917
1687737177,475075
1687737177,477283
1687737177,486253
1687737177,488494
1687737177,502378
1687737177,505258
1687737177,547496
1687737177,551990
1687737177,557097
1687737177,560352
1687737177,564545
1687737177,566136
1687737177,568396
1687737177,569116
1687737177,578815
1687737177,587412
1687737177,592430
1687737177,603098
1687737177,605913
1687737177,628548
1687737177,630846
1687737177,637033
1687737177,639287
1687737177,643999
1687737177,645024
1687737177,655228
1687737177,657082
1687737177,662311
1687737177,667236
1687737177,671467
1687737178,329908
1687737178,330828
1687737178,331033
1687737178,338469
1687737178,339658
1687737178,340907
1687737178,345850
1687737178,353612
1687737178,373386
1687737178,373569
1687737178,375776
1687737178,379397
1687737178,382384
1687737178,401343
1687737178,404413
1687737178,406709
1687737178,418512
1687737178,426954
1687737178,434971
1687737178,437142
1687737178,442220
1687737178,461658
1687737178,471265
1687737178,477757
1687737178,478683
1687737178,499137
1687737178,510072
1687737178,534380
1687737178,535502
1687737178,544134
1687737178,571813
1687737178,585001
1687737178,590924
1687737178,593581
1687737178,608776
1687737178,611824
1687737178,613827
1687737178,626506
1687737178,630306
1687737178,631166
1687737178,634675
1687737178,635280
1687737178,637181
1687737178,644808
1687737178,650606
1687737178,652930
1687737178,665499
1687737178,672207
1687737178,672386
1687737178,673102
1687737178,675694
1687737179,312772
1687737179,327034
1687737179,330017
1687737179,334017
1687737179,334599
1687737179,337565
1687737179,338328
1687737179,344955
1687737179,350112
1687737179,351683
1687737179,354595
1687737179,355555
1687737179,356289
1687737179,373742
1687737179,375126
1687737179,377326
1687737179,382075
1687737179,387287
1687737179,390052
1687737179,403979
1687737179,412451
1687737179,413794
1687737179,416156
1687737179,421909
1687737179,424022
1687737179,454611
1687737179,461457
1687737179,477556
1687737179,479271
1687737179,487879
1687737179,494457
1687737179,496919
1687737179,509544
1687737179,509674
1687737179,522553
1687737179,524311
1687737179,529017
1687737179,532748
1687737179,542817
1687737179,544261
1687737179,567255
1687737179,571522
1687737179,583630
1687737179,586116
1687737179,587181
1687737179,592321
1687737179,604261
1687737179,616838
1687737179,618758
1687737179,623421
1687737179,625008
1687737179,627877
1687737179,628493
1687737179,650090
1687737179,650657
1687737179,654330
1687737179,654464
1687737179,665209
1687737179,665886
1687737179,666430
1687737179,684351
1687737180,331545
1687737180,332890
1687737180,338336
1687737180,342919
1687737180,343265
1687737180,347903
1687737180,350243
1687737180,354847
1687737180,367324
1687737180,371778
1687737180,378090
1687737180,383982
1687737180,391413
1687737180,402513
1687737180,405378
1687737180,425730
1687737180,428162
1687737180,455563
1687737180,462497
1687737180,469381
1687737180,486788
1687737180,494246
1687737180,517770
1687737180,518766
1687737180,533624
1687737180,537091
1687737180,551304
1687737180,559112
1687737180,560923
1687737180,561860
1687737180,572370
1687737180,588166
1687737180,589515
1687737180,595582
1687737180,610808
1687737180,614375
1687737180,624848
1687737180,632189
1687737180,637284
1687737180,642491
1687737180,645519
1687737180,657522
1687737180,662210
1687737180,665227
1687737180,669925
1687737180,671161
1687737180,673773
1687737181,322099
1687737181,332455
1687737181,333372
1687737181,334631
1687737181,344897
1687737181,350802
1687737181,356104
1687737181,362356
1687737181,364419
1687737181,367062
1687737181,372702
1687737181,376873
1687737181,381302
1687737181,387843
1687737181,389402
1687737181,407943
1687737181,411178
1687737181,413145
1687737181,419179
1687737181,447827
1687737181,451035
1687737181,451956
1687737181,481688
1687737181,492814
1687737181,502107
1687737181,513870
1687737181,525549
1687737181,541975
1687737181,550265
1687737181,561161
1687737181,576692
1687737181,586980
1687737181,596284
1687737181,597138
1687737181,608616
1687737181,623216
1687737181,624564
1687737181,627560
1687737181,633274
1687737181,636383
1687737181,638506
1687737181,640789
1687737181,641078
1687737181,646705
1687737181,653382
1687737181,661014
1687737181,661487
1687737181,666963
1687737182,329572
1687737182,333457
1687737182,333710
1687737182,335807
1687737182,339784
1687737182,342572
1687737182,348035
1687737182,349877
1687737182,358506
1687737182,361267
1687737182,363634
1687737182,375198
1687737182,376675
1687737182,379907
1687737182,382505
1687737182,399148
1687737182,402194
1687737182,426439
1687737182,431029
1687737182,445991
1687737182,457546
1687737182,481452
1687737182,487743
1687737182,492892
1687737182,493058
1687737182,493731
1687737182,510811
1687737182,536125
1687737182,552188
1687737182,556492
1687737182,573457
1687737182,579639
1687737182,584569
1687737182,588819
1687737182,594722
1687737182,597544
1687737182,604308
1687737182,610226
1687737182,615693
1687737182,627210
1687737182,636696
1687737182,645618
1687737182,647827
1687737182,651998
1687737182,656092
1687737182,661894
1687737182,666521
1687737182,685946
1687737183,316746
1687737183,330360
1687737183,332597
1687737183,333330
1687737183,338712
1687737183,343897
1687737183,355456
1687737183,364003
1687737183,370110
1687737183,370897
1687737183,373385
1687737183,376243
1687737183,377007
1687737183,379329
1687737183,391003
1687737183,417903
1687737183,418428
1687737183,439599
1687737183,467674
1687737183,469793
1687737183,473281
1687737183,474007
1687737183,482671
1687737183,513635
1687737183,514593
1687737183,535550
1687737183,536166
1687737183,541615
1687737183,567399
1687737183,573347
1687737183,575047
1687737183,577484
1687737183,593320
1687737183,616663
1687737183,616798
1687737183,620388
1687737183,629311
1687737183,634495
1687737183,635411
1687737183,640536
1687737183,646195
1687737183,646685
1687737183,650758
1687737183,653379
1687737183,654345
1687737183,668238
1687737183,671084
1687737183,672862
1687737184,328944
1687737184,330346
1687737184,330400
1687737184,333481
1687737184,333972
1687737184,346293
1687737184,346345
1687737184,349585
1687737184,351046
1687737184,351551
1687737184,357551
1687737184,358334
1687737184,358540
1687737184,360290
1687737184,365668
1687737184,379705
1687737184,380138
1687737184,382179
1687737184,384818
1687737184,397780
1687737184,398328
1687737184,408073
1687737184,427396
1687737184,439715
1687737184,447333
1687737184,467364
1687737184,467537
1687737184,469137
1687737184,472426
1687737184,488156
1687737184,494145
1687737184,496253
1687737184,508844
1687737184,509553
1687737184,510545
1687737184,531072
1687737184,550235
1687737184,573050
1687737184,577217
1687737184,585344
1687737184,590753
1687737184,602240
1687737184,605209
1687737184,610544
1687737184,618159
1687737184,644846
1687737184,647247
1687737184,660554
1687737184,664649
1687737184,664678
1687737184,666472
1687737184,668315
1687737184,671090
1687737184,677572
1687737184,680208
1687737185,335572
1687737185,343541
1687737185,346121
1687737185,352808
1687737185,353838
1687737185,363674
1687737185,376076
1687737185,395932
1687737185,396652
1687737185,397978
1687737185,400147
1687737185,408749
1687737185,411284
1687737185,431511
1687737185,434008
1687737185,441933
1687737185,463121
1687737185,465957
1687737185,483971
1687737185,486103
1687737185,486955
1687737185,493462
1687737185,507794
1687737185,513955
1687737185,531935
1687737185,546066
1687737185,551525
1687737185,552778
1687737185,562920
1687737185,567570
1687737185,572992
1687737185,576530
1687737185,595288
1687737185,597086
1687737185,607037
1687737185,611562
1687737185,615117
1687737185,631644
1687737185,634878
1687737185,636678
1687737185,637514
1687737185,642954
1687737185,644064
1687737185,645429
1687737185,655200
1687737185,657390
1687737185,666163
1687737185,674924
1687737186,332926
1687737186,334202
1687737186,335074
1687737186,336116
1687737186,336158
1687737186,346496
1687737186,349632
1687737186,350184
1687737186,355238
1687737186,355441
1687737186,362637
1687737186,369359
1687737186,375759
1687737186,376287
1687737186,388000
1687737186,390935
1687737186,396879
1687737186,400961
1687737186,414255
1687737186,415981
1687737186,417227
1687737186,441410
1687737186,460181
1687737186,484345
1687737186,491734
1687737186,496644
1687737186,500892
1687737186,515220
1687737186,515296
1687737186,521041
1687737186,525789
1687737186,527645
1687737186,531762
1687737186,549205
1687737186,556282
1687737186,588622
1687737186,590436
1687737186,591684
1687737186,613513
1687737186,621772
1687737186,623322
1687737186,634615
1687737186,644859
1687737186,646414
1687737186,648432
1687737186,663335
1687737186,670219
1687737186,670536
1687737186,672865
1687737187,319615
1687737187,331169
1687737187,332656
1687737187,334005
1687737187,341150
1687737187,349478
1687737187,349985
1687737187,352999
1687737187,355994
1687737187,357398
1687737187,362369
1687737187,370586
1687737187,381209
1687737187,383167
1687737187,388629
1687737187,391973
1687737187,413476
1687737187,418484
1687737187,419994
1687737187,433359
1687737187,447846
1687737187,461774
1687737187,463625
1687737187,464370
1687737187,466082
1687737187,484036
1687737187,485268
1687737187,490622
1687737187,527398
1687737187,547140
1687737187,553976
1687737187,557464
1687737187,558644
1687737187,572418
1687737187,575866
1687737187,577190
1687737187,583743
1687737187,588338
1687737187,592095
1687737187,593155
1687737187,605968
1687737187,616763
1687737187,619389
1687737187,621492
1687737187,628825
1687737187,630151
1687737187,638428
1687737187,646819
1687737187,647919
1687737187,650628
1687737187,654070
1687737187,655866
1687737187,662738
1687737187,663131
1687737187,671032
1687737188,321788
1687737188,330682
1687737188,332594
1687737188,336001
1687737188,341488
1687737188,343243
1687737188,346440
1687737188,357608
1687737188,373674
1687737188,375210
1687737188,380413
1687737188,397566
1687737188,397814
1687737188,410257
1687737188,414169
1687737188,416826
1687737188,434659
1687737188,440991
1687737188,446823
1687737188,453549
1687737188,482876
1687737188,484378
1687737188,489436
1687737188,495421
1687737188,500054
1687737188,518494
1687737188,519311
1687737188,525532
1687737188,540899
1687737188,552546
1687737188,566804
1687737188,568824
1687737188,583722
1687737188,610036
1687737188,615508
1687737188,622096
1687737188,624815
1687737188,636062
1687737188,638408
1687737188,646269
1687737188,652271
1687737188,654481
1687737188,656218
1687737188,657438
1687737188,668189
1687737188,671385
1687737188,678884
1687737189,332119
1687737189,336042
1687737189,336491
1687737189,346453
1687737189,347274
1687737189,357809
1687737189,359817
1687737189,364613
1687737189,374942
1687737189,393128
1687737189,413024
1687737189,433160
1687737189,435995
1687737189,436799
1687737189,442025
1687737189,455849
1687737189,485877
1687737189,494952
1687737189,499878
1687737189,510299
1687737189,513569
1687737189,514562
1687737189,530405
1687737189,538285
1687737189,541036
1687737189,564180
1687737189,574219
1687737189,575677
1687737189,584434
1687737189,600249
1687737189,605826
1687737189,610963
1687737189,612638
1687737189,613098
1687737189,615279
1687737189,632524
1687737189,635324
1687737189,636851
1687737189,640649
1687737189,659033
1687737189,661482
1687737189,663103
1687737189,666374
1687737189,669004
1687737189,684808
1687737190,313558
1687737190,328794
1687737190,330170
1687737190,332851
1687737190,334409
1687737190,340885
1687737190,345170
1687737190,349452
1687737190,349996
1687737190,353554
1687737190,354802
1687737190,371815
1687737190,381578
1687737190,383650
1687737190,385021
1687737190,395338
1687737190,400867
1687737190,401083
1687737190,441416
1687737190,443756
1687737190,450997
1687737190,468708
1687737190,476395
1687737190,476948
1687737190,488769
1687737190,493451
1687737190,497383
1687737190,542886
1687737190,551552
1687737190,552698
1687737190,569675
1687737190,580299
1687737190,588352
1687737190,594285
1687737190,602263
1687737190,606410
1687737190,621220
1687737190,632197
1687737190,642764
1687737190,644920
1687737190,645819
1687737190,646316
1687737190,652040
1687737190,652586
1687737190,672462
1687737191,314860
1687737191,330500
1687737191,330961
1687737191,331066
1687737191,341876
1687737191,357283
1687737191,358689
1687737191,368827
1687737191,375720
1687737191,375983
1687737191,421888
1687737191,422667
1687737191,429864
1687737191,430381
1687737191,461438
1687737191,473397
1687737191,474323
1687737191,503549
1687737191,519500
1687737191,520085
1687737191,536254
1687737191,536719
1687737191,567841
1687737191,568217
1687737191,580722
1687737191,581233
1687737191,598901
1687737191,601440
1687737191,603182
1687737191,611197
1687737191,617884
1687737191,620172
1687737191,634830
1687737191,645690
1687737191,650123
1687737191,651411
1687737191,652541
1687737191,652799
1687737191,660179
1687737191,663882
1687737191,665638
1687737191,679069
1687737192,316103
1687737192,326285
1687737192,330185
1687737192,343910
1687737192,344502
1687737192,348298
1687737192,351482
1687737192,353285
1687737192,353666
1687737192,357206
1687737192,359938
1687737192,363074
1687737192,364491
1687737192,392436
1687737192,398679
1687737192,401628
1687737192,412155
1687737192,423343
1687737192,429091
1687737192,439585
1687737192,450521
1687737192,461067
1687737192,461775
1687737192,468676
1687737192,490168
1687737192,491582
1687737192,516077
1687737192,535509
1687737192,536592
1687737192,539566
1687737192,556291
1687737192,559111
1687737192,570365
1687737192,572564
1687737192,575905
1687737192,608341
1687737192,612632
1687737192,634467
1687737192,646273
1687737192,650641
1687737192,652573
1687737192,656607
1687737192,671903
1687737193,328744
1687737193,332505
1687737193,340019
1687737193,341596
1687737193,346851
1687737193,349771
1687737193,357174
1687737193,366353
1687737193,367075
1687737193,370829
1687737193,372730
1687737193,381206
1687737193,391862
1687737193,391934
1687737193,395807
1687737193,400486
1687737193,416774
1687737193,427219
1687737193,432633
1687737193,445237
1687737193,446277
1687737193,451796
1687737193,489857
1687737193,494441
1687737193,496063
1687737193,514468
1687737193,515963
1687737193,525455
1687737193,530570
1687737193,557807
1687737193,559845
1687737193,595062
1687737193,598397
1687737193,600062
1687737193,608944
1687737193,619369
1687737193,621132
1687737193,623069
1687737193,623578
1687737193,632936
1687737193,638563
1687737193,640954
1687737193,648647
1687737193,651603
1687737193,657194
1687737193,664083
1687737193,669315
1687737193,673581
1687737194,332174
1687737194,332205
1687737194,333920
1687737194,335681
1687737194,348235
1687737194,348670
1687737194,354198
1687737194,355410
1687737194,360214
1687737194,364368
1687737194,368439
1687737194,377169
1687737194,379202
1687737194,391072
1687737194,397037
1687737194,397974
1687737194,413216
1687737194,416555
1687737194,427644
1687737194,434225
1687737194,438747
1687737194,449771
1687737194,468497
1687737194,486623
1687737194,488330
1687737194,488723
1687737194,489350
1687737194,490634
1687737194,495785
1687737194,515816
1687737194,518950
1687737194,532582
1687737194,540077
1687737194,542739
1687737194,544951
1687737194,558150
1687737194,566555
1687737194,571432
1687737194,576942
1687737194,578322
1687737194,584751
1687737194,591465
1687737194,594799
1687737194,613840
1687737194,629046
1687737194,634913
1687737194,638470
1687737194,638629
1687737194,643342
1687737194,651213
1687737194,654831
1687737194,662585
1687737194,663926
1687737194,666337
1687737194,669961
1687737194,673366
1687737194,685755
1687737195,315358
1687737195,329019
1687737195,330400
1687737195,331827
1687737195,343832
1687737195,346496
1687737195,350113
1687737195,356740
1687737195,364851
1687737195,374628
1687737195,375355
1687737195,378305
1687737195,386935
1687737195,393597
1687737195,398207
1687737195,406296
1687737195,412782
1687737195,416966
1687737195,422139
1687737195,442001
1687737195,457851
1687737195,468516
1687737195,468983
1687737195,478618
1687737195,489695
1687737195,506013
1687737195,534201
1687737195,534360
1687737195,550768
1687737195,562712
1687737195,575193
1687737195,584753
1687737195,589571
1687737195,589640
1687737195,594484
1687737195,602191
1687737195,617888
1687737195,621617
1687737195,624284
1687737195,626132
1687737195,641551
1687737195,648868
1687737195,650887
1687737195,655811
1687737195,656146
1687737195,660844
1687737196,331756
1687737196,332411
1687737196,335552
1687737196,335646
1687737196,335822
1687737196,352533
1687737196,363871
1687737196,364304
1687737196,364393
1687737196,364724
1687737196,365074
1687737196,372851
1687737196,376496
1687737196,394019
1687737196,396748
1687737196,403254
1687737196,403770
1687737196,419470
1687737196,434387
1687737196,438196
1687737196,444091
1687737196,451156
1687737196,464968
1687737196,475568
1687737196,476666
1687737196,481810
1687737196,486132
1687737196,486592
1687737196,501911
1687737196,506468
1687737196,507266
1687737196,509932
1687737196,516209
1687737196,516530
1687737196,537931
1687737196,539938
1687737196,573317
1687737196,574758
1687737196,583131
1687737196,585727
1687737196,588944
1687737196,592243
1687737196,601230
1687737196,606182
1687737196,606529
1687737196,612942
1687737196,613980
1687737196,617866
1687737196,620364
1687737196,632157
1687737196,637269
1687737196,637841
1687737196,638701
1687737196,643981
1687737196,646294
1687737196,650465
1687737196,664579
1687737196,668548
1687737196,672634
1687737197,318710
1687737197,322663
1687737197,328358
1687737197,330469
1687737197,333302
1687737197,346503
1687737197,347662
1687737197,358763
1687737197,366079
1687737197,372981
1687737197,375086
1687737197,380044
1687737197,381781
1687737197,388851
1687737197,393425
1687737197,396124
1687737197,397140
1687737197,439210
1687737197,442733
1687737197,450265
1687737197,461416
1687737197,462621
1687737197,472716
1687737197,479236
1687737197,488329
1687737197,503148
1687737197,504615
1687737197,549441
1687737197,549838
1687737197,555437
1687737197,561845
1687737197,562261
1687737197,567967
1687737197,570014
1687737197,570529
1687737197,576624
1687737197,594452
1687737197,604265
1687737197,604410
1687737197,629442
1687737197,638223
1687737197,638246
1687737197,644072
1687737197,645405
1687737197,650221
1687737197,656116
1687737197,661916
1687737197,667342
1687737197,668077
1687737198,329350
1687737198,330976
1687737198,331218
1687737198,337739
1687737198,339657
1687737198,340433
1687737198,346147
1687737198,354318
1687737198,364275
1687737198,365440
1687737198,372062
1687737198,372076
1687737198,374946
1687737198,375334
1687737198,383669
1687737198,399834
1687737198,402822
1687737198,405097
1687737198,416683
1687737198,429087
1687737198,437403
1687737198,440353
1687737198,459397
1687737198,473497
1687737198,479915
1687737198,480819
1687737198,485764
1687737198,497119
1687737198,508488
1687737198,527168
1687737198,537463
1687737198,542020
1687737198,573471
1687737198,586946
1687737198,590521
1687737198,592193
1687737198,609987
1687737198,609988
1687737198,614659
1687737198,624886
1687737198,626492
1687737198,631402
1687737198,632600
1687737198,633113
1687737198,636386
1687737198,637173
1687737198,638964
1687737198,644508
1687737198,649550
1687737198,654071
1687737198,666337
1687737198,672130
1687737198,674669
1687737199,312567
1687737199,327434
1687737199,329276
1687737199,329536
1687737199,334760
1687737199,334923
1687737199,337166
1687737199,344654
1687737199,350445
1687737199,350478
1687737199,353808
1687737199,355859
1687737199,356216
1687737199,376139
1687737199,376635
1687737199,378462
1687737199,382764
1687737199,382871
1687737199,385692
1687737199,388617
1687737199,402220
1687737199,414415
1687737199,415747
1687737199,418225
1687737199,419828
1687737199,421931
1687737199,463409
1687737199,479759
1687737199,481482
1687737199,492583
1687737199,495092
1687737199,507297
1687737199,511293
1687737199,522370
1687737199,524689
1687737199,531251
1687737199,532248
1687737199,541726
1687737199,569468
1687737199,573149
1687737199,576257
1687737199,584572
1687737199,584960
1687737199,585367
1687737199,585774
1687737199,594735
1687737199,602416
1687737199,620662
1687737199,621676
1687737199,623618
1687737199,629053
1687737199,629436
1687737199,649642
1687737199,652034
1687737199,653682
1687737199,655805
1687737199,656143
1687737199,665160
1687737199,665375
1687737199,666396
1687737199,683914
1687737200,332131
1687737200,332399
1687737200,337997
1687737200,341687
1687737200,343852
1687737200,344088
1687737200,347661
1687737200,349306
1687737200,356428
1687737200,369011
1687737200,372548
1687737200,373793
1687737200,376766
1687737200,382655
1687737200,389710
1687737200,393257
1687737200,400664
1687737200,406266
1687737200,407666
1687737200,423989
1687737200,430615
1687737200,457564
1687737200,460368
1687737200,471635
1687737200,484729
1687737200,492230
1687737200,519969
1687737200,531462
1687737200,539228
1687737200,549128
1687737200,560615
1687737200,562944
1687737200,568072
1687737200,570507
1687737200,586562
1687737200,587439
1687737200,611881
1687737200,615695
1687737200,625752
1687737200,626045
1687737200,628352
1687737200,630698
1687737200,641126
1687737200,645388
1687737200,661383
1687737200,669567
1687737200,671498
1687737201,314081
1687737201,322271
1687737201,323391
1687737201,334536
1687737201,345477
1687737201,349838
1687737201,353512
1687737201,360181
1687737201,360824
1687737201,363278
1687737201,363333
1687737201,367636
1687737201,378567
1687737201,390809
1687737201,409409
1687737201,411124
1687737201,417053
1687737201,445707
1687737201,449451
1687737201,453034
1687737201,480585
1687737201,483821
1687737201,494892
1687737201,497729
1687737201,500251
1687737201,511922
1687737201,517648
1687737201,520814
1687737201,523767
1687737201,548389
1687737201,563205
1687737201,578334
1687737201,585254
1687737201,594714
1687737201,595381
1687737201,597257
1687737201,621579
1687737201,622461
1687737201,634296
1687737201,637615
1687737201,638177
1687737201,640259
1687737201,641980
1687737201,646149
1687737201,653206
1687737201,661064
1687737201,662076
1687737201,665399
1687737201,665419
1687737201,666235
1687737201,678337
1687737202,329041
1687737202,332585
1687737202,333912
1687737202,333986
1687737202,336220
1687737202,339028
1687737202,341952
1687737202,347986
1687737202,349441
1687737202,361134
1687737202,364527
1687737202,378551
1687737202,381989
1687737202,382041
1687737202,384158
1687737202,386467
1687737202,397672
1687737202,400577
1687737202,428689
1687737202,433169
1687737202,443875
1687737202,447106
1687737202,459791
1687737202,483666
1687737202,485302
1687737202,490914
1687737202,495134
1687737202,495882
1687737202,508808
1687737202,536471
1687737202,538378
1687737202,548219
1687737202,553632
1687737202,554394
1687737202,574902
1687737202,577640
1687737202,590173
1687737202,592907
1687737202,599359
1687737202,600873
1687737202,603120
1687737202,608224
1687737202,615723
1687737202,616709
1687737202,628567
1687737202,633979
1687737202,637640
1687737202,646893
1687737202,650045
1687737202,650795
1687737202,654901
1687737202,662805
1687737202,666108
1687737202,672729
1687737202,686034
1687737203,314286
1687737203,316891
1687737203,321053
1687737203,332411
1687737203,333151
1687737203,337595
1687737203,343745
1687737203,354581
1687737203,356222
1687737203,363013
1687737203,364171
1687737203,369093
1687737203,372177
1687737203,372206
1687737203,375681
1687737203,377350
1687737203,378283
1687737203,381072
1687737203,389367
1687737203,416701
1687737203,419373
1687737203,437318
1687737203,450198
1687737203,465448
1687737203,471678
1687737203,471951
1687737203,485048
1687737203,486098
1687737203,492203
1687737203,512745
1687737203,515785
1687737203,538507
1687737203,539659
1687737203,540541
1687737203,565216
1687737203,571048
1687737203,574107
1687737203,574944
1687737203,577028
1687737203,579028
1687737203,594818
1687737203,615132
1687737203,621741
1687737203,627693
1687737203,635448
1687737203,636403
1687737203,639024
1687737203,645966
1687737203,646143
1687737203,651223
1687737203,654345
1687737203,655540
1687737203,668151
1687737203,670892
1687737203,672513
1687737204,329888
1687737204,330540
1687737204,333754
1687737204,333871
1687737204,347095
1687737204,347577
1687737204,350335
1687737204,350460
1687737204,350503
1687737204,359282
1687737204,359325
1687737204,366761
1687737204,377497
1687737204,383477
1687737204,383943
1687737204,396558
1687737204,399816
1687737204,406286
1687737204,425265
1687737204,431396
1687737204,441913
1687737204,449628
1687737204,466797
1687737204,469589
1687737204,469769
1687737204,470205
1687737204,475304
1687737204,493925
1687737204,507372
1687737204,511050
1687737204,512720
1687737204,529270
1687737204,552183
1687737204,558340
1687737204,575130
1687737204,583818
1687737204,592301
1687737204,600388
1687737204,606191
1687737204,610835
1687737204,611815
1687737204,617741
1687737204,618300
1687737204,619314
1687737204,622697
1687737204,640495
1687737204,645055
1687737204,646700
1687737204,652506
1687737204,660302
1687737204,663853
1687737204,667629
1687737204,671442
1687737204,673231
1687737204,680770
1687737205,314673
1687737205,335958
1687737205,338558
1687737205,342649
1687737205,344960
1687737205,345784
1687737205,351637
1687737205,356480
1687737205,364570
1687737205,374693
1687737205,394273
1687737205,395095
1687737205,400125
1687737205,401289
1687737205,409317
1687737205,424792
1687737205,429432
1687737205,432168
1687737205,444042
1687737205,460807
1687737205,463966
1687737205,486232
1687737205,486346
1687737205,488271
1687737205,491388
1687737205,510022
1687737205,515770
1687737205,529974
1687737205,554812
1687737205,561194
1687737205,565719
1687737205,574868
1687737205,578146
1687737205,595111
1687737205,597022
1687737205,599379
1687737205,601397
1687737205,608259
1687737205,609733
1687737205,630084
1687737205,635996
1687737205,638102
1687737205,638886
1687737205,642920
1687737205,643748
1687737205,654164
1687737205,656843
1687737205,666711
1687737205,674819
1687737206,313508
1687737206,332922
1687737206,335593
1687737206,336889
1687737206,347018
1687737206,349118
1687737206,350494
1687737206,354526
1687737206,356332
1687737206,361524
1687737206,374347
1687737206,390118
1687737206,392374
1687737206,395280
1687737206,399691
1687737206,415556
1687737206,416204
1687737206,418144
1687737206,443875
1687737206,457947
1687737206,486091
1687737206,489528
1687737206,494571
1687737206,502904
1687737206,516999
1687737206,519311
1687737206,527579
1687737206,529683
1687737206,529763
1687737206,551160
1687737206,554069
1687737206,586750
1687737206,591782
1687737206,593385
1687737206,620008
1687737206,624293
1687737206,636075
1687737206,643929
1687737206,645991
1687737206,649349
1687737206,656085
1687737206,664406
1687737206,670250
1687737206,671343
1687737206,672307
1687737207,319061
1687737207,322467
1687737207,331273
1687737207,333029
1687737207,333660
1687737207,335595
1687737207,341237
1687737207,342461
1687737207,350242
1687737207,350460
1687737207,353028
1687737207,355664
1687737207,356824
1687737207,369157
1687737207,384821
1687737207,389554
1687737207,390350
1687737207,411483
1687737207,421950
1687737207,446013
1687737207,461543
1687737207,462162
1687737207,463699
1687737207,467898
1687737207,487553
1687737207,488393
1687737207,512985
1687737207,545218
1687737207,551910
1687737207,555664
1687737207,556649
1687737207,574539
1687737207,578795
1687737207,589184
1687737207,590113
1687737207,591257
1687737207,593336
1687737207,607152
1687737207,611917
1687737207,618142
1687737207,621137
1687737207,627350
1687737207,628980
1687737207,638868
1687737207,646405
1687737207,651360
1687737207,654991
1687737207,655351
1687737207,662311
1687737207,662820
1687737207,671200
1687737208,330893
1687737208,334944
1687737208,335573
1687737208,347618
1687737208,356934
1687737208,372270
1687737208,376105
1687737208,378594
1687737208,396148
1687737208,399609
1687737208,412783
1687737208,414923
1687737208,436962
1687737208,438526
1687737208,447445
1687737208,449009
1687737208,451226
1687737208,480791
1687737208,486481
1687737208,487463
1687737208,502193
1687737208,516519
1687737208,527667
1687737208,529657
1687737208,538860
1687737208,539990
1687737208,554338
1687737208,563257
1687737208,568965
1687737208,570307
1687737208,581624
1687737208,581861
1687737208,611144
1687737208,616633
1687737208,622742
1687737208,637003
1687737208,637115
1687737208,638114
1687737208,646229
1687737208,647511
1687737208,654708
1687737208,657222
1687737208,657323
1687737208,667716
1687737208,671464
1687737208,678331
1687737209,332968
1687737209,336022
1687737209,336502
1687737209,345881
1687737209,347922
1687737209,357085
1687737209,358630
1687737209,364925
1687737209,365443
1687737209,376105
1687737209,394820
1687737209,411495
1687737209,430921
1687737209,434249
1687737209,438930
1687737209,443886
1687737209,458120
1687737209,488119
1687737209,492985
1687737209,501946
1687737209,511429
1687737209,512784
1687737209,528652
1687737209,538713
1687737209,566017
1687737209,572299
1687737209,577301
1687737209,578632
1687737209,582899
1687737209,601653
1687737209,604138
1687737209,609207
1687737209,611546
1687737209,613572
1687737209,613652
1687737209,623246
1687737209,631009
1687737209,636341
1687737209,642238
1687737209,651501
1687737209,658075
1687737209,661998
1687737209,662607
1687737209,667262
1687737209,669596
1687737209,684905
1687737210,313797
1687737210,328398
1687737210,330344
1687737210,331943
1687737210,334762
1687737210,341157
1687737210,345527
1687737210,348941
1687737210,350863
1687737210,354778
1687737210,355699
1687737210,370712
1687737210,376998
1687737210,383617
1687737210,385497
1687737210,393866
1687737210,398887
1687737210,399316
1687737210,428593
1687737210,439133
1687737210,445645
1687737210,453164
1687737210,456654
1687737210,466462
1687737210,474690
1687737210,478535
1687737210,486941
1687737210,495692
1687737210,499520
1687737210,507986
1687737210,544935
1687737210,550440
1687737210,553225
1687737210,567324
1687737210,589632
1687737210,595789
1687737210,603759
1687737210,633507
1687737210,638865
1687737210,644054
1687737210,644180
1687737210,644253
1687737210,645322
1687737210,651478
1687737210,672510
1687737211,330385
1687737211,330761
1687737211,331212
1687737211,340822
1687737211,356403
1687737211,359034
1687737211,368027
1687737211,370625
1687737211,374641
1687737211,376982
1687737211,412263
1687737211,413906
1687737211,420766
1687737211,423341
1687737211,431555
1687737211,432217
1687737211,459283
1687737211,471264
1687737211,476539
1687737211,501390
1687737211,517899
1687737211,522205
1687737211,530104
1687737211,534083
1687737211,537216
1687737211,538341
1687737211,546381
1687737211,565869
1687737211,565886
1687737211,577888
1687737211,582664
1687737211,583205
1687737211,596933
1687737211,604011
1687737211,609717
1687737211,610103
1687737211,618945
1687737211,621778
1687737211,622437
1687737211,624997
1687737211,633158
1687737211,644999
1687737211,652509
1687737211,652587
1687737211,654072
1687737211,663014
1687737211,664968
1687737211,679430
1687737212,315803
1687737212,327055
1687737212,330594
1687737212,344443
1687737212,345541
1687737212,347548
1687737212,351062
1687737212,353631
1687737212,354224
1687737212,355832
1687737212,358005
1687737212,361433
1687737212,364241
1687737212,365128
1687737212,378884
1687737212,397223
1687737212,403914
1687737212,420982
1687737212,437778
1687737212,440172
1687737212,452567
1687737212,459355
1687737212,470900
1687737212,488116
1687737212,489007
1687737212,518300
1687737212,533693
1687737212,538687
1687737212,544093
1687737212,553602
1687737212,556958
1687737212,558284
1687737212,561317
1687737212,570073
1687737212,572197
1687737212,577191
1687737212,583245
1687737212,609285
1687737212,613887
1687737212,614012
1687737212,635392
1687737212,644326
1687737212,653734
1687737212,656747
1687737212,658681
1687737212,672322
1687737213,328121
1687737213,332851
1687737213,339120
1687737213,341383
1687737213,347387
1687737213,348532
1687737213,357836
1687737213,367713
1687737213,369499
1687737213,383049
1687737213,390204
1687737213,390733
1687737213,390736
1687737213,397960
1687737213,402187
1687737213,415135
1687737213,425211
1687737213,448370
1687737213,449793
1687737213,487805
1687737213,496618
1687737213,497838
1687737213,514211
1687737213,516707
1687737213,523288
1687737213,528913
1687737213,559723
1687737213,593299
1687737213,596837
1687737213,601928
1687737213,610215
1687737213,617637
1687737213,622021
1687737213,622332
1687737213,624028
1687737213,632417
1687737213,639739
1687737213,639834
1687737213,645551
1687737213,648586
1687737213,650528
1687737213,656663
1687737213,664820
1687737213,665606
1687737213,670295
1687737213,673361
1687737214,328701
1687737214,332401
1687737214,332578
1687737214,334261
1687737214,335049
1687737214,349234
1687737214,350091
1687737214,353939
1687737214,354755
1687737214,359094
1687737214,365812
1687737214,367863
1687737214,370038
1687737214,378242
1687737214,380766
1687737214,384542
1687737214,392702
1687737214,395571
1687737214,396370
1687737214,411568
1687737214,414524
1687737214,429772
1687737214,436714
1687737214,447351
1687737214,470532
1687737214,486155
1687737214,486949
1687737214,486977
1687737214,488824
1687737214,492715
1687737214,493686
1687737214,513451
1687737214,534726
1687737214,544733
1687737214,555387
1687737214,568093
1687737214,572909
1687737214,576668
1687737214,578505
1687737214,582392
1687737214,589483
1687737214,596436
1687737214,612119
1687737214,618941
1687737214,630236
1687737214,635908
1687737214,638570
1687737214,640009
1687737214,642690
1687737214,654526
1687737214,661913
1687737214,664961
1687737214,669668
1687737214,673485
1687737215,315450
1687737215,328369
1687737215,330599
1687737215,331563
1687737215,341038
1687737215,342453
1687737215,343870
1687737215,345882
1687737215,349153
1687737215,357589
1687737215,380067
1687737215,383200
1687737215,385617
1687737215,391965
1687737215,396262
1687737215,396455
1687737215,404643
1687737215,415067
1687737215,420557
1687737215,424291
1687737215,443950
1687737215,470551
1687737215,471221
1687737215,476364
1687737215,492075
1687737215,504099
1687737215,512102
1687737215,517135
1687737215,535620
1687737215,548796
1687737215,577370
1687737215,587457
1687737215,591359
1687737215,592687
1687737215,602357
1687737215,602966
1687737215,623167
1687737215,627273
1687737215,640064
1687737215,649948
1687737215,650641
1687737215,655122
1687737215,657229
1687737215,660745
1687737215,672516
1687737216,331900
1687737216,332137
1687737216,335875
1687737216,336156
1687737216,353210
1687737216,361625
1687737216,363591
1687737216,364160
1687737216,365290
1687737216,365438
1687737216,374364
1687737216,375015
1687737216,377162
1687737216,394430
1687737216,398921
1687737216,402124
1687737216,405331
1687737216,410541
1687737216,418086
1687737216,432504
1687737216,442066
1687737216,449347
1687737216,467142
1687737216,474132
1687737216,477892
1687737216,484770
1687737216,488296
1687737216,489419
1687737216,504343
1687737216,504863
1687737216,508662
1687737216,511913
1687737216,535972
1687737216,537908
1687737216,543799
1687737216,547067
1687737216,575313
1687737216,576345
1687737216,581135
1687737216,584027
1687737216,593535
1687737216,604499
1687737216,607592
1687737216,611025
1687737216,613000
1687737216,621741
1687737216,630351
1687737216,633310
1687737216,635717
1687737216,638160
1687737216,643561
1687737216,647160
1687737216,651702
1687737216,665299
1687737216,668036
1687737216,672668
1687737217,318318
1687737217,323178
1687737217,327814
1687737217,330793
1687737217,333333
1687737217,347143
1687737217,347438
1687737217,364921
1687737217,365150
1687737217,371552
1687737217,373631
1687737217,383738
1687737217,399085
1687737217,444713
1687737217,448220
1687737217,460288
1687737217,463606
1687737217,470309
1687737217,481204
1687737217,501007
1687737217,506879
1687737217,539917
1687737217,547689
1687737217,551392
1687737217,553797
1687737217,563327
1687737217,569810
1687737217,571958
1687737217,574449
1687737217,587422
1687737217,592890
1687737217,602643
1687737217,605702
1687737217,611164
1687737217,615531
1687737217,637123
1687737217,639446
1687737217,643077
1687737217,646725
1687737217,649757
1687737217,655092
1687737217,661528
1687737217,668158
1687737217,668825
1687737217,673331
1687737218,328838
1687737218,330936
1687737218,331608
1687737218,337053
1687737218,338444
1687737218,338856
1687737218,341245
1687737218,346480
1687737218,355038
1687737218,366737
1687737218,374094
1687737218,377114
1687737218,384990
1687737218,398339
1687737218,401237
1687737218,403515
1687737218,414861
1687737218,431201
1687737218,438526
1687737218,439806
1687737218,457119
1687737218,475704
1687737218,482092
1687737218,482954
1687737218,506881
1687737218,525332
1687737218,539346
1687737218,575077
1687737218,588702
1687737218,588922
1687737218,590785
1687737218,604791
1687737218,608143
1687737218,623252
1687737218,632488
1687737218,634040
1687737218,635208
1687737218,637129
1687737218,637503
1687737218,644137
1687737218,648463
1687737218,655203
1687737218,666393
1687737218,671997
1687737218,673620
1687737219,312398
1687737219,327811
1687737219,328536
1687737219,334868
1687737219,335856
1687737219,336804
1687737219,344375
1687737219,344971
1687737219,349261
1687737219,350922
1687737219,355497
1687737219,356867
1687737219,378165
1687737219,379687
1687737219,383503
1687737219,384179
1687737219,387223
1687737219,400406
1687737219,416392
1687737219,417701
1687737219,417789
1687737219,419845
1687737219,420292
1687737219,429474
1687737219,463310
1687737219,465366
1687737219,481977
1687737219,483658
1687737219,483666
1687737219,490722
1687737219,493288
1687737219,504984
1687737219,512932
1687737219,520490
1687737219,526802
1687737219,529779
1687737219,541386
1687737219,550341
1687737219,571701
1687737219,574781
1687737219,582765
1687737219,586916
1687737219,587076
1687737219,600549
1687737219,612978
1687737219,619908
1687737219,622214
1687737219,622595
1687737219,623890
1687737219,630405
1687737219,649123
1687737219,652718
1687737219,653033
1687737219,653382
1687737219,657116
1687737219,664830
1687737219,665076
1687737219,683446
1687737220,314372
1687737220,331949
1687737220,332693
1687737220,337708
1687737220,344807
1687737220,347455
1687737220,358086
1687737220,370741
1687737220,373340
1687737220,375470
1687737220,377185
1687737220,381320
1687737220,383871
1687737220,388051
1687737220,395143
1687737220,398773
1687737220,410049
1687737220,422279
1687737220,433059
1687737220,458253
1687737220,459552
1687737220,473870
1687737220,482618
1687737220,485957
1687737220,490188
1687737220,490408
1687737220,522155
1687737220,529263
1687737220,546961
1687737220,562065
1687737220,564972
1687737220,568591
1687737220,584954
1687737220,585350
1687737220,610841
1687737220,617034
1687737220,626970
1687737220,627228
1687737220,628257
1687737220,629142
1687737220,629178
1687737220,639738
1687737220,645213
1687737220,654696
1687737220,660504
1687737220,669200
1687737220,671778
1687737221,322464
1687737221,331803
1687737221,334401
1687737221,346143
1687737221,347960
1687737221,348899
1687737221,354897
1687737221,355612
1687737221,360375
1687737221,364203
1687737221,368231
1687737221,380310
1687737221,392302
1687737221,404591
1687737221,407603
1687737221,409108
1687737221,414988
1687737221,442168
1687737221,443578
1687737221,446949
1687737221,455027
1687737221,478718
1687737221,496967
1687737221,498410
1687737221,500061
1687737221,509919
1687737221,515991
1687737221,522027
1687737221,522883
1687737221,540602
1687737221,546215
1687737221,546490
1687737221,565217
1687737221,579989
1687737221,583520
1687737221,593104
1687737221,593619
1687737221,598924
1687737221,619906
1687737221,620648
1687737221,635294
1687737221,638873
1687737221,639378
1687737221,643161
1687737221,645559
1687737221,649506
1687737221,653003
1687737221,661018
1687737221,662588
1687737221,665446
1687737221,665593
1687737221,686076
1687737222,328579
1687737222,334302
1687737222,334364
1687737222,336661
1687737222,338287
1687737222,341379
1687737222,349025
1687737222,361889
1687737222,365036
1687737222,380448
1687737222,384239
1687737222,385126
1687737222,385865
1687737222,396212
1687737222,398989
1687737222,430882
1687737222,435328
1687737222,441807
1687737222,449072
1687737222,462041
1687737222,485886
1687737222,488952
1687737222,497189
1687737222,498025
1687737222,506791
1687737222,536615
1687737222,538176
1687737222,552301
1687737222,555083
1687737222,575613
1687737222,576367
1687737222,591031
1687737222,591467
1687737222,601569
1687737222,601935
1687737222,606201
1687737222,614715
1687737222,616252
1687737222,617738
1687737222,629924
1687737222,637945
1687737222,648142
1687737222,653699
1687737222,656853
1687737222,663688
1687737222,665661
1687737223,314023
1687737223,317054
1687737223,321492
1687737223,332262
1687737223,333002
1687737223,335754
1687737223,336542
1687737223,343648
1687737223,355349
1687737223,356989
1687737223,358435
1687737223,362584
1687737223,368101
1687737223,371030
1687737223,373513
1687737223,374387
1687737223,376885
1687737223,378480
1687737223,382881
1687737223,387723
1687737223,414930
1687737223,420916
1687737223,435051
1687737223,448280
1687737223,463224
1687737223,469321
1687737223,474125
1687737223,484003
1687737223,487413
1687737223,495102
1687737223,510838
1687737223,517972
1687737223,537737
1687737223,538861
1687737223,540834
1687737223,563028
1687737223,568776
1687737223,572377
1687737223,576852
1687737223,579011
1687737223,580514
1687737223,596264
1687737223,613417
1687737223,623075
1687737223,625996
1687737223,636379
1687737223,637368
1687737223,637503
1687737223,645211
1687737223,646053
1687737223,650830
1687737223,652302
1687737223,655260
1687737223,656683
1687737223,670713
1687737223,672148
1687737224,329418
1687737224,330760
1687737224,331229
1687737224,334308
1687737224,347898
1687737224,348797
1687737224,349176
1687737224,349897
1687737224,351440
1687737224,360234
1687737224,367913
1687737224,379287
1687737224,382125
1687737224,383779
1687737224,385698
1687737224,393564
1687737224,394795
1687737224,401857
1687737224,404519
1687737224,412433
1687737224,423156
1687737224,430373
1687737224,441240
1687737224,444075
1687737224,449679
1687737224,451862
1687737224,464476
1687737224,471817
1687737224,477257
1687737224,490262
1687737224,491572
1687737224,505245
1687737224,513242
1687737224,527517
1687737224,538865
1687737224,554070
1687737224,559868
1687737224,571668
1687737224,573097
1687737224,582303
1687737224,583376
1687737224,593799
1687737224,598486
1687737224,607168
1687737224,611484
1687737224,613065
1687737224,619956
1687737224,620485
1687737224,631505
1687737224,640341
1687737224,645266
1687737224,646117
1687737224,660022
1687737224,662986
1687737224,666895
1687737224,671729
1687737224,681247
1687737225,313528
1687737225,314527
1687737225,336391
1687737225,341806
1687737225,345482
1687737225,350508
1687737225,358482
1687737225,365479
1687737225,370764
1687737225,373325
1687737225,392631
1687737225,402307
1687737225,402450
1687737225,407384
1687737225,422938
1687737225,427351
1687737225,446147
1687737225,458561
1687737225,458735
1687737225,461956
1687737225,488382
1687737225,488496
1687737225,489294
1687737225,491070
1687737225,504960
1687737225,512268
1687737225,514032
1687737225,528063
1687737225,555613
1687737225,556794
1687737225,559492
1687737225,559977
1687737225,563846
1687737225,564643
1687737225,576715
1687737225,579751
1687737225,593088
1687737225,598753
1687737225,600076
1687737225,607924
1687737225,609463
1687737225,612626
1687737225,628549
1687737225,637087
1687737225,639492
1687737225,640267
1687737225,641741
1687737225,643126
1687737225,644507
1687737225,653078
1687737225,656286
1687737225,667196
1687737225,674691
1687737226,328104
1687737226,332916
1687737226,335077
1687737226,335691
1687737226,336165
1687737226,337741
1687737226,343809
1687737226,347584
1687737226,348631
1687737226,353045
1687737226,357245
1687737226,360492
1687737226,372426
1687737226,378676
1687737226,392275
1687737226,393708
1687737226,393829
1687737226,398382
1687737226,404509
1687737226,413889
1687737226,418102
1687737226,420286
1687737226,446289
1687737226,455657
1687737226,487344
1687737226,492486
1687737226,500682
1687737226,514017
1687737226,517553
1687737226,527620
1687737226,529398
1687737226,531889
1687737226,551837
1687737226,553120
1687737226,577389
1687737226,584875
1687737226,593102
1687737226,595046
1687737226,618199
1687737226,625247
1687737226,637532
1687737226,639602
1687737226,642967
1687737226,645540
1687737226,650244
1687737226,665395
1687737226,669898
1687737226,671707
1687737226,672466
1687737227,318531
1687737227,331382
1687737227,333353
1687737227,333422
1687737227,341373
1687737227,348385
1687737227,351483
1687737227,353092
1687737227,354006
1687737227,357599
1687737227,366361
1687737227,367709
1687737227,386524
1687737227,388777
1687737227,390489
1687737227,409544
1687737227,422590
1687737227,423898
1687737227,444252
1687737227,459439
1687737227,459955
1687737227,465626
1687737227,469691
1687737227,486171
1687737227,489796
1687737227,493488
1687737227,510778
1687737227,543300
1687737227,549878
1687737227,553816
1687737227,554658
1687737227,566299
1687737227,576659
1687737227,580059
1687737227,580098
1687737227,580441
1687737227,589293
1687737227,594567
1687737227,608358
1687737227,610306
1687737227,617815
1687737227,619541
1687737227,622902
1687737227,623106
1687737227,625854
1687737227,627796
1687737227,634911
1687737227,639281
1687737227,644868
1687737227,652043
1687737227,654094
1687737227,656575
1687737227,661819
1687737227,662484
1687737227,671361
1687737228,313589
1687737228,323199
1687737228,331005
1687737228,331092
1687737228,332367
1687737228,335209
1687737228,339864
1687737228,343491
1687737228,356274
1687737228,362276
1687737228,370844
1687737228,374861
1687737228,376808
1687737228,377027
1687737228,385237
1687737228,386264
1687737228,394476
1687737228,398385
1687737228,401657
1687737228,413067
1687737228,415330
1687737228,427191
1687737228,436079
1687737228,439274
1687737228,448925
1687737228,451192
1687737228,478680
1687737228,485469
1687737228,488543
1687737228,490374
1687737228,504365
1687737228,514563
1687737228,529782
1687737228,536795
1687737228,541684
1687737228,548481
1687737228,556068
1687737228,571106
1687737228,571789
1687737228,579497
1687737228,612231
1687737228,620706
1687737228,635580
1687737228,638173
1687737228,639381
1687737228,645630
1687737228,648776
1687737228,654875
1687737228,656885
1687737228,658403
1687737228,667228
1687737228,671509
1687737228,677771
1687737229,322748
1687737229,333376
1687737229,335580
1687737229,336960
1687737229,345355
1687737229,348559
1687737229,356369
1687737229,357469
1687737229,366014
1687737229,366294
1687737229,377302
1687737229,382540
1687737229,396566
1687737229,397556
1687737229,409985
1687737229,410403
1687737229,428718
1687737229,432531
1687737229,441054
1687737229,445745
1687737229,460386
1687737229,472404
1687737229,482855
1687737229,490982
1687737229,504007
1687737229,509278
1687737229,510976
1687737229,520603
1687737229,526921
1687737229,536376
1687737229,561124
1687737229,567888
1687737229,570357
1687737229,578936
1687737229,581328
1687737229,592803
1687737229,602434
1687737229,603036
1687737229,607362
1687737229,609979
1687737229,614521
1687737229,623728
1687737229,624405
1687737229,629421
1687737229,633296
1687737229,637367
1687737229,638149
1687737229,643786
1687737229,657047
1687737229,662102
1687737229,662463
1687737229,668096
1687737229,670100
1687737229,684979
1687737230,314053
1687737230,315092
1687737230,322531
1687737230,328066
1687737230,330566
1687737230,331059
1687737230,335124
1687737230,341454
1687737230,347910
1687737230,352278
1687737230,356039
1687737230,356616
1687737230,369647
1687737230,381202
1687737230,385704
1687737230,387378
1687737230,392395
1687737230,396902
1687737230,436871
1687737230,447553
1687737230,455346
1687737230,464260
1687737230,467948
1687737230,473393
1687737230,480615
1687737230,485118
1687737230,497889
1687737230,501681
1687737230,505656
1687737230,510292
1687737230,546971
1687737230,548123
1687737230,554911
1687737230,565020
1687737230,576993
1687737230,585150
1687737230,590872
1687737230,597216
1687737230,605177
1687737230,634806
1687737230,642473
1687737230,643587
1687737230,644334
1687737230,645307
1687737230,649318
1687737230,650318
1687737230,672533
1687737231,330265
1687737231,330543
1687737231,331522
1687737231,333586
1687737231,354358
1687737231,355561
1687737231,359424
1687737231,359917
1687737231,363000
1687737231,367254
1687737231,369192
1687737231,373566
1687737231,378071
1687737231,385777
1687737231,418886
1687737231,424872
1687737231,426816
1687737231,434023
1687737231,434547
1687737231,447075
1687737231,457136
1687737231,469136
1687737231,472002
1687737231,478740
1687737231,499194
1687737231,516292
1687737231,524350
1687737231,527972
1687737231,531857
1687737231,535091
1687737231,539944
1687737231,545853
1687737231,563555
1687737231,563984
1687737231,579515
1687737231,584558
1687737231,594938
1687737231,601117
1687737231,604854
1687737231,608998
1687737231,620011
1687737231,623396
1687737231,623483
1687737231,623673
1687737231,631438
1687737231,644271
1687737231,652471
1687737231,653677
1687737231,655365
1687737231,662097
1687737231,664295
1687737231,665171
1687737231,679791
1687737232,315487
1687737232,327842
1687737232,331032
1687737232,333213
1687737232,345041
1687737232,346620
1687737232,346850
1687737232,350631
1687737232,353988
1687737232,354452
1687737232,354800
1687737232,365436
1687737232,365782
1687737232,377805
1687737232,389075
1687737232,395771
1687737232,406245
1687737232,415683
1687737232,418651
1687737232,435968
1687737232,456937
1687737232,465524
1687737232,473108
1687737232,486061
1687737232,514941
1687737232,520555
1687737232,531879
1687737232,540779
1687737232,554859
1687737232,560282
1687737232,562750
1687737232,567594
1687737232,574035
1687737232,578487
1687737232,615367
1687737232,636313
1687737232,636444
1687737232,644777
1687737232,654862
1687737232,656844
1687737232,657145
1687737232,672696
1687737233,338223
1687737233,347932
1687737233,350848
1687737233,353882
1687737233,368212
1687737233,368343
1687737233,384922
1687737233,388574
1687737233,389593
1687737233,400118
1687737233,403879
1687737233,413547
1687737233,423209
1687737233,447812
1687737233,450456
1687737233,485735
1687737233,498782
1687737233,499578
1687737233,512418
1687737233,518940
1687737233,521113
1687737233,527244
1687737233,561647
1687737233,591477
1687737233,603770
1687737233,611413
1687737233,615928
1687737233,620461
1687737233,623485
1687737233,631875
1687737233,638493
1687737233,641061
1687737233,648489
1687737233,649402
1687737233,656101
1687737233,664826
1687737233,665480
1687737233,668021
1687737233,671233
1687737233,673098
1687737234,315592
1687737234,332656
1687737234,332944
1687737234,334714
1687737234,341710
1687737234,350237
1687737234,351495
1687737234,353722
1687737234,354135
1687737234,358016
1687737234,358523
1687737234,367317
1687737234,379362
1687737234,382431
1687737234,394195
1687737234,394357
1687737234,394794
1687737234,409955
1687737234,412480
1687737234,431860
1687737234,439184
1687737234,444971
1687737234,472551
1687737234,483968
1687737234,484539
1687737234,485225
1687737234,487267
1687737234,491585
1687737234,494778
1687737234,511023
1687737234,518690
1687737234,531872
1687737234,536836
1687737234,546706
1687737234,552648
1687737234,569623
1687737234,574360
1687737234,574986
1687737234,580025
1687737234,580163
1687737234,587469
1687737234,591004
1687737234,591840
1687737234,598049
1687737234,610374
1687737234,614746
1687737234,620007
1687737234,631413
1687737234,636885
1687737234,638497
1687737234,641344
1687737234,642045
1687737234,654165
1687737234,661166
1687737234,665998
1687737234,669340
1687737234,673564
1687737235,327751
1687737235,330817
1687737235,343964
1687737235,345298
1687737235,358439
1687737235,378221
1687737235,381897
1687737235,384303
1687737235,390385
1687737235,394683
1687737235,403030
1687737235,426477
1687737235,445931
1687737235,472600
1687737235,473417
1687737235,494391
1687737235,502219
1687737235,515323
1687737235,537042
1687737235,538865
1687737235,546787
1687737235,579572
1687737235,585339
1687737235,590869
1687737235,593014
1687737235,597323
1687737235,603729
1687737235,624749
1687737235,628402
1687737235,650339
1687737235,651023
1687737235,654366
1687737235,658300
1687737235,660585
1687737235,672232
1687737235,672668
1687737236,331439
1687737236,332515
1687737236,335702
1687737236,336173
1687737236,336715
1687737236,353871
1687737236,354753
1687737236,360245
1687737236,362794
1687737236,363206
1687737236,366173
1687737236,366295
1687737236,373566
1687737236,375952
1687737236,398543
1687737236,400480
1687737236,401117
1687737236,407417
1687737236,413191
1687737236,416748
1687737236,430660
1687737236,440087
1687737236,447544
1687737236,469306
1687737236,471612
1687737236,480293
1687737236,488166
1687737236,490428
1687737236,502434
1687737236,506753
1687737236,510866
1687737236,513879
1687737236,534016
1687737236,535908
1687737236,549201
1687737236,577292
1687737236,577925
1687737236,579129
1687737236,582293
1687737236,594820
1687737236,602420
1687737236,603447
1687737236,608996
1687737236,609030
1687737236,612037
1687737236,634154
1687737236,634426
1687737236,638447
1687737236,643146
1687737236,647994
1687737236,652935
1687737236,657546
1687737236,667556
1687737237,317946
1687737237,323707
1687737237,327305
1687737237,331107
1687737237,333367
1687737237,340376
1687737237,346692
1687737237,348415
1687737237,350449
1687737237,364206
1687737237,365592
1687737237,370094
1687737237,371622
1687737237,372169
1687737237,385705
1687737237,396856
1687737237,401112
1687737237,443259
1687737237,446150
1687737237,446690
1687737237,457931
1687737237,465825
1687737237,467834
1687737237,483175
1687737237,493050
1687737237,498844
1687737237,509167
1687737237,537803
1687737237,545596
1687737237,552131
1687737237,553340
1687737237,564777
1687737237,571620
1687737237,572285
1687737237,573343
1687737237,573390
1687737237,585629
1687737237,601036
1687737237,606967
1687737237,616446
1687737237,621584
1687737237,629868
1687737237,631271
1687737237,635993
1687737237,640626
1687737237,642011
1687737237,647994
1687737237,649250
1687737237,654044
1687737237,661137
1687737237,668898
1687737237,669521
1687737237,673394
1687737238,330922
1687737238,331987
1687737238,336398
1687737238,337270
1687737238,339243
1687737238,342094
1687737238,346836
1687737238,348775
1687737238,351433
1687737238,355776
1687737238,357470
1687737238,368090
1687737238,369439
1687737238,373253
1687737238,378927
1687737238,386346
1687737238,399650
1687737238,413060
1687737238,417814
1687737238,433289
1687737238,436704
1687737238,442183
1687737238,454825
1687737238,477876
1687737238,484260
1687737238,485102
1687737238,492527
1687737238,505273
1687737238,541187
1687737238,552451
1687737238,557686
1687737238,576669
1687737238,586848
1687737238,589318
1687737238,590872
1687737238,603168
1687737238,612286
1687737238,633546
1687737238,635465
1687737238,637037
1687737238,638662
1687737238,643717
1687737238,647343
1687737238,656339
1687737238,671816
1687737239,312282
1687737239,327806
1687737239,328178
1687737239,334925
1687737239,336507
1687737239,336815
1687737239,339817
1687737239,344125
1687737239,345914
1687737239,345941
1687737239,348132
1687737239,352293
1687737239,379740
1687737239,380978
1687737239,382744
1687737239,385891
1687737239,398531
1687737239,412491
1687737239,415775
1687737239,418403
1687737239,419671
1687737239,422341
1687737239,427590
1687737239,460821
1687737239,481554
1687737239,484208
1687737239,485831
1687737239,488842
1687737239,491426
1687737239,514564
1687737239,518637
1687737239,528310
1687737239,528896
1687737239,543541
1687737239,576433
1687737239,580602
1687737239,588070
1687737239,588742
1687737239,598656
1687737239,612092
1687737239,614097
1687737239,618143
1687737239,620804
1687737239,624550
1687737239,625085
1687737239,631439
1687737239,648567
1687737239,652363
1687737239,654727
1687737239,664264
1687737239,664956
1687737239,666439
1687737240,327527
1687737240,330660
1687737240,331508
1687737240,333263
1687737240,337459
1687737240,345787
1687737240,347298
1687737240,347310
1687737240,347464
1687737240,359804
1687737240,361235
1687737240,372509
1687737240,374182
1687737240,374198
1687737240,378675
1687737240,379981
1687737240,396904
1687737240,397053
1687737240,435486
1687737240,456174
1687737240,461545
1687737240,476127
1687737240,480499
1687737240,488139
1687737240,491032
1687737240,524346
1687737240,544784
1687737240,563489
1687737240,564524
1687737240,566035
1687737240,566647
1687737240,567016
1687737240,581993
1687737240,583261
1687737240,583367
1687737240,611950
1687737240,618383
1687737240,624998
1687737240,627455
1687737240,628190
1687737240,628370
1687737240,629878
1687737240,638318
1687737240,638991
1687737240,644996
1687737240,653188
1687737240,659583
1687737240,660943
1687737240,668833
1687737240,671989
1687737241,314669
1687737241,322124
1687737241,331014
1687737241,334230
1687737241,334479
1687737241,346868
1687737241,347928
1687737241,347993
1687737241,356311
1687737241,365125
1687737241,368820
1687737241,382138
1687737241,386395
1687737241,393857
1687737241,402902
1687737241,405783
1687737241,407110
1687737241,412978
1687737241,441453
1687737241,444422
1687737241,457036
1687737241,488116
1687737241,496589
1687737241,499074
1687737241,502447
1687737241,507864
1687737241,514292
1687737241,520320
1687737241,524965
1687737241,544592
1687737241,567191
1687737241,581636
1687737241,581807
1687737241,591437
1687737241,591837
1687737241,600638
1687737241,610205
1687737241,618207
1687737241,618819
1687737241,636245
1687737241,638449
1687737241,640097
1687737241,644362
1687737241,644940
1687737241,652770
1687737241,663030
1687737241,664597
1687737241,665753
1687737242,328161
1687737242,334654
1687737242,334843
1687737242,337135
1687737242,337585
1687737242,340846
1687737242,348638
1687737242,363606
1687737242,382392
1687737242,383826
1687737242,386467
1687737242,387654
1687737242,394744
1687737242,397443
1687737242,437469
1687737242,451047
1687737242,454655
1687737242,474144
1687737242,476353
1687737242,480406
1687737242,487009
1687737242,488121
1687737242,499274
1687737242,500156
1687737242,504769
1687737242,537182
1687737242,539855
1687737242,556529
1687737242,573584
1687737242,577814
1687737242,589105
1687737242,592717
1687737242,600708
1687737242,602245
1687737242,604172
1687737242,613725
1687737242,618740
1687737242,623114
1687737242,631241
1687737242,638231
1687737242,649318
1687737242,652494
1687737242,664535
1687737242,665152
1687737243,313742
1687737243,317261
1687737243,321988
1687737243,332163
1687737243,332880
1687737243,333420
1687737243,335551
1687737243,343594
1687737243,356097
1687737243,357579
1687737243,357707
1687737243,361025
1687737243,369887
1687737243,373108
1687737243,374918
1687737243,375493
1687737243,379622
1687737243,384779
1687737243,386077
1687737243,413153
1687737243,432817
1687737243,433050
1687737243,446386
1687737243,461011
1687737243,465659
1687737243,466934
1687737243,476839
1687737243,481904
1687737243,482997
1687737243,489759
1687737243,508908
1687737243,511831
1687737243,520210
1687737243,535805
1687737243,543139
1687737243,560827
1687737243,566492
1687737243,570697
1687737243,578792
1687737243,581013
1687737243,582003
1687737243,595259
1687737243,597665
1687737243,611654
1687737243,624260
1687737243,624392
1687737243,635957
1687737243,637295
1687737243,638314
1687737243,644422
1687737243,645885
1687737243,648575
1687737243,650116
1687737243,653346
1687737243,656151
1687737243,657743
1687737243,670534
1687737243,671760
1687737244,327864
1687737244,328995
1687737244,334794
1687737244,341159
1687737244,348067
1687737244,348677
1687737244,349373
1687737244,349991
1687737244,352418
1687737244,361221
1687737244,369104
1687737244,380790
1687737244,381082
1687737244,387475
1687737244,392791
1687737244,393056
1687737244,402774
1687737244,414392
1687737244,421048
1687737244,428600
1687737244,446216
1687737244,451974
1687737244,454028
1687737244,462179
1687737244,474053
1687737244,474231
1687737244,479200
1687737244,488321
1687737244,489214
1687737244,503167
1687737244,508509
1687737244,515420
1687737244,517194
1687737244,525781
1687737244,540475
1687737244,555925
1687737244,561371
1687737244,571108
1687737244,580818
1687737244,595271
1687737244,596566
1687737244,608165
1687737244,612142
1687737244,614312
1687737244,621649
1687737244,621671
1687737244,640122
1687737244,641651
1687737244,645452
1687737244,645518
1687737244,659699
1687737244,662092
1687737244,666123
1687737244,671958
1687737244,681651
1687737245,313548
1687737245,314405
1687737245,336825
1687737245,340981
1687737245,342673
1687737245,345205
1687737245,349370
1687737245,359009
1687737245,371972
1687737245,391003
1687737245,392023
1687737245,403647
1687737245,403912
1687737245,404519
1687737245,405490
1687737245,421074
1687737245,422407
1687737245,448263
1687737245,456370
1687737245,459934
1687737245,487243
1687737245,490475
1687737245,490732
1687737245,493178
1687737245,507056
1687737245,512306
1687737245,514523
1687737245,526181
1687737245,557603
1687737245,557789
1687737245,558709
1687737245,561963
1687737245,578522
1687737245,581336
1687737245,581673
1687737245,591055
1687737245,598732
1687737245,600511
1687737245,610672
1687737245,611370
1687737245,627013
1687737245,638117
1687737245,640540
1687737245,640875
1687737245,641796
1687737245,645199
1687737245,651924
1687737245,655731
1687737245,667577
1687737245,674548
1687737246,328927
1687737246,332908
1687737246,334576
1687737246,336443
1687737246,336792
1687737246,338645
1687737246,348169
1687737246,348188
1687737246,351263
1687737246,353308
1687737246,358170
1687737246,359500
1687737246,370483
1687737246,380223
1687737246,392132
1687737246,394469
1687737246,395328
1687737246,397042
1687737246,406444
1687737246,412234
1687737246,419963
1687737246,425808
1687737246,448698
1687737246,453375
1687737246,485192
1687737246,490342
1687737246,491750
1687737246,502367
1687737246,515750
1687737246,525548
1687737246,531199
1687737246,534028
1687737246,549646
1687737246,555062
1687737246,578726
1687737246,582995
1687737246,594392
1687737246,596686
1687737246,616392
1687737246,626198
1687737246,639016
1687737246,641940
1687737246,645074
1687737246,651120
1687737246,666341
1687737246,669501
1687737246,671076
1687737246,673568
1687737247,318065
1687737247,331025
1687737247,331469
1687737247,333081
1687737247,333831
1687737247,334935
1687737247,341022
1687737247,341566
1687737247,352436
1687737247,352511
1687737247,353217
1687737247,358333
1687737247,358719
1687737247,364882
1687737247,366257
1687737247,387208
1687737247,388272
1687737247,391404
1687737247,407606
1687737247,442507
1687737247,457337
1687737247,457741
1687737247,467528
1687737247,471474
1687737247,483950
1687737247,490237
1687737247,492024
1687737247,508546
1687737247,534051
1687737247,541389
1687737247,547841
1687737247,551962
1687737247,552695
1687737247,578510
1687737247,578757
1687737247,582091
1687737247,587273
1687737247,602827
1687737247,608712
1687737247,609580
1687737247,620939
1687737247,624031
1687737247,624315
1687737247,624683
1687737247,626571
1687737247,634296
1687737247,639687
1687737247,643309
1687737247,652687
1687737247,653171
1687737247,657739
1687737247,659448
1687737247,661273
1687737247,662144
1687737247,671519
1687737247,671524
1687737248,313732
1687737248,323946
1687737248,330428
1687737248,331294
1687737248,331438
1687737248,341123
1687737248,344585
1687737248,348226
1687737248,355622
1687737248,369405
1687737248,375056
1687737248,377992
1687737248,387317
1687737248,392782
1687737248,396607
1687737248,403658
1687737248,411243
1687737248,417893
1687737248,429174
1687737248,433697
1687737248,441577
1687737248,446647
1687737248,453378
1687737248,476597
1687737248,483454
1687737248,490590
1687737248,506550
1687737248,512587
1687737248,531906
1687737248,534743
1687737248,543380
1687737248,557787
1687737248,573263
1687737248,573276
1687737248,577355
1687737248,605420
1687737248,613314
1687737248,618696
1687737248,619035
1687737248,634116
1687737248,639187
1687737248,644988
1687737248,650045
1687737248,652884
1687737248,655015
1687737248,656481
1687737248,666716
1687737248,677247
1687737249,322693
1687737249,333807
1687737249,335146
1687737249,337409
1687737249,344842
1687737249,349207
1687737249,355627
1687737249,356317
1687737249,367099
1687737249,367194
1687737249,378538
1687737249,381311
1687737249,395805
1687737249,398362
1687737249,408529
1687737249,408541
1687737249,426563
1687737249,430804
1687737249,447604
1687737249,462656
1687737249,464303
1687737249,470108
1687737249,488947
1687737249,492614
1687737249,506096
1687737249,507106
1687737249,509171
1687737249,522069
1687737249,525227
1687737249,534014
1687737249,542776
1687737249,550542
1687737249,559449
1687737249,568391
1687737249,569780
1687737249,579735
1687737249,580587
1687737249,593964
1687737249,600711
1687737249,604404
1687737249,608396
1687737249,615481
1687737249,622667
1687737249,625562
1687737249,627781
1687737249,634130
1687737249,638381
1687737249,640689
1687737249,645327
1687737249,655960
1687737249,661578
1687737249,662900
1687737249,667883
1687737249,668837
1687737249,670502
1687737249,685034
1687737250,314314
1687737250,315203
1687737250,321849
1687737250,327777
1687737250,330202
1687737250,330808
1687737250,335535
1687737250,341796
1687737250,346922
1687737250,353718
1687737250,357328
1687737250,357556
1687737250,366394
1687737250,366508
1687737250,368601
1687737250,379801
1687737250,387832
1687737250,389306
1687737250,390904
1687737250,394910
1687737250,426470
1687737250,434639
1687737250,449442
1687737250,457511
1687737250,462055
1687737250,471392
1687737250,482691
1687737250,483286
1687737250,500120
1687737250,503300
1687737250,503822
1687737250,545751
1687737250,548975
1687737250,556587
1687737250,562728
1687737250,575326
1687737250,578303
1687737250,587077
1687737250,592015
1687737250,598563
1687737250,606543
1687737250,636080
1687737250,640768
1687737250,642882
1687737250,643313
1687737250,646502
1687737250,649041
1687737250,672507
1687737251,330179
1687737251,330415
1687737251,331888
1687737251,354710
1687737251,355771
1687737251,359907
1687737251,367736
1687737251,372529
1687737251,379225
1687737251,387734
1687737251,417029
1687737251,425069
1687737251,436870
1687737251,449078
1687737251,454937
1687737251,466969
1687737251,480938
1687737251,494689
1687737251,496924
1687737251,514712
1687737251,520362
1687737251,525835
1687737251,526487
1687737251,529621
1687737251,536613
1687737251,541531
1687737251,547881
1687737251,561238
1687737251,562074
1687737251,581133
1687737251,586394
1687737251,592922
1687737251,595290
1687737251,603490
1687737251,605696
1687737251,607891
1687737251,621061
1687737251,621949
1687737251,624900
1687737251,625035
1687737251,629674
1687737251,641364
1687737251,643482
1687737251,652406
1687737251,654685
1687737251,656644
1687737251,661125
1687737251,663654
1687737251,680096
1687737252,315188
1687737252,315388
1687737252,320389
1687737252,328641
1687737252,331497
1687737252,338849
1687737252,345667
1687737252,346195
1687737252,347749
1687737252,350223
1687737252,353064
1687737252,354389
1687737252,355425
1687737252,364580
1687737252,364748
1687737252,366492
1687737252,366677
1687737252,376780
1687737252,387451
1687737252,394327
1687737252,408610
1687737252,417486
1687737252,434165
1687737252,436440
1687737252,449477
1687737252,454529
1687737252,467703
1687737252,475293
1687737252,485102
1687737252,522849
1687737252,523536
1687737252,530058
1687737252,541468
1687737252,542820
1687737252,551378
1687737252,552821
1687737252,562265
1687737252,564158
1687737252,565129
1687737252,575850
1687737252,589091
1687737252,606078
1687737252,616735
1687737252,637237
1687737252,637699
1687737252,643938
1687737252,655581
1687737252,655941
1687737252,656926
1687737252,672993
1687737253,326986
1687737253,328390
1687737253,333599
1687737253,337350
1687737253,346136
1687737253,348500
1687737253,349929
1687737253,350629
1687737253,366975
1687737253,368853
1687737253,372149
1687737253,386832
1687737253,386978
1687737253,388493
1687737253,402236
1687737253,405528
1687737253,411998
1687737253,421219
1687737253,445841
1687737253,452593
1687737253,467857
1687737253,483683
1687737253,493273
1687737253,500952
1687737253,501322
1687737253,510586
1687737253,518912
1687737253,521186
1687737253,525518
1687737253,563559
1687737253,579750
1687737253,589630
1687737253,593523
1687737253,595782
1687737253,605588
1687737253,612535
1687737253,614232
1687737253,618928
1687737253,624604
1687737253,625938
1687737253,631300
1687737253,637208
1687737253,639719
1687737253,642289
1687737253,648245
1687737253,648353
1687737253,655492
1687737253,663960
1687737253,666089
1687737253,672111
1687737253,672809
1687737254,312811
1687737254,315750
1687737254,332940
1687737254,333323
1687737254,333974
1687737254,335238
1687737254,349394
1687737254,351221
1687737254,352910
1687737254,353565
1687737254,353571
1687737254,356959
1687737254,359207
1687737254,373215
1687737254,380547
1687737254,384175
1687737254,392864
1687737254,393214
1687737254,396066
1687737254,408384
1687737254,410436
1687737254,425281
1687737254,431581
1687737254,433905
1687737254,441631
1687737254,442641
1687737254,474577
1687737254,474659
1687737254,481801
1687737254,482177
1687737254,483482
1687737254,489446
1687737254,496830
1687737254,508567
1687737254,523702
1687737254,538905
1687737254,544802
1687737254,548656
1687737254,549952
1687737254,571190
1687737254,573295
1687737254,575786
1687737254,577925
1687737254,580626
1687737254,581517
1687737254,585420
1687737254,599664
1687737254,601558
1687737254,603268
1687737254,608611
1687737254,610547
1687737254,613217
1687737254,621085
1687737254,632567
1687737254,637852
1687737254,641362
1687737254,642671
1687737254,653722
1687737254,660348
1687737254,666984
1687737254,668988
1687737254,673614
1687737255,323725
1687737255,327166
1687737255,330157
1687737255,331078
1687737255,344137
1687737255,344748
1687737255,347322
1687737255,359306
1687737255,379326
1687737255,380363
1687737255,382980
1687737255,383817
1687737255,388828
1687737255,392872
1687737255,401472
1687737255,447932
1687737255,469125
1687737255,471933
1687737255,475598
1687737255,480409
1687737255,496657
1687737255,500374
1687737255,513506
1687737255,538464
1687737255,541096
1687737255,560872
1687737255,581788
1687737255,583228
1687737255,589052
1687737255,594618
1687737255,604466
1687737255,604510
1687737255,612777
1687737255,624498
1687737255,626328
1687737255,629538
1687737255,632572
1687737255,636887
1687737255,650012
1687737255,652101
1687737255,653573
1687737255,659357
1687737255,660396
1687737255,671928
1687737256,331043
1687737256,332884
1687737256,335668
1687737256,336459
1687737256,354531
1687737256,358863
1687737256,362230
1687737256,366941
1687737256,367313
1687737256,368649
1687737256,372159
1687737256,377610
1687737256,398851
1687737256,400837
1687737256,403355
1687737256,409479
1687737256,411338
1687737256,415407
1687737256,428829
1687737256,438103
1687737256,445716
1687737256,471469
1687737256,481273
1687737256,482711
1687737256,492570
1687737256,509113
1687737256,513038
1687737256,515886
1687737256,532040
1687737256,533898
1687737256,550460
1687737256,579223
1687737256,579475
1687737256,580515
1687737256,594173
1687737256,596085
1687737256,600295
1687737256,607001
1687737256,610405
1687737256,611113
1687737256,635466
1687737256,637525
1687737256,639065
1687737256,642662
1687737256,648750
1687737256,654133
1687737256,667077
1687737256,672654
1687737257,317565
1687737257,324233
1687737257,326841
1687737257,331440
1687737257,333409
1687737257,339717
1687737257,346305
1687737257,346414
1687737257,349406
1687737257,356548
1687737257,363262
1687737257,366289
1687737257,370724
1687737257,387713
1687737257,391184
1687737257,395387
1687737257,403214
1687737257,443165
1687737257,444064
1687737257,445259
1687737257,448667
1687737257,455601
1687737257,456812
1687737257,465289
1687737257,468085
1687737257,485148
1687737257,486426
1687737257,490984
1687737257,496684
1687737257,500008
1687737257,511464
1687737257,543548
1687737257,555311
1687737257,566212
1687737257,570129
1687737257,573416
1687737257,574823
1687737257,575031
1687737257,583774
1687737257,584968
1687737257,599380
1687737257,608218
1687737257,611148
1687737257,628240
1687737257,632228
1687737257,634848
1687737257,641779
1687737257,648692
1687737257,649187
1687737257,652923
1687737257,660749
1687737257,669597
1687737257,670159
1687737257,673437
1687737258,328027
1687737258,330957
1687737258,335784
1687737258,336148
1687737258,339682
1687737258,343011
1687737258,347233
1687737258,368116
1687737258,369507
1687737258,372441
1687737258,380767
1687737258,387776
1687737258,388036
1687737258,398050
1687737258,411259
1687737258,424607
1687737258,434891
1687737258,435341
1687737258,444519
1687737258,452544
1687737258,480007
1687737258,487246
1687737258,503657
1687737258,521764
1687737258,535650
1687737258,543023
1687737258,550960
1687737258,554528
1687737258,555399
1687737258,578276
1687737258,587841
1687737258,592762
1687737258,608579
1687737258,613364
1687737258,613601
1687737258,619915
1687737258,634573
1687737258,636841
1687737258,636900
1687737258,637704
1687737258,639865
1687737258,643236
1687737258,646190
1687737258,657443
1687737258,671603
1687737259,312215
1687737259,327039
1687737259,327113
1687737259,328516
1687737259,334943
1687737259,336246
1687737259,337819
1687737259,343919
1687737259,347035
1687737259,351585
1687737259,351976
1687737259,381367
1687737259,381382
1687737259,382323
1687737259,384602
1687737259,396611
1687737259,413795
1687737259,416397
1687737259,420392
1687737259,421653
1687737259,425763
1687737259,462939
1687737259,479450
1687737259,486442
1687737259,486958
1687737259,488006
1687737259,489532
1687737259,516189
1687737259,516786
1687737259,526809
1687737259,530979
1687737259,545675
1687737259,569050
1687737259,578121
1687737259,578476
1687737259,589200
1687737259,590412
1687737259,593658
1687737259,616398
1687737259,619393
1687737259,626293
1687737259,626521
1687737259,632474
1687737259,647957
1687737259,651671
1687737259,656054
1687737259,663692
1687737259,664821
1687737259,666517
1687737260,331084
1687737260,333861
1687737260,337266
1687737260,346536
1687737260,346745
1687737260,346894
1687737260,347171
1687737260,360209
1687737260,361560
1687737260,368972
1687737260,372952
1687737260,374301
1687737260,375059
1687737260,378662
1687737260,395045
1687737260,399029
1687737260,414985
1687737260,437852
1687737260,454146
1687737260,463555
1687737260,474954
1687737260,478365
1687737260,478402
1687737260,483966
1687737260,486082
1687737260,490253
1687737260,509637
1687737260,526593
1687737260,527082
1687737260,542631
1687737260,562723
1687737260,564664
1687737260,564934
1687737260,567446
1687737260,581194
1687737260,581770
1687737260,613071
1687737260,615242
1687737260,619726
1687737260,626654
1687737260,629378
1687737260,629485
1687737260,630569
1687737260,636877
1687737260,644717
1687737260,651637
1687737260,658642
1687737260,665031
1687737260,668510
1687737260,672164
1687737261,315014
1687737261,322937
1687737261,330268
1687737261,334046
1687737261,347110
1687737261,347644
1687737261,357535
1687737261,357763
1687737261,366054
1687737261,384033
1687737261,395453
1687737261,401221
1687737261,403960
1687737261,405166
1687737261,411027
1687737261,439336
1687737261,441865
1687737261,459049
1687737261,494753
1687737261,501201
1687737261,504854
1687737261,505765
1687737261,512574
1687737261,518625
1687737261,542677
1687737261,558001
1687737261,569146
1687737261,580042
1687737261,580111
1687737261,583259
1687737261,589748
1687737261,590055
1687737261,602339
1687737261,616457
1687737261,616946
1687737261,637172
1687737261,637458
1687737261,641326
1687737261,644286
1687737261,645619
1687737261,660788
1687737261,663414
1687737261,663695
1687737261,665921
1687737262,327796
1687737262,335030
1687737262,335372
1687737262,336946
1687737262,337656
1687737262,340351
1687737262,347899
1687737262,348254
1687737262,376414
1687737262,382594
1687737262,384364
1687737262,384766
1687737262,388726
1687737262,389492
1687737262,393246
1687737262,395928
1687737262,439576
1687737262,466571
1687737262,477941
1687737262,478601
1687737262,485069
1687737262,490379
1687737262,501381
1687737262,502263
1687737262,502690
1687737262,535483
1687737262,544958
1687737262,571520
1687737262,577130
1687737262,579287
1687737262,587150
1687737262,593882
1687737262,599475
1687737262,602172
1687737262,602879
1687737262,604488
1687737262,612713
1687737262,619735
1687737262,632525
1687737262,634333
1687737262,638514
1687737262,650450
1687737262,651273
1687737262,664614
1687737262,665294
1687737263,313450
1687737263,317487
1687737263,322511
1687737263,331330
1687737263,332125
1687737263,332779
1687737263,333282
1687737263,334603
1687737263,337334
1687737263,343566
1687737263,356762
1687737263,356859
1687737263,358435
1687737263,359478
1687737263,368756
1687737263,371846
1687737263,374090
1687737263,380788
1687737263,384460
1687737263,386738
1687737263,411353
1687737263,430603
1687737263,435200
1687737263,444492
1687737263,458814
1687737263,463325
1687737263,464522
1687737263,479805
1687737263,492102
1687737263,506944
1687737263,533898
1687737263,545432
1687737263,558653
1687737263,564242
1687737263,569068
1687737263,580740
1687737263,582978
1687737263,583488
1687737263,599030
1687737263,609863
1687737263,622514
1687737263,625691
1687737263,638164
1687737263,639210
1687737263,640872
1687737263,643570
1687737263,645691
1687737263,647797
1687737263,649337
1687737263,654376
1687737263,657004
1687737263,658757
1687737263,667685
1687737263,670337
1687737263,671362
1687737264,328634
1687737264,335291
1687737264,340939
1687737264,346977
1687737264,348847
1687737264,349418
1687737264,351209
1687737264,353413
1687737264,362009
1687737264,362267
1687737264,370380
1687737264,382919
1687737264,384989
1687737264,391317
1687737264,401030
1687737264,405975
1687737264,416375
1687737264,418930
1687737264,448361
1687737264,454209
1687737264,454243
1687737264,456184
1687737264,476440
1687737264,481153
1687737264,486364
1687737264,486874
1687737264,501096
1687737264,517553
1687737264,519483
1687737264,542104
1687737264,552592
1687737264,557770
1687737264,562866
1687737264,579316
1687737264,594630
1687737264,596701
1687737264,604200
1687737264,609197
1687737264,612809
1687737264,615576
1687737264,617359
1687737264,622891
1687737264,639851
1687737264,644876
1687737264,645614
1687737264,653025
1687737264,659337
1687737264,665300
1687737264,672125
1687737265,313560
1687737265,314273
1687737265,337230
1687737265,340186
1687737265,341544
1687737265,344965
1687737265,348241
1687737265,367328
1687737265,368541
1687737265,370617
1687737265,389370
1687737265,390491
1687737265,403619
1687737265,406752
1687737265,419220
1687737265,424364
1687737265,424524
1687737265,426839
1687737265,450353
1687737265,457931
1687737265,485199
1687737265,492948
1687737265,509176
1687737265,510616
1687737265,516785
1687737265,524308
1687737265,556041
1687737265,559550
1687737265,560053
1687737265,560628
1687737265,580295
1687737265,582937
1687737265,588984
1687737265,597340
1687737265,610067
1687737265,611871
1687737265,625410
1687737265,638701
1687737265,639110
1687737265,639307
1687737265,640373
1687737265,642238
1687737265,643005
1687737265,645882
1687737265,655162
1687737265,658173
1687737265,667896
1687737265,674399
1687737266,329795
1687737266,332372
1687737266,332904
1687737266,334107
1687737266,337218
1687737266,337496
1687737266,339609
1687737266,347738
1687737266,348803
1687737266,351710
1687737266,352767
1687737266,353889
1687737266,358066
1687737266,358540
1687737266,359088
1687737266,381854
1687737266,390572
1687737266,396712
1687737266,396891
1687737266,408399
1687737266,410592
1687737266,421785
1687737266,426606
1687737266,427716
1687737266,451082
1687737266,451101
1687737266,483072
1687737266,492599
1687737266,504028
1687737266,521979
1687737266,523473
1687737266,532950
1687737266,536162
1687737266,547487
1687737266,556993
1687737266,580058
1687737266,581093
1687737266,595661
1687737266,596743
1687737266,596953
1687737266,598303
1687737266,614560
1687737266,626458
1687737266,627183
1687737266,640092
1687737266,640505
1687737266,640827
1687737266,651959
1687737266,667224
1687737266,669076
1687737267,317636
1687737267,331553
1687737267,332839
1687737267,334287
1687737267,340371
1687737267,341800
1687737267,350941
1687737267,351079
1687737267,353597
1687737267,359033
1687737267,363396
1687737267,364817
1687737267,369425
1687737267,385675
1687737267,390037
1687737267,405685
1687737267,440764
1687737267,455238
1687737267,455528
1687737267,469414
1687737267,481731
1687737267,489999
1687737267,492299
1687737267,494236
1687737267,506320
1687737267,536234
1687737267,539456
1687737267,545782
1687737267,550106
1687737267,550712
1687737267,576907
1687737267,583715
1687737267,585204
1687737267,607142
1687737267,610780
1687737267,620274
1687737267,622296
1687737267,622758
1687737267,624953
1687737267,633618
1687737267,641718
1687737267,652198
1687737267,652546
1687737267,653268
1687737267,658846
1687737267,660681
1687737267,661738
1687737267,671692
1687737268,313874
1687737268,324720
1687737268,329869
1687737268,330515
1687737268,331486
1687737268,334750
1687737268,342422
1687737268,345701
1687737268,350783
1687737268,355012
1687737268,367964
1687737268,373346
1687737268,378953
1687737268,389431
1687737268,391082
1687737268,394852
1687737268,405642
1687737268,415825
1687737268,420457
1687737268,431170
1687737268,431373
1687737268,443855
1687737268,444337
1687737268,455546
1687737268,474537
1687737268,481375
1687737268,492634
1687737268,507365
1687737268,508745
1687737268,532722
1687737268,534026
1687737268,545074
1687737268,559534
1687737268,574778
1687737268,575237
1687737268,575471
1687737268,576593
1687737268,609016
1687737268,614418
1687737268,644312
1687737268,651340
1687737268,655115
1687737268,656012
1687737268,666208
1687737269,334237
1687737269,334747
1687737269,337829
1687737269,344384
1687737269,349911
1687737269,354894
1687737269,355208
1687737269,365351
1687737269,367548
1687737269,368125
1687737269,368178
1687737269,379786
1687737269,380089
1687737269,394080
1687737269,400194
1687737269,406713
1687737269,407076
1687737269,424454
1687737269,428655
1687737269,429143
1687737269,449478
1687737269,453018
1687737269,464933
1687737269,467806
1687737269,486908
1687737269,494838
1687737269,504910
1687737269,508206
1687737269,523528
1687737269,523554
1687737269,531615
1687737269,541503
1687737269,557773
1687737269,566447
1687737269,571684
1687737269,578120
1687737269,582237
1687737269,595099
1687737269,598971
1687737269,605795
1687737269,606803
1687737269,616414
1687737269,621639
1687737269,626109
1687737269,626693
1687737269,634942
1687737269,639349
1687737269,642021
1687737269,646830
1687737269,654854
1687737269,661006
1687737269,663234
1687737269,669463
1687737269,670794
1687737269,671489
1687737269,685021
1687737270,314577
1687737270,315337
1687737270,321188
1687737270,327541
1687737270,331077
1687737270,335979
1687737270,342175
1687737270,345956
1687737270,346928
1687737270,353884
1687737270,355208
1687737270,358461
1687737270,358617
1687737270,365779
1687737270,378432
1687737270,382093
1687737270,389367
1687737270,389732
1687737270,389999
1687737270,391282
1687737270,392958
1687737270,423381
1687737270,428116
1687737270,432426
1687737270,445283
1687737270,451295
1687737270,459671
1687737270,459864
1687737270,469385
1687737270,476275
1687737270,484761
1687737270,500925
1687737270,502317
1687737270,505954
1687737270,543347
1687737270,550964
1687737270,553564
1687737270,558282
1687737270,560422
1687737270,573689
1687737270,588987
1687737270,595144
1687737270,599826
1687737270,607832
1687737270,637350
1687737270,639032
1687737270,642157
1687737270,642269
1687737270,647670
1687737270,647717
1687737270,672451
1687737271,330100
1687737271,330359
1687737271,332300
1687737271,356063
1687737271,357240
1687737271,360472
1687737271,366280
1687737271,371498
1687737271,380445
1687737271,415193
1687737271,419346
1687737271,423211
1687737271,439168
1687737271,451087
1687737271,452712
1687737271,464727
1687737271,483138
1687737271,494598
1687737271,496827
1687737271,513123
1687737271,523714
1687737271,524063
1687737271,527395
1687737271,528640
1687737271,538135
1687737271,543081
1687737271,549901
1687737271,558896
1687737271,560150
1687737271,582782
1687737271,590898
1687737271,604197
1687737271,606483
1687737271,606826
1687737271,612650
1687737271,620414
1687737271,622097
1687737271,626131
1687737271,627889
1687737271,638144
1687737271,639115
1687737271,641714
1687737271,642679
1687737271,652302
1687737271,655606
1687737271,657906
1687737271,660093
1687737271,663035
1687737271,680381
1687737272,314920
1687737272,315000
1687737272,320820
1687737272,329456
1687737272,331985
1687737272,337925
1687737272,345572
1687737272,346325
1687737272,348896
1687737272,349842
1687737272,351688
1687737272,354799
1687737272,363197
1687737272,366197
1687737272,367270
1687737272,367970
1687737272,375808
1687737272,385895
1687737272,392919
1687737272,410988
1687737272,414208
1687737272,432386
1687737272,438873
1687737272,447501
1687737272,452154
1687737272,458974
1687737272,469868
1687737272,477459
1687737272,481864
1687737272,482976
1687737272,525175
1687737272,528192
1687737272,539687
1687737272,544837
1687737272,550822
1687737272,562707
1687737272,564266
1687737272,565580
1687737272,577662
1687737272,578400
1687737272,587175
1687737272,599967
1687737272,612098
1687737272,618131
1687737272,638939
1687737272,643076
1687737272,644569
1687737272,653973
1687737272,656976
1687737272,657007
1687737272,673232
1687737273,321525
1687737273,326547
1687737273,333691
1687737273,334008
1687737273,336503
1687737273,339083
1687737273,344988
1687737273,349120
1687737273,365769
1687737273,369584
1687737273,373966
1687737273,388785
1687737273,389295
1687737273,391621
1687737273,404325
1687737273,407175
1687737273,410510
1687737273,419242
1687737273,443924
1687737273,469849
1687737273,481618
1687737273,495478
1687737273,503055
1687737273,503112
1687737273,508698
1687737273,516703
1687737273,523415
1687737273,523796
1687737273,552369
1687737273,581030
1687737273,587762
1687737273,592029
1687737273,607394
1687737273,609241
1687737273,612508
1687737273,613635
1687737273,617414
1687737273,625685
1687737273,626851
1687737273,630664
1687737273,635887
1687737273,639528
1687737273,643526
1687737273,643950
1687737273,647042
1687737273,648188
1687737273,654848
1687737273,663054
1687737273,666641
1687737273,672465
1687737273,672935
1687737274,312630
1687737274,315928
1687737274,326236
1687737274,331389
1687737274,333217
1687737274,333546
1687737274,335808
1687737274,348103
1687737274,352189
1687737274,353056
1687737274,353464
1687737274,354347
1687737274,355911
1687737274,359879
1687737274,370434
1687737274,374817
1687737274,381813
1687737274,386004
1687737274,389872
1687737274,391588
1687737274,397784
1687737274,406828
1687737274,408421
1687737274,429688
1687737274,435908
1687737274,440340
1687737274,444006
1687737274,476612
1687737274,479641
1687737274,479874
1687737274,481745
1687737274,487345
1687737274,498892
1687737274,506103
1687737274,506757
1687737274,521928
1687737274,540923
1687737274,547305
1687737274,550611
1687737274,565449
1687737274,571583
1687737274,572794
1687737274,575730
1687737274,577172
1687737274,579272
1687737274,582979
1687737274,583353
1687737274,601250
1687737274,602099
1687737274,606820
1687737274,622170
1687737274,633735
1687737274,637206
1687737274,638761
1687737274,640652
1687737274,653202
1687737274,659481
1687737274,660362
1687737274,667892
1687737274,668629
1687737274,673635
1687737275,324102
1687737275,326632
1687737275,329720
1687737275,337983
1687737275,344202
1687737275,344370
1687737275,346432
1687737275,360135
1687737275,380461
1687737275,381653
1687737275,385413
1687737275,385796
1687737275,387335
1687737275,391046
1687737275,399979
1687737275,409492
1687737275,426993
1687737275,430832
1687737275,449962
1687737275,454733
1687737275,469763
1687737275,476714
1687737275,477762
1687737275,498520
1687737275,498892
1687737275,511700
1687737275,539894
1687737275,542815
1687737275,543358
1687737275,575088
1687737275,581105
1687737275,583964
1687737275,587287
1687737275,596176
1687737275,603438
1687737275,605199
1687737275,613591
1687737275,625913
1687737275,627900
1687737275,630642
1687737275,635262
1687737275,640160
1687737275,649643
1687737275,652726
1687737275,653167
1687737275,660159
1687737275,671580
1687737276,330723
1687737276,333254
1687737276,335646
1687737276,336790
1687737276,355193
1687737276,357476
1687737276,361217
1687737276,361225
1687737276,368384
1687737276,370745
1687737276,379315
1687737276,397246
1687737276,403137
1687737276,405653
1687737276,411513
1687737276,414044
1687737276,436095
1687737276,443874
1687737276,450671
1687737276,453300
1687737276,473678
1687737276,479618
1687737276,485104
1687737276,494708
1687737276,507470
1687737276,510796
1687737276,511445
1687737276,515194
1687737276,517912
1687737276,530057
1687737276,531876
1687737276,562208
1687737276,578705
1687737276,581014
1687737276,581117
1687737276,593035
1687737276,597312
1687737276,598144
1687737276,604986
1687737276,605526
1687737276,610199
1687737276,611784
1687737276,630924
1687737276,632644
1687737276,633722
1687737276,636437
1687737276,637211
1687737276,639647
1687737276,642118
1687737276,649411
1687737276,655326
1687737276,664896
1687737276,666587
1687737277,309702
1687737277,317186
1687737277,324330
1687737277,324749
1687737277,326404
1687737277,329376
1687737277,331752
1687737277,333462
1687737277,343126
1687737277,345948
1687737277,350412
1687737277,362312
1687737277,367041
1687737277,367198
1687737277,369290
1687737277,389621
1687737277,389723
1687737277,395856
1687737277,405352
1687737277,419335
1687737277,441967
1687737277,447259
1687737277,462721
1687737277,470389
1687737277,481463
1687737277,487121
1687737277,488918
1687737277,489253
1687737277,494550
1687737277,497580
1687737277,513782
1687737277,541505
1687737277,548839
1687737277,557270
1687737277,567649
1687737277,567996
1687737277,575167
1687737277,576246
1687737277,576759
1687737277,581889
1687737277,597719
1687737277,609430
1687737277,618283
1687737277,626598
1687737277,633228
1687737277,642914
1687737277,648073
1687737277,650292
1687737277,650692
1687737277,651808
1687737277,660306
1687737277,670197
1687737277,670722
1687737277,673483
1687737278,327707
1687737278,331035
1687737278,332781
1687737278,335061
1687737278,335180
1687737278,338592
1687737278,340189
1687737278,344012
1687737278,347605
1687737278,352587
1687737278,357325
1687737278,366776
1687737278,370976
1687737278,371616
1687737278,382650
1687737278,389302
1687737278,393900
1687737278,396463
1687737278,409451
1687737278,413545
1687737278,426392
1687737278,433088
1687737278,437364
1687737278,446816
1687737278,450271
1687737278,482097
1687737278,488581
1687737278,489387
1687737278,502035
1687737278,503497
1687737278,533473
1687737278,544836
1687737278,553148
1687737278,554603
1687737278,556590
1687737278,567322
1687737278,579871
1687737278,583056
1687737278,586367
1687737278,588162
1687737278,588848
1687737278,594585
1687737278,614400
1687737278,617074
1687737278,618249
1687737278,635096
1687737278,635565
1687737278,636692
1687737278,638188
1687737278,641036
1687737278,642707
1687737278,644989
1687737278,653143
1687737278,658496
1687737278,666618
1687737278,671373
1687737279,308933
1687737279,312178
1687737279,326455
1687737279,328860
1687737279,334935
1687737279,336023
1687737279,338853
1687737279,340748
1687737279,343771
1687737279,345991
1687737279,367745
1687737279,380074
1687737279,383368
1687737279,383697
1687737279,386762
1687737279,394673
1687737279,411857
1687737279,413896
1687737279,422420
1687737279,423659
1687737279,423973
1687737279,465099
1687737279,477339
1687737279,485062
1687737279,487619
1687737279,488654
1687737279,490199
1687737279,514959
1687737279,517802
1687737279,520001
1687737279,525282
1687737279,533061
1687737279,576355
1687737279,579849
1687737279,590340
1687737279,592042
1687737279,594771
1687737279,614634
1687737279,617998
1687737279,626696
1687737279,627505
1687737279,628506
1687737279,633521
1687737279,647325
1687737279,650988
1687737279,657366
1687737279,663171
1687737279,664660
1687737280,320967
1687737280,323004
1687737280,330663
1687737280,334508
1687737280,337159
1687737280,345592
1687737280,346270
1687737280,347080
1687737280,347731
1687737280,347880
1687737280,358656
1687737280,359194
1687737280,363356
1687737280,370055
1687737280,371751
1687737280,375985
1687737280,376112
1687737280,377380
1687737280,387400
1687737280,393206
1687737280,398313
1687737280,401034
1687737280,409153
1687737280,440194
1687737280,452219
1687737280,465589
1687737280,473023
1687737280,476267
1687737280,480679
1687737280,482204
1687737280,483995
1687737280,491483
1687737280,492385
1687737280,513928
1687737280,528804
1687737280,540521
1687737280,547809
1687737280,560926
1687737280,562640
1687737280,566400
1687737280,568844
1687737280,569868
1687737280,571069
1687737280,579131
1687737280,580154
1687737280,614199
1687737280,615977
1687737280,616437
1687737280,621066
1687737280,625869
1687737280,630502
1687737280,630563
1687737280,631260
1687737280,631571
1687737280,635441
1687737280,644383
1687737280,650027
1687737280,652278
1687737280,657697
1687737280,660559
1687737280,668178
1687737280,672311
1687737281,323199
1687737281,329512
1687737281,333881
1687737281,338629
1687737281,348465
1687737281,353034
1687737281,359249
1687737281,366980
1687737281,367075
1687737281,385964
1687737281,391355
1687737281,397108
1687737281,399567
1687737281,402119
1687737281,403312
1687737281,414116
1687737281,437230
1687737281,439318
1687737281,454943
1687737281,461092
1687737281,492934
1687737281,503125
1687737281,503369
1687737281,503641
1687737281,507275
1687737281,510852
1687737281,516891
1687737281,540766
1687737281,571075
1687737281,578402
1687737281,584844
1687737281,588081
1687737281,588265
1687737281,588904
1687737281,604044
1687737281,614650
1687737281,615027
1687737281,625331
1687737281,636467
1687737281,638060
1687737281,638914
1687737281,642557
1687737281,643589
1687737281,646855
1687737281,658760
1687737281,662741
1687737281,663743
1687737281,666083
1687737282,327459
1687737282,335405
1687737282,335926
1687737282,336381
1687737282,338184
1687737282,339869
1687737282,347860
1687737282,347875
1687737282,378004
1687737282,381388
1687737282,381959
1687737282,386346
1687737282,391011
1687737282,391745
1687737282,394440
1687737282,437332
1687737282,441687
1687737282,466675
1687737282,468825
1687737282,475572
1687737282,480886
1687737282,483137
1687737282,492639
1687737282,500603
1687737282,503509
1687737282,504397
1687737282,532001
1687737282,533816
1687737282,547105
1687737282,559428
1687737282,569429
1687737282,580737
1687737282,585162
1687737282,594964
1687737282,598202
1687737282,600189
1687737282,603503
1687737282,611687
1687737282,611697
1687737282,620735
1687737282,632637
1687737282,633824
1687737282,638802
1687737282,650029
1687737282,651535
1687737282,664075
1687737282,665983
1687737282,672606
1687737283,313174
1687737283,317731
1687737283,323065
1687737283,331695
1687737283,332108
1687737283,332696
1687737283,333184
1687737283,333710
1687737283,343580
1687737283,350929
1687737283,355932
1687737283,357625
1687737283,357935
1687737283,359126
1687737283,367664
1687737283,370613
1687737283,372676
1687737283,382834
1687737283,383031
1687737283,388762
1687737283,409568
1687737283,418397
1687737283,428387
1687737283,442585
1687737283,456674
1687737283,460967
1687737283,462076
1687737283,477673
1687737283,478520
1687737283,494458
1687737283,504956
1687737283,547655
1687737283,556520
1687737283,562004
1687737283,567468
1687737283,582707
1687737283,584896
1687737283,584973
1687737283,600346
1687737283,608048
1687737283,620739
1687737283,626970
1687737283,639022
1687737283,640065
1687737283,642687
1687737283,645451
1687737283,646977
1687737283,648543
1687737283,655415
1687737283,657794
1687737283,659693
1687737283,667448
1687737283,670134
1687737283,670941
1687737284,328334
1687737284,335822
1687737284,345968
1687737284,348337
1687737284,350123
1687737284,352477
1687737284,354424
1687737284,363361
1687737284,371704
1687737284,384795
1687737284,389573
1687737284,399310
1687737284,408037
1687737284,409018
1687737284,416846
1687737284,450514
1687737284,456493
1687737284,458315
1687737284,478651
1687737284,483068
1687737284,484358
1687737284,484570
1687737284,499010
1687737284,519615
1687737284,521813
1687737284,522370
1687737284,543759
1687737284,559611
1687737284,564323
1687737284,577784
1687737284,582047
1687737284,592655
1687737284,602282
1687737284,610226
1687737284,613496
1687737284,616892
1687737284,624121
1687737284,639499
1687737284,644222
1687737284,645779
1687737284,649398
1687737284,658922
1687737284,672226
1687737285,313570
1687737285,314156
1687737285,332902
1687737285,337624
1687737285,339402
1687737285,340422
1687737285,344749
1687737285,347130
1687737285,366645
1687737285,368294
1687737285,369265
1687737285,387740
1687737285,388966
1687737285,401756
1687737285,417404
1687737285,425097
1687737285,426681
1687737285,452080
1687737285,452466
1687737285,455923
1687737285,483142
1687737285,495153
1687737285,508949
1687737285,511321
1687737285,519063
1687737285,522474
1687737285,554272
1687737285,561434
1687737285,562575
1687737285,584545
1687737285,586861
1687737285,593056
1687737285,595887
1687737285,608717
1687737285,613071
1687737285,623815
1687737285,638034
1687737285,638883
1687737285,640032
1687737285,643558
1687737285,644014
1687737285,644366
1687737285,646571
1687737285,654563
1687737285,668167
1687737285,674248
1687737286,330716
1687737286,333691
1687737286,338051
1687737286,338266
1687737286,340606
1687737286,347310
1687737286,349495
1687737286,352204
1687737286,352246
1687737286,357641
1687737286,359995
1687737286,383572
1687737286,388999
1687737286,398525
1687737286,399021
1687737286,408956
1687737286,410357
1687737286,421186
1687737286,423607
1687737286,448744
1687737286,453479
1687737286,480943
1687737286,494731
1687737286,505655
1687737286,512101
1687737286,521415
1687737286,523570
1687737286,534648
1687737286,538246
1687737286,545344
1687737286,558876
1687737286,579153
1687737286,581408
1687737286,596892
1687737286,598109
1687737286,599883
1687737286,612723
1687737286,628211
1687737286,639669
1687737286,640459
1687737286,641922
1687737286,652788
1687737286,668030
1687737286,668640
1687737287,317239
1687737287,325503
1687737287,331654
1687737287,334654
1687737287,334793
1687737287,339737
1687737287,342065
1687737287,349535
1687737287,354724
1687737287,356359
1687737287,359709
1687737287,361898
1687737287,363377
1687737287,384182
1687737287,391848
1687737287,403784
1687737287,417505
1687737287,428586
1687737287,453126
1687737287,453252
1687737287,471306
1687737287,479486
1687737287,488265
1687737287,494379
1687737287,496426
1687737287,504092
1687737287,529230
1687737287,537550
1687737287,538400
1687737287,543718
1687737287,548726
1687737287,575256
1687737287,583072
1687737287,585344
1687737287,596698
1687737287,605558
1687737287,611927
1687737287,621222
1687737287,623670
1687737287,625897
1687737287,632895
1687737287,640138
1687737287,641083
1687737287,651229
1687737287,653839
1687737287,659891
1687737287,660056
1687737287,661321
1687737287,671410
1687737287,671861
1687737288,314053
1687737288,329337
1687737288,329588
1687737288,331664
1687737288,343744
1687737288,346842
1687737288,366511
1687737288,369099
1687737288,371642
1687737288,379916
1687737288,389347
1687737288,391564
1687737288,407614
1687737288,423051
1687737288,429119
1687737288,433166
1687737288,442043
1687737288,446121
1687737288,457709
1687737288,472489
1687737288,479321
1687737288,494649
1687737288,510949
1687737288,530749
1687737288,536091
1687737288,546749
1687737288,561236
1687737288,573101
1687737288,574892
1687737288,576305
1687737288,577657
1687737288,601395
1687737288,615533
1687737288,621521
1687737288,631167
1687737288,643603
1687737288,652635
1687737288,655524
1687737288,663481
1687737288,665714
1687737289,315397
1687737289,334374
1687737289,334708
1687737289,338219
1687737289,343968
1687737289,350663
1687737289,354137
1687737289,354156
1687737289,369208
1687737289,378845
1687737289,391763
1687737289,402079
1687737289,404898
1687737289,405622
1687737289,422402
1687737289,427466
1687737289,467201
1687737289,484867
1687737289,497037
1687737289,502734
1687737289,505013
1687737289,505570
1687737289,510311
1687737289,525054
1687737289,529254
1687737289,543089
1687737289,556074
1687737289,564469
1687737289,573568
1687737289,576516
1687737289,583867
1687737289,597230
1687737289,601037
1687737289,605218
1687737289,607189
1687737289,617355
1687737289,620642
1687737289,624416
1687737289,627802
1687737289,635722
1687737289,636678
1687737289,640312
1687737289,643346
1687737289,653697
1687737289,660412
1687737289,670027
1687737289,671001
1687737290,314851
1687737290,315537
1687737290,320549
1687737290,327358
1687737290,331341
1687737290,336451
1687737290,342604
1687737290,345008
1687737290,347429
1687737290,356720
1687737290,358772
1687737290,359304
1687737290,359918
1687737290,366473
1687737290,377095
1687737290,383876
1687737290,387784
1687737290,391006
1687737290,391111
1687737290,392235
1687737290,393311
1687737290,447380
1687737290,453190
1687737290,457706
1687737290,461794
1687737290,467372
1687737290,479616
1687737290,486859
1687737290,498551
1687737290,504483
1687737290,508081
1687737290,552947
1687737290,558096
1687737290,559936
1687737290,572109
1687737290,590828
1687737290,594044
1687737290,598362
1687737290,609074
1687737290,638610
1687737290,641214
1687737290,641384
1687737290,646363
1687737290,672327
1687737291,330028
1687737291,330368
1687737291,332811
1687737291,338463
1687737291,353083
1687737291,356719
1687737291,364846
1687737291,370492
1687737291,381730
1687737291,391782
1687737291,413376
1687737291,441416
1687737291,450429
1687737291,453131
1687737291,462464
1687737291,485357
1687737291,492229
1687737291,498963
1687737291,511536
1687737291,521574
1687737291,525173
1687737291,539692
1687737291,544623
1687737291,551900
1687737291,556556
1687737291,558195
1687737291,584428
1687737291,588841
1687737291,589871
1687737291,604856
1687737291,605773
1687737291,606110
1687737291,607221
1687737291,611670
1687737291,618906
1687737291,623114
1687737291,626051
1687737291,627352
1687737291,641792
1687737291,641974
1687737291,652192
1687737291,656467
1687737291,659027
1687737291,662378
1687737291,664438
1687737291,664743
1687737292,314620
1687737292,314667
1687737292,321268
1687737292,326142
1687737292,330270
1687737292,332519
1687737292,337064
1687737292,340613
1687737292,344972
1687737292,347007
1687737292,349490
1687737292,350050
1687737292,350375
1687737292,361650
1687737292,367853
1687737292,368141
1687737292,369338
1687737292,375801
1687737292,383851
1687737292,384418
1687737292,390752
1687737292,391519
1687737292,412059
1687737292,413420
1687737292,421271
1687737292,430619
1687737292,441298
1687737292,445533
1687737292,472018
1687737292,479617
1687737292,479783
1687737292,480839
1687737292,526330
1687737292,527504
1687737292,537917
1687737292,546819
1687737292,548846
1687737292,558113
1687737292,566248
1687737292,566998
1687737292,576727
1687737292,579442
1687737292,585248
1687737292,598084
1687737292,619585
1687737292,639010
1687737292,640204
1687737292,642157
1687737292,656964
1687737292,658061
1687737292,673425
1687737293,332599
1687737293,335673
1687737293,343886
1687737293,349780
1687737293,364585
1687737293,370235
1687737293,383167
1687737293,386299
1687737293,406403
1687737293,409087
1687737293,417267
1687737293,429640
1687737293,442029
1687737293,456893
1687737293,471814
1687737293,479534
1687737293,497630
1687737293,504775
1687737293,506749
1687737293,514511
1687737293,522068
1687737293,525624
1687737293,567288
1687737293,577925
1687737293,578525
1687737293,582336
1687737293,585842
1687737293,610775
1687737293,614737
1687737293,615887
1687737293,626752
1687737293,627736
1687737293,630012
1687737293,634561
1687737293,634878
1687737293,639279
1687737293,644740
1687737293,645206
1687737293,645792
1687737293,647994
1687737293,654158
1687737293,667149
1687737293,672054
1687737294,312489
1687737294,316097
1687737294,325477
1687737294,333176
1687737294,333484
1687737294,334025
1687737294,336429
1687737294,346861
1687737294,352611
1687737294,353145
1687737294,353396
1687737294,354847
1687737294,355806
1687737294,360522
1687737294,383133
1687737294,387868
1687737294,390385
1687737294,393143
1687737294,399502
1687737294,405263
1687737294,406403
1687737294,427824
1687737294,437913
1687737294,438060
1687737294,439047
1687737294,446359
1687737294,467617
1687737294,477513
1687737294,477598
1687737294,478657
1687737294,478791
1687737294,480024
1687737294,485293
1687737294,500985
1687737294,503642
1687737294,540810
1687737294,542921
1687737294,544742
1687737294,552572
1687737294,569848
1687737294,573512
1687737294,574382
1687737294,584420
1687737294,600920
1687737294,602838
1687737294,605046
1687737294,623265
1687737294,628175
1687737294,639644
1687737294,639978
1687737294,652656
1687737294,658545
1687737294,668254
1687737294,668722
1687737295,324512
1687737295,326099
1687737295,329357
1687737295,331751
1687737295,338663
1687737295,343657
1687737295,344674
1687737295,345547
1687737295,360959
1687737295,380332
1687737295,381637
1687737295,385847
1687737295,387820
1687737295,389218
1687737295,398498
1687737295,407695
1687737295,432978
1687737295,452007
1687737295,464216
1687737295,479962
1687737295,483968
1687737295,496624
1687737295,501112
1687737295,509892
1687737295,529834
1687737295,541344
1687737295,545619
1687737295,563551
1687737295,573031
1687737295,578995
1687737295,585582
1687737295,586151
1687737295,597696
1687737295,605933
1687737295,610152
1687737295,614415
1687737295,627314
1687737295,629222
1687737295,629477
1687737295,631714
1687737295,639088
1687737295,649244
1687737295,651851
1687737295,654188
1687737295,659870
1687737295,661336
1687737295,671140
1687737295,672527
1687737296,330421
1687737296,333622
1687737296,335665
1687737296,337157
1687737296,352186
1687737296,355842
1687737296,360204
1687737296,360434
1687737296,368622
1687737296,369346
1687737296,369533
1687737296,381040
1687737296,392371
1687737296,395682
1687737296,405452
1687737296,407997
1687737296,412692
1687737296,413541
1687737296,434090
1687737296,442004
1687737296,451017
1687737296,465520
1687737296,472738
1687737296,475888
1687737296,478018
1687737296,487450
1687737296,496863
1687737296,505290
1687737296,508975
1687737296,513760
1687737296,517333
1687737296,528075
1687737296,547222
1687737296,576905
1687737296,582554
1687737296,582953
1687737296,591899
1687737296,595982
1687737296,598483
1687737296,602989
1687737296,606470
1687737296,609263
1687737296,613115
1687737296,632584
1687737296,636861
1687737296,637349
1687737296,638322
1687737296,641522
1687737296,650012
1687737296,656494
1687737296,659330
1687737296,666079
1687737297,309669
1687737297,316806
1687737297,324956
1687737297,325241
1687737297,325992
1687737297,328542
1687737297,332051
1687737297,333533
1687737297,342088
1687737297,345069
1687737297,345602
1687737297,350931
1687737297,351421
1687737297,352275
1687737297,361342
1687737297,365730
1687737297,367851
1687737297,367885
1687737297,384565
1687737297,388090
1687737297,391719
1687737297,397708
1687737297,407536
1687737297,417514
1687737297,439355
1687737297,439851
1687737297,449292
1687737297,452646
1687737297,460103
1687737297,486882
1687737297,489074
1687737297,490743
1687737297,490999
1687737297,492413
1687737297,495166
1687737297,516076
1687737297,539514
1687737297,548244
1687737297,565908
1687737297,569052
1687737297,576887
1687737297,577637
1687737297,578477
1687737297,580006
1687737297,581508
1687737297,596019
1687737297,610624
1687737297,619186
1687737297,624970
1687737297,634203
1687737297,644066
1687737297,647410
1687737297,650667
1687737297,651328
1687737297,655186
1687737297,659807
1687737297,670719
1687737297,671201
1687737297,673531
1687737298,327418
1687737298,333217
1687737298,334022
1687737298,334618
1687737298,337541
1687737298,340721
1687737298,347989
1687737298,350342
1687737298,353234
1687737298,358093
1687737298,365462
1687737298,370768
1687737298,372502
1687737298,384747
1687737298,390915
1687737298,392378
1687737298,394878
1687737298,407652
1687737298,421736
1687737298,428408
1687737298,431288
1687737298,448035
1687737298,449082
1687737298,484144
1687737298,491553
1687737298,492381
1687737298,500429
1687737298,501765
1687737298,531254
1687737298,546620
1687737298,550926
1687737298,556598
1687737298,558637
1687737298,568794
1687737298,581122
1687737298,584870
1687737298,587628
1687737298,596198
1687737298,596311
1687737298,607479
1687737298,615432
1687737298,616590
1687737298,617930
1687737298,624085
1687737298,634616
1687737298,636444
1687737298,636473
1687737298,639516
1687737298,642115
1687737298,642218
1687737298,643739
1687737298,659144
1687737298,659476
1687737298,671130
1687737299,312176
1687737299,325863
1687737299,329205
1687737299,334912
1687737299,335834
1687737299,339897
1687737299,343696
1687737299,344959
1687737299,378816
1687737299,382158
1687737299,385128
1687737299,392763
1687737299,409944
1687737299,411413
1687737299,412041
1687737299,422177
1687737299,424474
1687737299,425663
1687737299,467244
1687737299,475244
1687737299,483168
1687737299,485672
1687737299,490852
1687737299,513147
1687737299,518243
1687737299,519396
1687737299,521857
1687737299,523734
1687737299,535126
1687737299,574208
1687737299,591495
1687737299,592766
1687737299,593659
1687737299,612868
1687737299,616598
1687737299,628748
1687737299,634544
1687737299,646627
1687737299,648351
1687737299,650272
1687737299,658661
1687737299,662629
1687737299,664468
1687737300,323661
1687737300,330229
1687737300,335200
1687737300,337091
1687737300,344652
1687737300,347027
1687737300,348710
1687737300,348825
1687737300,358213
1687737300,365175
1687737300,370578
1687737300,370703
1687737300,372043
1687737300,376128
1687737300,377927
1687737300,381584
1687737300,391377
1687737300,400078
1687737300,400305
1687737300,403066
1687737300,420010
1687737300,442515
1687737300,450377
1687737300,471086
1687737300,474165
1687737300,481910
1687737300,482913
1687737300,493190
1687737300,531048
1687737300,531390
1687737300,538416
1687737300,549907
1687737300,559121
1687737300,560617
1687737300,567868
1687737300,570208
1687737300,571441
1687737300,573110
1687737300,577043
1687737300,578534
1687737300,613070
1687737300,615319
1687737300,616694
1687737300,617660
1687737300,622402
1687737300,625065
1687737300,631048
1687737300,631590
1687737300,631592
1687737300,631883
1687737300,633990
1687737300,639156
1687737300,644005
1687737300,648787
1687737300,651995
1687737300,656746
1687737300,660293
1687737300,664041
1687737300,666757
1687737300,667849
1687737300,672422
1687737301,308844
1687737301,315814
1687737301,320454
1687737301,323477
1687737301,328780
1687737301,333743
1687737301,335858
1687737301,337427
1687737301,345486
1687737301,349310
1687737301,367879
1687737301,368808
1687737301,387910
1687737301,390020
1687737301,393256
1687737301,397903
1687737301,398782
1687737301,401524
1687737301,407345
1687737301,412190
1687737301,435171
1687737301,436729
1687737301,463172
1687737301,491128
1687737301,494521
1687737301,501455
1687737301,501493
1687737301,505571
1687737301,505694
1687737301,509109
1687737301,509691
1687737301,515139
1687737301,538832
1687737301,544676
1687737301,573021
1687737301,576686
1687737301,586375
1687737301,586407
1687737301,586537
1687737301,587552
1687737301,605739
1687737301,612766
1687737301,613027
1687737301,635450
1687737301,638895
1687737301,642857
1687737301,643807
1687737301,648079
1687737301,661737
1687737301,666209
1687737302,321393
1687737302,327125
1687737302,335792
1687737302,336510
1687737302,338719
1687737302,339426
1687737302,347478
1687737302,347865
1687737302,379696
1687737302,380210
1687737302,383179
1687737302,388332
1687737302,388583
1687737302,390244
1687737302,392987
1687737302,393317
1687737302,395704
1687737302,443806
1687737302,456871
1687737302,461147
1687737302,471081
1687737302,473275
1687737302,481254
1687737302,483204
1687737302,489216
1687737302,494906
1687737302,498518
1687737302,506501
1687737302,520142
1687737302,532179
1687737302,549232
1687737302,560873
1687737302,565999
1687737302,567315
1687737302,582189
1687737302,583126
1687737302,590382
1687737302,596048
1687737302,596846
1687737302,598201
1687737302,604123
1687737302,610646
1687737302,621702
1687737302,630901
1687737302,633607
1687737302,635098
1687737302,639061
1687737302,648808
1687737302,652591
1687737302,663533
1687737302,666629
1687737303,310970
1687737303,312916
1687737303,318002
1687737303,323641
1687737303,332136
1687737303,332643
1687737303,332852
1687737303,333087
1687737303,343643
1687737303,355119
1687737303,355199
1687737303,356424
1687737303,358379
1687737303,359765
1687737303,360810
1687737303,366589
1687737303,369408
1687737303,371241
1687737303,376446
1687737303,381209
1687737303,390810
1687737303,407791
1687737303,419178
1687737303,420403
1687737303,425210
1687737303,426194
1687737303,439429
1687737303,454575
1687737303,458592
1687737303,459610
1687737303,475533
1687737303,480796
1687737303,496828
1687737303,503007
1687737303,510590
1687737303,549836
1687737303,553776
1687737303,554382
1687737303,559795
1687737303,565903
1687737303,584696
1687737303,586442
1687737303,586792
1687737303,593884
1687737303,601650
1687737303,606243
1687737303,609913
1687737303,619003
1687737303,628275
1687737303,631683
1687737303,639872
1687737303,640904
1687737303,641775
1687737303,645178
1687737303,646118
1687737303,647727
1687737303,656478
1687737303,658545
1687737303,660546
1687737303,667194
1687737303,669889
1687737303,670483
1687737304,321518
1687737304,328084
1687737304,331125
1687737304,332135
1687737304,334459
1687737304,336379
1687737304,343531
1687737304,345007
1687737304,347881
1687737304,350832
1687737304,353812
1687737304,355428
1687737304,356077
1687737304,364500
1687737304,367923
1687737304,373086
1687737304,386571
1687737304,386709
1687737304,387817
1687737304,397625
1687737304,410093
1687737304,411301
1687737304,414787
1687737304,450016
1687737304,452646
1687737304,458716
1687737304,460430
1687737304,478638
1687737304,480866
1687737304,482316
1687737304,482322
1687737304,484935
1687737304,496883
1687737304,496892
1687737304,503220
1687737304,520684
1687737304,521640
1687737304,524144
1687737304,545423
1687737304,561435
1687737304,565755
1687737304,576226
1687737304,583758
1687737304,590637
1687737304,599443
1687737304,600302
1687737304,611243
1687737304,614189
1687737304,618250
1687737304,625353
1687737304,639098
1687737304,643552
1687737304,645744
1687737304,645885
1687737304,648054
1687737304,653949
1687737304,658474
1687737304,663566
1687737304,672309
1687737305,313593
1687737305,314074
1687737305,332900
1687737305,337973
1687737305,338632
1687737305,339326
1687737305,344562
1687737305,346030
1687737305,364787
1687737305,369285
1687737305,386106
1687737305,387415
1687737305,399899
1687737305,415587
1687737305,423333
1687737305,453915
1687737305,454560
1687737305,481107
1687737305,497379
1687737305,507250
1687737305,507312
1687737305,513466
1687737305,520641
1687737305,521274
1687737305,521353
1687737305,552439
1687737305,556190
1687737305,556996
1687737305,563300
1687737305,564515
1687737305,584729
1687737305,586110
1687737305,594352
1687737305,601031
1687737305,607360
1687737305,610915
1687737305,614237
1687737305,622201
1687737305,631119
1687737305,636710
1687737305,640886
1687737305,643404
1687737305,644894
1687737305,668381
1687737305,674039
1687737306,308907
1687737306,314261
1687737306,317134
1687737306,331668
1687737306,332342
1687737306,333288
1687737306,338939
1687737306,339106
1687737306,346881
1687737306,350205
1687737306,351745
1687737306,351773
1687737306,352741
1687737306,356783
1687737306,360917
1687737306,372879
1687737306,385378
1687737306,387427
1687737306,400191
1687737306,401374
1687737306,407328
1687737306,412303
1687737306,419167
1687737306,425437
1687737306,428879
1687737306,431553
1687737306,432681
1687737306,446403
1687737306,455871
1687737306,478797
1687737306,510218
1687737306,519337
1687737306,525163
1687737306,536324
1687737306,540300
1687737306,543251
1687737306,560750
1687737306,573584
1687737306,577213
1687737306,582767
1687737306,598079
1687737306,599213
1687737306,601430
1687737306,610883
1687737306,622834
1687737306,629249
1687737306,638470
1687737306,638540
1687737306,640776
1687737306,643314
1687737306,653571
1687737306,668207
1687737306,668804
1687737307,316853
1687737307,326270
1687737307,331748
1687737307,334615
1687737307,335346
1687737307,339139
1687737307,342367
1687737307,348237
1687737307,355885
1687737307,360381
1687737307,360394
1687737307,361979
1687737307,365052
1687737307,376936
1687737307,382721
1687737307,391457
1687737307,392975
1687737307,393687
1687737307,401888
1687737307,430589
1687737307,437338
1687737307,450939
1687737307,464471
1687737307,467629
1687737307,473207
1687737307,477238
1687737307,486540
1687737307,496500
1687737307,498583
1687737307,501855
1687737307,535635
1687737307,540597
1687737307,541602
1687737307,546780
1687737307,580895
1687737307,586919
1687737307,598239
1687737307,603975
1687737307,607691
1687737307,613000
1687737307,619709
1687737307,625009
1687737307,626808
1687737307,629874
1687737307,630441
1687737307,632142
1687737307,641888
1687737307,650252
1687737307,653246
1687737307,654353
1687737307,659358
1687737307,660883
1687737307,660886
1687737307,671270
1687737307,672029
1687737308,314261
1687737308,328671
1687737308,328820
1687737308,331804
1687737308,345103
1687737308,347986
1687737308,370106
1687737308,380915
1687737308,387591
1687737308,393713
1687737308,409583
1687737308,426919
1687737308,435193
1687737308,439739
1687737308,448360
1687737308,459836
1687737308,470442
1687737308,477277
1687737308,496649
1687737308,513145
1687737308,528848
1687737308,538152
1687737308,548446
1687737308,559220
1687737308,562506
1687737308,562901
1687737308,570976
1687737308,573182
1687737308,577812
1687737308,579829
1687737308,599357
1687737308,616680
1687737308,622780
1687737308,629666
1687737308,642856
1687737308,647265
1687737308,653937
1687737308,655081
1687737308,663644
1687737308,665223
1687737309,327748
1687737309,334027
1687737309,335221
1687737309,338565
1687737309,343594
1687737309,351458
1687737309,353105
1687737309,353395
1687737309,370214
1687737309,377578
1687737309,390679
1687737309,403081
1687737309,403999
1687737309,404148
1687737309,420383
1687737309,425736
1687737309,463234
1687737309,469471
1687737309,482844
1687737309,499215
1687737309,500530
1687737309,503773
1687737309,512426
1687737309,519950
1687737309,526573
1687737309,526879
1687737309,554347
1687737309,570550
1687737309,574946
1687737309,575454
1687737309,585474
1687737309,595481
1687737309,608599
1687737309,618247
1687737309,619669
1687737309,622700
1687737309,628887
1687737309,636131
1687737309,636479
1687737309,641216
1687737309,644633
1687737309,652515
1687737309,659774
1687737309,670521
1687737309,671139
1687737309,673595
1687737310,315161
1687737310,319898
1687737310,327211
1687737310,331609
1687737310,336966
1687737310,343074
1687737310,344092
1687737310,347934
1687737310,358260
1687737310,360099
1687737310,361232
1687737310,365409
1687737310,369974
1687737310,375769
1687737310,385684
1687737310,386172
1687737310,389087
1687737310,394484
1687737310,395431
1687737310,440686
1687737310,449478
1687737310,455093
1687737310,455590
1687737310,463889
1687737310,465380
1687737310,477795
1687737310,488973
1687737310,496158
1687737310,506640
1687737310,510184
1687737310,530079
1687737310,546144
1687737310,554913
1687737310,555739
1687737310,561575
1687737310,592608
1687737310,595034
1687737310,602167
1687737310,607913
1687737310,610313
1687737310,639857
1687737310,640130
1687737310,640572
1687737310,645014
1687737310,660335
1687737310,672174
1687737311,329992
1687737311,330454
1687737311,333412
1687737311,352297
1687737311,357406
1687737311,363416
1687737311,369488
1687737311,383029
1687737311,393860
1687737311,411594
1687737311,420161
1687737311,423235
1687737311,443594
1687737311,448105
1687737311,455204
1687737311,460152
1687737311,487557
1687737311,489775
1687737311,501113
1687737311,509925
1687737311,519399
1687737311,522999
1687737311,541279
1687737311,553915
1687737311,554184
1687737311,556211
1687737311,586055
1687737311,586736
1687737311,591555
1687737311,596755
1687737311,604712
1687737311,605468
1687737311,610660
1687737311,617383
1687737311,624089
1687737311,624151
1687737311,628561
1687737311,640846
1687737311,642142
1687737311,652022
1687737311,657264
1687737311,657921
1687737311,661701
1687737312,314273
1687737312,314434
1687737312,321726
1687737312,325794
1687737312,331084
1687737312,333077
1687737312,334914
1687737312,336272
1687737312,340543
1687737312,344353
1687737312,347728
1687737312,349119
1687737312,349171
1687737312,353489
1687737312,359212
1687737312,360099
1687737312,369111
1687737312,369526
1687737312,370774
1687737312,382308
1687737312,382963
1687737312,390150
1687737312,409990
1687737312,415915
1687737312,428877
1687737312,443524
1687737312,443665
1687737312,474166
1687737312,477649
1687737312,478733
1687737312,481741
1687737312,524453
1687737312,529842
1687737312,536118
1687737312,546895
1687737312,548725
1687737312,568221
1687737312,568418
1687737312,574990
1687737312,581206
1687737312,583330
1687737312,614040
1687737312,621084
1687737312,639808
1687737312,641154
1687737312,641464
1687737312,644470
1687737312,656896
1687737312,659132
1687737312,667586
1687737312,673551
1687737313,333758
1687737313,334916
1687737313,341673
1687737313,342837
1687737313,350484
1687737313,351082
1687737313,363430
1687737313,370919
1687737313,373684
1687737313,377650
1687737313,385192
1687737313,407715
1687737313,408480
1687737313,415325
1687737313,440152
1687737313,459027
1687737313,473804
1687737313,477435
1687737313,499753
1687737313,503092
1687737313,504734
1687737313,506510
1687737313,512313
1687737313,520306
1687737313,527824
1687737313,569105
1687737313,581567
1687737313,583634
1687737313,583906
1687737313,609034
1687737313,614335
1687737313,615876
1687737313,627828
1687737313,628582
1687737313,629333
1687737313,633244
1687737313,638987
1687737313,645979
1687737313,646429
1687737313,647747
1687737313,653447
1687737313,671622
1687737314,312364
1687737314,316268
1687737314,324768
1687737314,332871
1687737314,334385
1687737314,337114
1687737314,345657
1687737314,352250
1687737314,353802
1687737314,354070
1687737314,357314
1687737314,361158
1687737314,388367
1687737314,389744
1687737314,401254
1687737314,403671
1687737314,404399
1687737314,425998
1687737314,435826
1687737314,439869
1687737314,448676
1687737314,450985
1687737314,475414
1687737314,478283
1687737314,480714
1687737314,482216
1687737314,483224
1687737314,501233
1687737314,542224
1687737314,544915
1687737314,546385
1687737314,554514
1687737314,568102
1687737314,571292
1687737314,575987
1687737314,576581
1687737314,579864
1687737314,585807
1687737314,597228
1687737314,599695
1687737314,603277
1687737314,604412
1687737314,605937
1687737314,624335
1687737314,635978
1687737314,640501
1687737314,652063
1687737314,655246
1687737314,657589
1687737314,667868
1687737314,669482
1687737315,324977
1687737315,325611
1687737315,329057
1687737315,332165
1687737315,339390
1687737315,343152
1687737315,344685
1687737315,345032
1687737315,359181
1687737315,361732
1687737315,378992
1687737315,382862
1687737315,384384
1687737315,387376
1687737315,389871
1687737315,390414
1687737315,397013
1687737315,405941
1687737315,435111
1687737315,454043
1687737315,461718
1687737315,465484
1687737315,485765
1687737315,494689
1687737315,503290
1687737315,508072
1687737315,520216
1687737315,522010
1687737315,538859
1687737315,542803
1687737315,547836
1687737315,564893
1687737315,570951
1687737315,576866
1687737315,583916
1687737315,599180
1687737315,603644
1687737315,606654
1687737315,608561
1687737315,615255
1687737315,627482
1687737315,628726
1687737315,631015
1687737315,631907
1687737315,632775
1687737315,639202
1687737315,648808
1687737315,650894
1687737315,655213
1687737315,659560
1687737315,672422
1687737315,673472
1687737316,330126
1687737316,333973
1687737316,335716
1687737316,337541
1687737316,351334
1687737316,354692
1687737316,356490
1687737316,367941
1687737316,370764
1687737316,382775
1687737316,394148
1687737316,407779
1687737316,410413
1687737316,415570
1687737316,423409
1687737316,440095
1687737316,475134
1687737316,476449
1687737316,478090
1687737316,489739
1687737316,498994
1687737316,507160
1687737316,516070
1687737316,519455
1687737316,526089
1687737316,527787
1687737316,575116
1687737316,584064
1687737316,584725
1687737316,590762
1687737316,593814
1687737316,599578
1687737316,607404
1687737316,608332
1687737316,614398
1687737316,636478
1687737316,636939
1687737316,638213
1687737316,639180
1687737316,640865
1687737316,650559
1687737316,657661
1687737316,665534
1687737317,309667
1687737317,316434
1687737317,325597
1687737317,325646
1687737317,325730
1687737317,331229
1687737317,332376
1687737317,333621
1687737317,341038
1687737317,345252
1687737317,352416
1687737317,360372
1687737317,360376
1687737317,364261
1687737317,366484
1687737317,368708
1687737317,386503
1687737317,386572
1687737317,393716
1687737317,399534
1687737317,409729
1687737317,437722
1687737317,451316
1687737317,457461
1687737317,463342
1687737317,484856
1687737317,490235
1687737317,491001
1687737317,492728
1687737317,492748
1687737317,492908
1687737317,518376
1687737317,537558
1687737317,563842
1687737317,570471
1687737317,578121
1687737317,578619
1687737317,579029
1687737317,580201
1687737317,594262
1687737317,611777
1687737317,614072
1687737317,620067
1687737317,635193
1687737317,645219
1687737317,646716
1687737317,649484
1687737317,649866
1687737317,659253
1687737317,671164
1687737317,671586
1687737318,325329
1687737318,327164
1687737318,333008
1687737318,333691
1687737318,334119
1687737318,341273
1687737318,346223
1687737318,348382
1687737318,349805
1687737318,358839
1687737318,364153
1687737318,374058
1687737318,386518
1687737318,390861
1687737318,392627
1687737318,393315
1687737318,393730
1687737318,405841
1687737318,425648
1687737318,445799
1687737318,451305
1687737318,486168
1687737318,493757
1687737318,494550
1687737318,498825
1687737318,500023
1687737318,548739
1687737318,555219
1687737318,558580
1687737318,560671
1687737318,570242
1687737318,583112
1687737318,586361
1687737318,588729
1687737318,597962
1687737318,610612
1687737318,614907
1687737318,616504
1687737318,618811
1687737318,634095
1687737318,636146
1687737318,637350
1687737318,640850
1687737318,641460
1687737318,642469
1687737318,643396
1687737318,660382
1687737318,670893
1687737319,308892
1687737319,312193
1687737319,329534
1687737319,334849
1687737319,335642
1687737319,335914
1687737319,336469
1687737319,337884
1687737319,340958
1687737319,343674
1687737319,343959
1687737319,351173
1687737319,359788
1687737319,377600
1687737319,378134
1687737319,380984
1687737319,386600
1687737319,390894
1687737319,408070
1687737319,409260
1687737319,410227
1687737319,420384
1687737319,426535
1687737319,427689
1687737319,469415
1687737319,473155
1687737319,481287
1687737319,483697
1687737319,493043
1687737319,511336
1687737319,516470
1687737319,518346
1687737319,520979
1687737319,522120
1687737319,572055
1687737319,574940
1687737319,583290
1687737319,590716
1687737319,592621
1687737319,595229
1687737319,611049
1687737319,615134
1687737319,630019
1687737319,645861
1687737319,646628
1687737319,649505
1687737319,659893
1687737319,662056
1687737319,664231
1687737319,666913
1687737320,324356
1687737320,329789
1687737320,337080
1687737320,343735
1687737320,349705
1687737320,349741
1687737320,350160
1687737320,357264
1687737320,367027
1687737320,369449
1687737320,371412
1687737320,374905
1687737320,377919
1687737320,379719
1687737320,379980
1687737320,389549
1687737320,401812
1687737320,405110
1687737320,405614
1687737320,422539
1687737320,444826
1687737320,448605
1687737320,469130
1687737320,469637
1687737320,472065
1687737320,479831
1687737320,485156
1687737320,494864
1687737320,533573
1687737320,536313
1687737320,551964
1687737320,557350
1687737320,558542
1687737320,569331
1687737320,571539
1687737320,572975
1687737320,575136
1687737320,576871
1687737320,616470
1687737320,617441
1687737320,618901
1687737320,623719
1687737320,624246
1687737320,630481
1687737320,632500
1687737320,632552
1687737320,632603
1687737320,632653
1687737320,643582
1687737320,651702
1687737320,655743
1687737320,659947
1687737320,664542
1687737320,667515
1687737320,672515
1687737321,308631
1687737321,316257
1687737321,319959
1687737321,323759
1687737321,328078
1687737321,333630
1687737321,336171
1687737321,336285
1687737321,344725
1687737321,354073
1687737321,362420
1687737321,368803
1687737321,370549
1687737321,389908
1687737321,396225
1687737321,398499
1687737321,399784
1687737321,400512
1687737321,410317
1687737321,433143
1687737321,434173
1687737321,458802
1687737321,465225
1687737321,489339
1687737321,496662
1687737321,499282
1687737321,499814
1687737321,507341
1687737321,507772
1687737321,512079
1687737321,513409
1687737321,536893
1687737321,546298
1687737321,574960
1687737321,574978
1687737321,584713
1687737321,584858
1687737321,586174
1687737321,587888
1687737321,607387
1687737321,609235
1687737321,610768
1687737321,610956
1687737321,634371
1687737321,639270
1687737321,639727
1687737321,642078
1687737321,645094
1687737321,649283
1687737321,660692
1687737321,664288
1687737321,666316
1687737322,322048
1687737322,326820
1687737322,337119
1687737322,339027
1687737322,339240
1687737322,347104
1687737322,347887
1687737322,379035
1687737322,381491
1687737322,388743
1687737322,390306
1687737322,391520
1687737322,395189
1687737322,397386
1687737322,432099
1687737322,445910
1687737322,471038
1687737322,473385
1687737322,479371
1687737322,485532
1687737322,490781
1687737322,497154
1687737322,507867
1687737322,508613
1687737322,530527
1687737322,551350
1687737322,562328
1687737322,565181
1687737322,567485
1687737322,581032
1687737322,583674
1687737322,595450
1687737322,596258
1687737322,597089
1687737322,604740
1687737322,609589
1687737322,622670
1687737322,629092
1687737322,636355
1687737322,637318
1687737322,639279
1687737322,647597
1687737322,653602
1687737322,663015
1687737322,667260
1687737323,310798
1687737323,312707
1687737323,318266
1687737323,324229
1687737323,331999
1687737323,332600
1687737323,332621
1687737323,333030
1687737323,343738
1687737323,354358
1687737323,354930
1687737323,359128
1687737323,360379
1687737323,365503
1687737323,368223
1687737323,369819
1687737323,379597
1687737323,388670
1687737323,392850
1687737323,406001
1687737323,417243
1687737323,424029
1687737323,438813
1687737323,441500
1687737323,452486
1687737323,454777
1687737323,456201
1687737323,457134
1687737323,473394
1687737323,483059
1687737323,499178
1687737323,501067
1687737323,508883
1687737323,528141
1687737323,552010
1687737323,552293
1687737323,557632
1687737323,564382
1687737323,586654
1687737323,587840
1687737323,588664
1687737323,592639
1687737323,602917
1687737323,604418
1687737323,617266
1687737323,629583
1687737323,631156
1687737323,631432
1687737323,640681
1687737323,640831
1687737323,641706
1687737323,644908
1687737323,645248
1687737323,646887
1687737323,653331
1687737323,657532
1687737323,659250
1687737323,661355
1687737323,666889
1687737323,669630
1687737323,670010
1687737324,315774
1687737324,322178
1687737324,327903
1687737324,332213
1687737324,336965
1687737324,342269
1687737324,344097
1687737324,347488
1687737324,351537
1687737324,355217
1687737324,356451
1687737324,365692
1687737324,374539
1687737324,386035
1687737324,388284
1687737324,395984
1687737324,412159
1687737324,413625
1687737324,415686
1687737324,448749
1687737324,460899
1687737324,462534
1687737324,480058
1687737324,480250
1687737324,480305
1687737324,483069
1687737324,486766
1687737324,494806
1687737324,518998
1687737324,523598
1687737324,526539
1687737324,545661
1687737324,547107
1687737324,563238
1687737324,567166
1687737324,574607
1687737324,585440
1687737324,588552
1687737324,598344
1687737324,600772
1687737324,612218
1687737324,614918
1687737324,619633
1687737324,626583
1687737324,635727
1687737324,638644
1687737324,642818
1687737324,645950
1687737324,646671
1687737324,647101
1687737324,653319
1687737324,658023
1687737324,659866
1687737324,662667
1687737324,672344
1687737325,313628
1687737325,314021
1687737325,332901
1687737325,337870
1687737325,338228
1687737325,338314
1687737325,344393
1687737325,344997
1687737325,362986
1687737325,366620
1687737325,370298
1687737325,384508
1687737325,392723
1687737325,398059
1687737325,403784
1687737325,413796
1687737325,421564
1687737325,441339
1687737325,448037
1687737325,451877
1687737325,456648
1687737325,476638
1687737325,479079
1687737325,499639
1687737325,505697
1687737325,508865
1687737325,518825
1687737325,519496
1687737325,523668
1687737325,548361
1687737325,554248
1687737325,558383
1687737325,565152
1687737325,566466
1687737325,582594
1687737325,587642
1687737325,592755
1687737325,599223
1687737325,600077
1687737325,605950
1687737325,611601
1687737325,615373
1687737325,620590
1687737325,630863
1687737325,635342
1687737325,641703
1687737325,642782
1687737325,646225
1687737325,668545
1687737325,673802
1687737326,313798
1687737326,317744
1687737326,332082
1687737326,332664
1687737326,332964
1687737326,339864
1687737326,339979
1687737326,342830
1687737326,346429
1687737326,350415
1687737326,351254
1687737326,353321
1687737326,355966
1687737326,361862
1687737326,374684
1687737326,385876
1687737326,387240
1687737326,401875
1687737326,405717
1687737326,414216
1687737326,417154
1687737326,427312
1687737326,430822
1687737326,431114
1687737326,433498
1687737326,444059
1687737326,458221
1687737326,484789
1687737326,499030
1687737326,508287
1687737326,517253
1687737326,526750
1687737326,537997
1687737326,541162
1687737326,542345
1687737326,562618
1687737326,584105
1687737326,600252
1687737326,602973
1687737326,608996
1687737326,621546
1687737326,630303
1687737326,636946
1687737326,637263
1687737326,641079
1687737326,644670
1687737326,654281
1687737326,667767
1687737326,669491
1687737327,327050
1687737327,331846
1687737327,334648
1687737327,335956
1687737327,338569
1687737327,342745
1687737327,347018
1687737327,354735
1687737327,357116
1687737327,358873
1687737327,360652
1687737327,361065
1687737327,363556
1687737327,368368
1687737327,381303
1687737327,389803
1687737327,395574
1687737327,400033
1687737327,422400
1687737327,432603
1687737327,448608
1687737327,448815
1687737327,466306
1687737327,474976
1687737327,475107
1687737327,498656
1687737327,499612
1687737327,500716
1687737327,533332
1687737327,533720
1687737327,539470
1687737327,542783
1687737327,544859
1687737327,547124
1687737327,571917
1687737327,578652
1687737327,588426
1687737327,599758
1687737327,602383
1687737327,606192
1687737327,607127
1687737327,614016
1687737327,618205
1687737327,626336
1687737327,627750
1687737327,630963
1687737327,631376
1687737327,631559
1687737327,642657
1687737327,647978
1687737327,649211
1687737327,654837
1687737327,658582
1687737327,660426
1687737327,661809
1687737327,671076
1687737327,672166
1687737328,314472
1687737328,327774
1687737328,328353
1687737328,331895
1687737328,335365
1687737328,346546
1687737328,349129
1687737328,351222
1687737328,360110
1687737328,371159
1687737328,381963
1687737328,385813
1687737328,395652
1687737328,395845
1687737328,411555
1687737328,424770
1687737328,435677
1687737328,437204
1687737328,437443
1687737328,449745
1687737328,450625
1687737328,461955
1687737328,468386
1687737328,475265
1687737328,498603
1687737328,514542
1687737328,515347
1687737328,526969
1687737328,540176
1687737328,550153
1687737328,564520
1687737328,568864
1687737328,571507
1687737328,579179
1687737328,579276
1687737328,583364
1687737328,597308
1687737328,598216
1687737328,602082
1687737328,614721
1687737328,617857
1687737328,624070
1687737328,628101
1687737328,642064
1687737328,654661
1687737328,655229
1687737328,664727
1687737329,311340
1687737329,316784
1687737329,326988
1687737329,333723
1687737329,335773
1687737329,338885
1687737329,343287
1687737329,352309
1687737329,352613
1687737329,356482
1687737329,371209
1687737329,376285
1687737329,387553
1687737329,389028
1687737329,401285
1687737329,402656
1687737329,405967
1687737329,418407
1687737329,423978
1687737329,460974
1687737329,471719
1687737329,480844
1687737329,496457
1687737329,498312
1687737329,501369
1687737329,501989
1687737329,518556
1687737329,524518
1687737329,528086
1687737329,531143
1687737329,552606
1687737329,560564
1687737329,573367
1687737329,577338
1687737329,587024
1687737329,593706
1687737329,597671
1687737329,604428
1687737329,610005
1687737329,617779
1687737329,618689
1687737329,619138
1687737329,621014
1687737329,629927
1687737329,635468
1687737329,635525
1687737329,637244
1687737329,645903
1687737329,651265
1687737329,655278
1687737329,659110
1687737329,663721
1687737329,670951
1687737329,671250
1687737330,315514
1687737330,316039
1687737330,319253
1687737330,327100
1687737330,331901
1687737330,337475
1687737330,343194
1687737330,343572
1687737330,348454
1687737330,359813
1687737330,360822
1687737330,362061
1687737330,362540
1687737330,364350
1687737330,374442
1687737330,384471
1687737330,384536
1687737330,387189
1687737330,395929
1687737330,396752
1687737330,397608
1687737330,451573
1687737330,453514
1687737330,456986
1687737330,463383
1687737330,465962
1687737330,466488
1687737330,475992
1687737330,491055
1687737330,493727
1687737330,508761
1687737330,512297
1687737330,547669
1687737330,553366
1687737330,554188
1687737330,556897
1687737330,563201
1687737330,569072
1687737330,593229
1687737330,594338
1687737330,596033
1687737330,603234
1687737330,603669
1687737330,611525
1687737330,630900
1687737330,639051
1687737330,639750
1687737330,641091
1687737330,643667
1687737330,650864
1687737330,661485
1687737330,671996
1687737331,310232
1687737331,329972
1687737331,330627
1687737331,341830
1687737331,351573
1687737331,358082
1687737331,362006
1687737331,368481
1687737331,376445
1687737331,384364
1687737331,385873
1687737331,409866
1687737331,418629
1687737331,425225
1687737331,428952
1687737331,445691
1687737331,445780
1687737331,457313
1687737331,457824
1687737331,489742
1687737331,503247
1687737331,508307
1687737331,517217
1687737331,520835
1687737331,542822
1687737331,551817
1687737331,555915
1687737331,557198
1687737331,587650
1687737331,595121
1687737331,606044
1687737331,608605
1687737331,609659
1687737331,615840
1687737331,622233
1687737331,625072
1687737331,629741
1687737331,639194
1687737331,639840
1687737331,642230
1687737331,651836
1687737331,657989
1687737331,661020
1687737332,313936
1687737332,314204
1687737332,322184
1687737332,325513
1687737332,331910
1687737332,333616
1687737332,335406
1687737332,335546
1687737332,340533
1687737332,343764
1687737332,347907
1687737332,348508
1687737332,348847
1687737332,352245
1687737332,358558
1687737332,370183
1687737332,371233
1687737332,372269
1687737332,380771
1687737332,381564
1687737332,388793
1687737332,407966
1687737332,418446
1687737332,427155
1687737332,441487
1687737332,446004
1687737332,465527
1687737332,475535
1687737332,476327
1687737332,476667
1687737332,483881
1687737332,513607
1687737332,522561
1687737332,532152
1687737332,534294
1687737332,544934
1687737332,550621
1687737332,569815
1687737332,570160
1687737332,573250
1687737332,581435
1687737332,582962
1687737332,584596
1687737332,601520
1687737332,622604
1687737332,626378
1687737332,640085
1687737332,640533
1687737332,642723
1687737332,656821
1687737332,660213
1687737332,673641
1687737333,324065
1687737333,334057
1687737333,334240
1687737333,341818
1687737333,351215
1687737333,362315
1687737333,371658
1687737333,375336
1687737333,379501
1687737333,384102
1687737333,406390
1687737333,410582
1687737333,413438
1687737333,428236
1687737333,438281
1687737333,461173
1687737333,475293
1687737333,475768
1687737333,482785
1687737333,498821
1687737333,502632
1687737333,508219
1687737333,518544
1687737333,529993
1687737333,539759
1687737333,556673
1687737333,570932
1687737333,575247
1687737333,581913
1687737333,584931
1687737333,587073
1687737333,607281
1687737333,611340
1687737333,612742
1687737333,617030
1687737333,628623
1687737333,628964
1687737333,629423
1687737333,631900
1687737333,638702
1687737333,643089
1687737333,647186
1687737333,647478
1687737333,647632
1687737333,652692
1687737333,671169
1687737334,312253
1687737334,316483
1687737334,332617
1687737334,337893
1687737334,344518
1687737334,351936
1687737334,352816
1687737334,355016
1687737334,358847
1687737334,361829
1687737334,379866
1687737334,386738
1687737334,391641
1687737334,394855
1687737334,395743
1687737334,402038
1687737334,402423
1687737334,403005
1687737334,424186
1687737334,433631
1687737334,441791
1687737334,450954
1687737334,473288
1687737334,476535
1687737334,481157
1687737334,501409
1687737334,505212
1687737334,516541
1687737334,546927
1687737334,556399
1687737334,566343
1687737334,569075
1687737334,575211
1687737334,577597
1687737334,581178
1687737334,587162
1687737334,598418
1687737334,605964
1687737334,625391
1687737334,637099
1687737334,638564
1687737334,641307
1687737334,651435
1687737334,656619
1687737334,667422
1687737334,670173
1687737335,325161
1687737335,325456
1687737335,328820
1687737335,332627
1687737335,337354
1687737335,340146
1687737335,342664
1687737335,343861
1687737335,345404
1687737335,358122
1687737335,362484
1687737335,377656
1687737335,382947
1687737335,385555
1687737335,392272
1687737335,395495
1687737335,404212
1687737335,430143
1687737335,437238
1687737335,456052
1687737335,459194
1687737335,463378
1687737335,484520
1687737335,487580
1687737335,492699
1687737335,501836
1687737335,505457
1687737335,506218
1687737335,515622
1687737335,536905
1687737335,544278
1687737335,544515
1687737335,550030
1687737335,566222
1687737335,568812
1687737335,574702
1687737335,581991
1687737335,582243
1687737335,600666
1687737335,606980
1687737335,607345
1687737335,615067
1687737335,616050
1687737335,630144
1687737335,630164
1687737335,632510
1687737335,633776
1687737335,639254
1687737335,648327
1687737335,649881
1687737335,656191
1687737335,659224
1687737335,664935
1687737335,672266
1687737335,673295
1687737336,329827
1687737336,334305
1687737336,335793
1687737336,337956
1687737336,350486
1687737336,350934
1687737336,352150
1687737336,353336
1687737336,366577
1687737336,372084
1687737336,384579
1687737336,392646
1687737336,410137
1687737336,412865
1687737336,413866
1687737336,417596
1687737336,421623
1687737336,438234
1687737336,474892
1687737336,477523
1687737336,480319
1687737336,491981
1687737336,501078
1687737336,505342
1687737336,518389
1687737336,521578
1687737336,524095
1687737336,524134
1687737336,525716
1687737336,573324
1687737336,585518
1687737336,586460
1687737336,591674
1687737336,600581
1687737336,607387
1687737336,608330
1687737336,615661
1687737336,635524
1687737336,636086
1687737336,639068
1687737336,640159
1687737336,651046
1687737336,658641
1687737336,658819
1687737336,660333
1687737336,664302
1687737337,309669
1687737337,316056
1687737337,325332
1687737337,326229
1687737337,326273
1687737337,331328
1687737337,332716
1687737337,333685
1687737337,333722
1687737337,340018
1687737337,344946
1687737337,347421
1687737337,353429
1687737337,359397
1687737337,362777
1687737337,365107
1687737337,369621
1687737337,385083
1687737337,388502
1687737337,395726
1687737337,401337
1687737337,411929
1687737337,435579
1687737337,446474
1687737337,453383
1687737337,454830
1687737337,482824
1687737337,488021
1687737337,490265
1687737337,492917
1687737337,494476
1687737337,495095
1687737337,520681
1687737337,544114
1687737337,550567
1687737337,561754
1687737337,571906
1687737337,576298
1687737337,580341
1687737337,580451
1687737337,581932
1687737337,585082
1687737337,612894
1687737337,617583
1687737337,620921
1687737337,636148
1687737337,645986
1687737337,646352
1687737337,648334
1687737337,671512
1687737337,671906
1687737338,321063
1687737338,326929
1687737338,332046
1687737338,334098
1687737338,334181
1687737338,341851
1687737338,348805
1687737338,349328
1687737338,359575
1687737338,362850
1687737338,388317
1687737338,389071
1687737338,389335
1687737338,391769
1687737338,394416
1687737338,404031
1687737338,443319
1687737338,443546
1687737338,453465
1687737338,479402
1687737338,495963
1687737338,496674
1687737338,497200
1687737338,498320
1687737338,535098
1687737338,535625
1687737338,546591
1687737338,550060
1687737338,562676
1687737338,571676
1687737338,584650
1687737338,613213
1687737338,619650
1687737338,633558
1687737338,635791
1687737338,638145
1687737338,640749
1687737338,641133
1687737338,642050
1687737338,642171
1687737338,644581
1687737338,653374
1687737338,661247
1687737338,670599
1687737339,308886
1687737339,312249
1687737339,324857
1687737339,329853
1687737339,334746
1687737339,335430
1687737339,335434
1687737339,342046
1687737339,343004
1687737339,343688
1687737339,360350
1687737339,376422
1687737339,379818
1687737339,388116
1687737339,406215
1687737339,407100
1687737339,408429
1687737339,412749
1687737339,418601
1687737339,428623
1687737339,429724
1687737339,448954
1687737339,471076
1687737339,471603
1687737339,481692
1687737339,495236
1687737339,509554
1687737339,514695
1687737339,520486
1687737339,522600
1687737339,535643
1687737339,560554
1687737339,569880
1687737339,572831
1687737339,584988
1687737339,588584
1687737339,593750
1687737339,596730
1687737339,609162
1687737339,613642
1687737339,631330
1687737339,633119
1687737339,636360
1687737339,645049
1687737339,648701
1687737339,661095
1687737339,661448
1687737339,663953
1687737340,316456
1687737340,325097
1687737340,329342
1687737340,336633
1687737340,337142
1687737340,342851
1687737340,350663
1687737340,350749
1687737340,351045
1687737340,356354
1687737340,368903
1687737340,372203
1687737340,373691
1687737340,378353
1687737340,378968
1687737340,381512
1687737340,387703
1687737340,403560
1687737340,425033
1687737340,447131
1687737340,467166
1687737340,469945
1687737340,471662
1687737340,477769
1687737340,487345
1687737340,496499
1687737340,510175
1687737340,534256
1687737340,535738
1687737340,554027
1687737340,555589
1687737340,570765
1687737340,572862
1687737340,574482
1687737340,575216
1687737340,576920
1687737340,577173
1687737340,589587
1687737340,617637
1687737340,618201
1687737340,620154
1687737340,623388
1687737340,629896
1687737340,631103
1687737340,633562
1687737340,633704
1687737340,643079
1687737340,646364
1687737340,651386
1687737340,654688
1687737340,656812
1687737340,659549
1687737340,664464
1687737340,667106
1687737340,667956
1687737340,672582
1687737341,308446
1687737341,316711
1687737341,319489
1687737341,324069
1687737341,327391
1687737341,333540
1687737341,334755
1687737341,334918
1687737341,335176
1687737341,336578
1687737341,343985
1687737341,364072
1687737341,369696
1687737341,372258
1687737341,391957
1687737341,394540
1687737341,394734
1687737341,396671
1687737341,398022
1687737341,398094
1687737341,402305
1687737341,403950
1687737341,408448
1687737341,431093
1687737341,431647
1687737341,467311
1687737341,487604
1687737341,497049
1687737341,498181
1687737341,498818
1687737341,499407
1687737341,505528
1687737341,509983
1687737341,511672
1687737341,534955
1687737341,547903
1687737341,573212
1687737341,583023
1687737341,583206
1687737341,584785
1687737341,589376
1687737341,608715
1687737341,608839
1687737341,630248
1687737341,633257
1687737341,640502
1687737341,641293
1687737341,650437
1687737342,322737
1687737342,326522
1687737342,332575
1687737342,337708
1687737342,338664
1687737342,339763
1687737342,346752
1687737342,384130
1687737342,387239
1687737342,390061
1687737342,391939
1687737342,392303
1687737342,397158
1687737342,399067
1687737342,443548
1687737342,448010
1687737342,475715
1687737342,477463
1687737342,492346
1687737342,494440
1687737342,510060
1687737342,510745
1687737342,528906
1687737342,553379
1687737342,563028
1687737342,563806
1687737342,569006
1687737342,585158
1687737342,593969
1687737342,594345
1687737342,598115
1687737342,605382
1687737342,608528
1687737342,615396
1687737342,623634
1687737342,627276
1687737342,637594
1687737342,639448
1687737342,644579
1687737342,646398
1687737342,654564
1687737342,662499
1687737342,667843
1687737343,310618
1687737343,312561
1687737343,318545
1687737343,324828
1687737343,331176
1687737343,332363
1687737343,333001
1687737343,333185
1687737343,343887
1687737343,353448
1687737343,353649
1687737343,357109
1687737343,359892
1687737343,360971
1687737343,364440
1687737343,367056
1687737343,368372
1687737343,377989
1687737343,385779
1687737343,390649
1687737343,394885
1687737343,404225
1687737343,415318
1687737343,421910
1687737343,424428
1687737343,436958
1687737343,450363
1687737343,453804
1687737343,454632
1687737343,471274
1687737343,485348
1687737343,499090
1687737343,501483
1687737343,507173
1687737343,526190
1687737343,550194
1687737343,554151
1687737343,555497
1687737343,570176
1687737343,577272
1687737343,588602
1687737343,589213
1687737343,591359
1687737343,604156
1687737343,615515
1687737343,625051
1687737343,625690
1687737343,630630
1687737343,630917
1687737343,639873
1687737343,641459
1687737343,642467
1687737343,644350
1687737343,646013
1687737343,659878
1687737343,666586
1687737343,669384
1687737344,322824
1687737344,327775
1687737344,337607
1687737344,340989
1687737344,343236
1687737344,352234
1687737344,356640
1687737344,357492
1687737344,365331
1687737344,375652
1687737344,376033
1687737344,384248
1687737344,384358
1687737344,390004
1687737344,410732
1687737344,414228
1687737344,415970
1687737344,456889
1687737344,463103
1687737344,464581
1687737344,477798
1687737344,478155
1687737344,481986
1687737344,485269
1687737344,488548
1687737344,517334
1687737344,525533
1687737344,528980
1687737344,548758
1687737344,564989
1687737344,568545
1687737344,572959
1687737344,584579
1687737344,586414
1687737344,587109
1687737344,592446
1687737344,596397
1687737344,602115
1687737344,613201
1687737344,615673
1687737344,621020
1687737344,627818
1687737344,638128
1687737344,642021
1687737344,645254
1687737344,645982
1687737344,648668
1687737344,652681
1687737344,657574
1687737344,658597
1687737344,661724
1687737344,672336
1687737345,313678
1687737345,314036
1687737345,332888
1687737345,337120
1687737345,337131
1687737345,338695
1687737345,343997
1687737345,351649
1687737345,361236
1687737345,371339
1687737345,382927
1687737345,396246
1687737345,406251
1687737345,412034
1687737345,419786
1687737345,446136
1687737345,449823
1687737345,458769
1687737345,474478
1687737345,477053
1687737345,487291
1687737345,488244
1687737345,501908
1687737345,504095
1687737345,517058
1687737345,517677
1687737345,526011
1687737345,552330
1687737345,559771
1687737345,567000
1687737345,568416
1687737345,580457
1687737345,581792
1687737345,589160
1687737345,591123
1687737345,599072
1687737345,599562
1687737345,604542
1687737345,612333
1687737345,616522
1687737345,619037
1687737345,630551
1687737345,633934
1687737345,634082
1687737345,642140
1687737345,642489
1687737345,647552
1687737345,668635
1687737345,673558
1687737346,313311
1687737346,318334
1687737346,331850
1687737346,332688
1687737346,333700
1687737346,336593
1687737346,340848
1687737346,340889
1687737346,344029
1687737346,346002
1687737346,349031
1687737346,350788
1687737346,353973
1687737346,362840
1687737346,376488
1687737346,384281
1687737346,389139
1687737346,404095
1687737346,415160
1687737346,416117
1687737346,428975
1687737346,429221
1687737346,433407
1687737346,435456
1687737346,441750
1687737346,460538
1687737346,483018
1687737346,501189
1687737346,506313
1687737346,515178
1687737346,528308
1687737346,539100
1687737346,539644
1687737346,544376
1687737346,564484
1687737346,573271
1687737346,585457
1687737346,600329
1687737346,601211
1687737346,604496
1687737346,607103
1687737346,615001
1687737346,620179
1687737346,631360
1687737346,635993
1687737346,641335
1687737346,646012
1687737346,654934
1687737346,667278
1687737346,670072
1687737347,316073
1687737347,331942
1687737347,338065
1687737347,343187
1687737347,345890
1687737347,355983
1687737347,357412
1687737347,358345
1687737347,359408
1687737347,361765
1687737347,362028
1687737347,366786
1687737347,379861
1687737347,388165
1687737347,397522
1687737347,398211
1687737347,430809
1687737347,434049
1687737347,434631
1687737347,446291
1687737347,446661
1687737347,468110
1687737347,472721
1687737347,477054
1687737347,497355
1687737347,500837
1687737347,502834
1687737347,531804
1687737347,537336
1687737347,542644
1687737347,542948
1687737347,544942
1687737347,548570
1687737347,570222
1687737347,576361
1687737347,589902
1687737347,600792
1687737347,601283
1687737347,606142
1687737347,606864
1687737347,616743
1687737347,627693
1687737347,628709
1687737347,630589
1687737347,631015
1687737347,633234
1687737347,643403
1687737347,648134
1687737347,655285
1687737347,657692
1687737347,659959
1687737347,662683
1687737347,670878
1687737347,672284
1687737348,314697
1687737348,326890
1687737348,327936
1687737348,331957
1687737348,348027
1687737348,350255
1687737348,351267
1687737348,351380
1687737348,358545
1687737348,383086
1687737348,384020
1687737348,397954
1687737348,413500
1687737348,422698
1687737348,435168
1687737348,439226
1687737348,447809
1687737348,452927
1687737348,464080
1687737348,466289
1687737348,473296
1687737348,500512
1687737348,517585
1687737348,525108
1687737348,542197
1687737348,551884
1687737348,566058
1687737348,566767
1687737348,569868
1687737348,571769
1687737348,580691
1687737348,584089
1687737348,595256
1687737348,599171
1687737348,600539
1687737348,619046
1687737348,625377
1687737348,626506
1687737348,634896
1687737348,641246
1687737348,647135
1687737348,654252
1687737348,656496
1687737348,663766
1687737348,664232
1687737349,311858
1687737349,316381
1687737349,326249
1687737349,333431
1687737349,336401
1687737349,339202
1687737349,343014
1687737349,351800
1687737349,353165
1687737349,358124
1687737349,372183
1687737349,374956
1687737349,387396
1687737349,389436
1687737349,396788
1687737349,397778
1687737349,399451
1687737349,401165
1687737349,408008
1687737349,416466
1687737349,422156
1687737349,458720
1687737349,473976
1687737349,478856
1687737349,496084
1687737349,500192
1687737349,503492
1687737349,516699
1687737349,516922
1687737349,522224
1687737349,529593
1687737349,532630
1687737349,550862
1687737349,558646
1687737349,567586
1687737349,579198
1687737349,588551
1687737349,591898
1687737349,598747
1687737349,610723
1687737349,611431
1687737349,616979
1687737349,617668
1687737349,619353
1687737349,620002
1687737349,630927
1687737349,638019
1687737349,649981
1687737349,651780
1687737349,655295
1687737349,658434
1687737349,671329
1687737349,671346
1687737350,315886
1687737350,316358
1687737350,318643
1687737350,327033
1687737350,332195
1687737350,336863
1687737350,337987
1687737350,342334
1687737350,344103
1687737350,348992
1687737350,355166
1687737350,361387
1687737350,361501
1687737350,363806
1687737350,363874
1687737350,367465
1687737350,373128
1687737350,382856
1687737350,385289
1687737350,399022
1687737350,399859
1687737350,451439
1687737350,453646
1687737350,458924
1687737350,460719
1687737350,461350
1687737350,464680
1687737350,467996
1687737350,474176
1687737350,491292
1687737350,493104
1687737350,499535
1687737350,510869
1687737350,514409
1687737350,549202
1687737350,550978
1687737350,552127
1687737350,555528
1687737350,558873
1687737350,562894
1687737350,564827
1687737350,582396
1687737350,596002
1687737350,597042
1687737350,604261
1687737350,609324
1687737350,631155
1687737350,637967
1687737350,638924
1687737350,642253
1687737350,642334
1687737350,662604
1687737350,671780
1687737350,673692
1687737351,310333
1687737351,320717
1687737351,329989
1687737351,330903
1687737351,334849
1687737351,343058
1687737351,350903
1687737351,352966
1687737351,358781
1687737351,363335
1687737351,385739
1687737351,397985
1687737351,408199
1687737351,417086
1687737351,430715
1687737351,443445
1687737351,447746
1687737351,455519
1687737351,459424
1687737351,484770
1687737351,491921
1687737351,505384
1687737351,506667
1687737351,515042
1687737351,517817
1687737351,518651
1687737351,520654
1687737351,544363
1687737351,549480
1687737351,557863
1687737351,589214
1687737351,593487
1687737351,594886
1687737351,602612
1687737351,606642
1687737351,608633
1687737351,614255
1687737351,620286
1687737351,626071
1687737351,630938
1687737351,638762
1687737351,639171
1687737351,642266
1687737351,648434
1687737351,651655
1687737351,658694
1687737351,660284
1687737351,664031
1687737352,313635
1687737352,313989
1687737352,322646
1687737352,325250
1687737352,332725
1687737352,334151
1687737352,334886
1687737352,335915
1687737352,340584
1687737352,343209
1687737352,344242
1687737352,346706
1687737352,348527
1687737352,353265
1687737352,357010
1687737352,371340
1687737352,372932
1687737352,373830
1687737352,379252
1687737352,380185
1687737352,403563
1687737352,405950
1687737352,412712
1687737352,421010
1687737352,425416
1687737352,439453
1687737352,448297
1687737352,467735
1687737352,473417
1687737352,474574
1687737352,478469
1687737352,486021
1687737352,515079
1687737352,532473
1687737352,534418
1687737352,543039
1687737352,552522
1687737352,571202
1687737352,571483
1687737352,572095
1687737352,573416
1687737352,579495
1687737352,584694
1687737352,585886
1687737352,624060
1687737352,624124
1687737352,627122
1687737352,638984
1687737352,641216
1687737352,643955
1687737352,656737
1687737352,661268
1687737353,311212
1687737353,329525
1687737353,330723
1687737353,333612
1687737353,334375
1687737353,340858
1687737353,351938
1687737353,361237
1687737353,372464
1687737353,377029
1687737353,381353
1687737353,383010
1687737353,395012
1687737353,405094
1687737353,411599
1687737353,431476
1687737353,436382
1687737353,463345
1687737353,473111
1687737353,477707
1687737353,486440
1687737353,500472
1687737353,503890
1687737353,509901
1687737353,510490
1687737353,516745
1687737353,532153
1687737353,533380
1687737353,572764
1687737353,573806
1687737353,579893
1687737353,586210
1687737353,599780
1687737353,605540
1687737353,611129
1687737353,612080
1687737353,618162
1687737353,627897
1687737353,630133
1687737353,630244
1687737353,630571
1687737353,638188
1687737353,638395
1687737353,641646
1687737353,647164
1687737353,648391
1687737353,648812
1687737353,651896
1687737353,668247
1687737353,670707
1687737354,312146
1687737354,316703
1687737354,332404
1687737354,333111
1687737354,335163
1687737354,338772
1687737354,343392
1687737354,351647
1687737354,351877
1687737354,355979
1687737354,360420
1687737354,362532
1687737354,381652
1687737354,385119
1687737354,393591
1687737354,400462
1687737354,404770
1687737354,408306
1687737354,417400
1687737354,422392
1687737354,443722
1687737354,450768
1687737354,453244
1687737354,471197
1687737354,474772
1687737354,479040
1687737354,486841
1687737354,495565
1687737354,496441
1687737354,507326
1687737354,514717
1687737354,548983
1687737354,558243
1687737354,564551
1687737354,566845
1687737354,572545
1687737354,579190
1687737354,582484
1687737354,588479
1687737354,597113
1687737354,607530
1687737354,617905
1687737354,626465
1687737354,629296
1687737354,635353
1687737354,637845
1687737354,642861
1687737354,650814
1687737354,655592
1687737354,666911
1687737354,670812
1687737355,315740
1687737355,319476
1687737355,323381
1687737355,324731
1687737355,325981
1687737355,328661
1687737355,340965
1687737355,342186
1687737355,342245
1687737355,343059
1687737355,345805
1687737355,363251
1687737355,376306
1687737355,381500
1687737355,383748
1687737355,393950
1687737355,394020
1687737355,394176
1687737355,402509
1687737355,428239
1687737355,439337
1687737355,456662
1687737355,458039
1687737355,461278
1687737355,474010
1687737355,489408
1687737355,490680
1687737355,503135
1687737355,504315
1687737355,507601
1687737355,509137
1687737355,534975
1687737355,545800
1687737355,552173
1687737355,566653
1687737355,567566
1687737355,580542
1687737355,588286
1687737355,602142
1687737355,605324
1687737355,607971
1687737355,616848
1687737355,628397
1687737355,631580
1687737355,633979
1687737355,634747
1687737355,639260
1687737355,647799
1687737355,648814
1687737355,657139
1687737355,658894
1687737355,672064
1687737355,673051
1687737356,315706
1687737356,329551
1687737356,334632
1687737356,335900
1687737356,338364
1687737356,349661
1687737356,352007
1687737356,357727
1687737356,365248
1687737356,372280
1687737356,373482
1687737356,385227
1687737356,386408
1687737356,412038
1687737356,412506
1687737356,415305
1687737356,419606
1687737356,419847
1687737356,436393
1687737356,452154
1687737356,473321
1687737356,479879
1687737356,482556
1687737356,494226
1687737356,503518
1687737356,520644
1687737356,522237
1687737356,523641
1687737356,523702
1687737356,526188
1687737356,533744
1687737356,548703
1687737356,571538
1687737356,586947
1687737356,588217
1687737356,588365
1687737356,589527
1687737356,601533
1687737356,606429
1687737356,609254
1687737356,612762
1687737356,616937
1687737356,623879
1687737356,634060
1687737356,635640
1687737356,639397
1687737356,639870
1687737356,651455
1687737356,657968
1687737356,659943
1687737356,660743
1687737356,664288
1687737357,309684
1687737357,325038
1687737357,326726
1687737357,326983
1687737357,331421
1687737357,333091
1687737357,333842
1687737357,339018
1687737357,344710
1687737357,348648
1687737357,354440
1687737357,358406
1687737357,361277
1687737357,363763
1687737357,377312
1687737357,383613
1687737357,387824
1687737357,390550
1687737357,397727
1687737357,403115
1687737357,414124
1687737357,433417
1687737357,444184
1687737357,455454
1687737357,480785
1687737357,485742
1687737357,487841
1687737357,494818
1687737357,496198
1687737357,522975
1687737357,530522
1687737357,542571
1687737357,559678
1687737357,573322
1687737357,574517
1687737357,580173
1687737357,581909
1687737357,582080
1687737357,583607
1687737357,602949
1687737357,603478
1687737357,610212
1687737357,614009
1687737357,621771
1687737357,637041
1687737357,645223
1687737357,647149
1687737357,647453
1687737357,655671
1687737357,671835
1687737357,672185
1687737358,326751
1687737358,330172
1687737358,331108
1687737358,334686
1687737358,334741
1687737358,342475
1687737358,349264
1687737358,360304
1687737358,361576
1687737358,375002
1687737358,375267
1687737358,387289
1687737358,390171
1687737358,390197
1687737358,396232
1687737358,402210
1687737358,427235
1687737358,441307
1687737358,445318
1687737358,455582
1687737358,477554
1687737358,490368
1687737358,495561
1687737358,496602
1687737358,498183
1687737358,498745
1687737358,518834
1687737358,544438
1687737358,551772
1687737358,562510
1687737358,564640
1687737358,573090
1687737358,575387
1687737358,583783
1687737358,586161
1687737358,611524
1687737358,618679
1687737358,620462
1687737358,629031
1687737358,633008
1687737358,635400
1687737358,638902
1687737358,639744
1687737358,640014
1687737358,643511
1687737358,645789
1687737358,653380
1687737358,662107
1687737358,670243
1687737359,308885
1687737359,312346
1687737359,324451
1687737359,333323
1687737359,334424
1687737359,334609
1687737359,335192
1687737359,342057
1687737359,343186
1687737359,343738
1687737359,360911
1687737359,378635
1687737359,387454
1687737359,389720
1687737359,404334
1687737359,404950
1687737359,406666
1687737359,416812
1687737359,430699
1687737359,431740
1687737359,468986
1687737359,473830
1687737359,479616
1687737359,489514
1687737359,497458
1687737359,507787
1687737359,512937
1687737359,524228
1687737359,537964
1687737359,570721
1687737359,571438
1687737359,573553
1687737359,586402
1687737359,586643
1687737359,594811
1687737359,598202
1687737359,607238
1687737359,612068
1687737359,626373
1687737359,632648
1687737359,637224
1687737359,647852
1687737359,660778
1687737359,662234
1687737359,663619
1687737360,327836
1687737360,328899
1687737360,337256
1687737360,337341
1687737360,341981
1687737360,351598
1687737360,351761
1687737360,355514
1687737360,370818
1687737360,372515
1687737360,373072
1687737360,376682
1687737360,380049
1687737360,383341
1687737360,385840
1687737360,396769
1687737360,427505
1687737360,449393
1687737360,465242
1687737360,467747
1687737360,473677
1687737360,475687
1687737360,498122
1687737360,532228
1687737360,537335
1687737360,537910
1687737360,553840
1687737360,556048
1687737360,572162
1687737360,574230
1687737360,575955
1687737360,579212
1687737360,618820
1687737360,618992
1687737360,621404
1687737360,622510
1687737360,629306
1687737360,629642
1687737360,633682
1687737360,634718
1687737360,642507
1687737360,651091
1687737360,653587
1687737360,659095
1687737360,666687
1687737360,672625
1687737361,308307
1687737361,317196
1687737361,319027
1687737361,324389
1687737361,326748
1687737361,333465
1687737361,334080
1687737361,334497
1687737361,337022
1687737361,343262
1687737361,349356
1687737361,351968
1687737361,360592
1687737361,365754
1687737361,370551
1687737361,373964
1687737361,392849
1687737361,394040
1687737361,394876
1687737361,396427
1687737361,399196
1687737361,400415
1687737361,402333
1687737361,404149
1687737361,406568
1687737361,429028
1687737361,429142
1687737361,484881
1687737361,485841
1687737361,494766
1687737361,496547
1687737361,500972
1687737361,501664
1687737361,503631
1687737361,508066
1687737361,509941
1687737361,512189
1687737361,532995
1687737361,549533
1687737361,571468
1687737361,578843
1687737361,581294
1687737361,581585
1687737361,583390
1687737361,590824
1687737361,606661
1687737361,606669
1687737361,616098
1687737361,632058
1687737361,640501
1687737361,641255
1687737361,647639
1687737361,651593
1687737361,655465
1687737362,323494
1687737362,326245
1687737362,338305
1687737362,346395
1687737362,357092
1687737362,385690
1687737362,388609
1687737362,394312
1687737362,400780
1687737362,445594
1687737362,450132
1687737362,475540
1687737362,478034
1687737362,492447
1687737362,493931
1687737362,497067
1687737362,512297
1687737362,512833
1687737362,527295
1687737362,555421
1687737362,560882
1687737362,565352
1687737362,570522
1687737362,585393
1687737362,586677
1687737362,592437
1687737362,592451
1687737362,599135
1687737362,606024
1687737362,624589
1687737362,625419
1687737362,638808
1687737362,644226
1687737362,645201
1687737362,660467
1687737362,668386
1687737363,310441
1687737363,312465
1687737363,318836
1687737363,325462
1687737363,330405
1687737363,332565
1687737363,332992
1687737363,333809
1687737363,344106
1687737363,351988
1687737363,352974
1687737363,360674
1687737363,361560
1687737363,363371
1687737363,365915
1687737363,366904
1687737363,385466
1687737363,387144
1687737363,392644
1687737363,396922
1687737363,402458
1687737363,413442
1687737363,419861
1687737363,426468
1687737363,435104
1687737363,448203
1687737363,451402
1687737363,452109
1687737363,469184
1687737363,487626
1687737363,503773
1687737363,505470
1687737363,524232
1687737363,527471
1687737363,548103
1687737363,553423
1687737363,554243
1687737363,556263
1687737363,558174
1687737363,561476
1687737363,590046
1687737363,590513
1687737363,590535
1687737363,605335
1687737363,613762
1687737363,616069
1687737363,630120
1687737363,632294
1687737363,638859
1687737363,642191
1687737363,645068
1687737363,666245
1687737363,669127
1687737364,323478
1687737364,327717
1687737364,332565
1687737364,338272
1687737364,339729
1687737364,342416
1687737364,352939
1687737364,358079
1687737364,358599
1687737364,370550
1687737364,377579
1687737364,382446
1687737364,382855
1687737364,391172
1687737364,391682
1687737364,398789
1687737364,400367
1687737364,408741
1687737364,416279
1687737364,418312
1687737364,447753
1687737364,458994
1687737364,466588
1687737364,475552
1687737364,476076
1687737364,483660
1687737364,487469
1687737364,490320
1687737364,497310
1687737364,515667
1687737364,531440
1687737364,550386
1687737364,566741
1687737364,569952
1687737364,571281
1687737364,584247
1687737364,588737
1687737364,594457
1687737364,603498
1687737364,613065
1687737364,614200
1687737364,616429
1687737364,622417
1687737364,629077
1687737364,632282
1687737364,637590
1687737364,639550
1687737364,641144
1687737364,643835
1687737364,645944
1687737364,649307
1687737364,649686
1687737364,651977
1687737364,657105
1687737364,659648
1687737364,660762
1687737364,672290
1687737365,313737
1687737365,314083
1687737365,332873
1687737365,336046
1687737365,336438
1687737365,339088
1687737365,343003
1687737365,344118
1687737365,352335
1687737365,364062
1687737365,372407
1687737365,381362
1687737365,394482
1687737365,408758
1687737365,410285
1687737365,417990
1687737365,444327
1687737365,472356
1687737365,475052
1687737365,497631
1687737365,502513
1687737365,504144
1687737365,515289
1687737365,515856
1687737365,528345
1687737365,550407
1687737365,561138
1687737365,567710
1687737365,568852
1687737365,578316
1687737365,589467
1687737365,590532
1687737365,590629
1687737365,598003
1687737365,601114
1687737365,603136
1687737365,617679
1687737365,630253
1687737365,632371
1687737365,632499
1687737365,641492
1687737365,642090
1687737365,643261
1687737365,668666
1687737366,312830
1687737366,318951
1687737366,325861
1687737366,331635
1687737366,332433
1687737366,334758
1687737366,337235
1687737366,341854
1687737366,341862
1687737366,345298
1687737366,345587
1687737366,347640
1687737366,348883
1687737366,351883
1687737366,354376
1687737366,363855
1687737366,378295
1687737366,382666
1687737366,391051
1687737366,399497
1687737366,402460
1687737366,405318
1687737366,418047
1687737366,427117
1687737366,431167
1687737366,435720
1687737366,439487
1687737366,462644
1687737366,462828
1687737366,503362
1687737366,504308
1687737366,512149
1687737366,519999
1687737366,529857
1687737366,537082
1687737366,541269
1687737366,566378
1687737366,571347
1687737366,586809
1687737366,601404
1687737366,602113
1687737366,605182
1687737366,606035
1687737366,615977
1687737366,618753
1687737366,632427
1687737366,634681
1687737366,641585
1687737366,644180
1687737366,647002
1687737366,647369
1687737366,655501
1687737366,666785
1687737366,670573
1687737367,315714
1687737367,332020
1687737367,337593
1687737367,343690
1687737367,344830
1687737367,349531
1687737367,355975
1687737367,357222
1687737367,359520
1687737367,359648
1687737367,360502
1687737367,362452
1687737367,365286
1687737367,378380
1687737367,386555
1687737367,396415
1687737367,432425
1687737367,433358
1687737367,436667
1687737367,441244
1687737367,443967
1687737367,444477
1687737367,469913
1687737367,470484
1687737367,481217
1687737367,495105
1687737367,503024
1687737367,504976
1687737367,529836
1687737367,531643
1687737367,540784
1687737367,541074
1687737367,547092
1687737367,549991
1687737367,568541
1687737367,574070
1687737367,599182
1687737367,602783
1687737367,605129
1687737367,607476
1687737367,615286
1687737367,629062
1687737367,629661
1687737367,629794
1687737367,631038
1687737367,634471
1687737367,644093
1687737367,655651
1687737367,656723
1687737367,659449
1687737367,663532
1687737368,314921
1687737368,326051
1687737368,327575
1687737368,328644
1687737368,331983
1687737368,334906
1687737368,350449
1687737368,351357
1687737368,356982
1687737368,364441
1687737368,373456
1687737368,382211
1687737368,384241
1687737368,399676
1687737368,400072
1687737368,420702
1687737368,445819
1687737368,452589
1687737368,455219
1687737368,464182
1687737368,466222
1687737368,469424
1687737368,471302
1687737368,493802
1687737368,502364
1687737368,523252
1687737368,544230
1687737368,553645
1687737368,564706
1687737368,567542
1687737368,568272
1687737368,582083
1687737368,586146
1687737368,593193
1687737368,598977
1687737368,620247
1687737368,624854
1687737368,626729
1687737368,634224
1687737368,640415
1687737368,653819
1687737368,657757
1687737368,661955
1687737368,663704
1687737368,663777
1687737368,664579
1687737369,312388
1687737369,315990
1687737369,325546
1687737369,333137
1687737369,337077
1687737369,338340
1687737369,339515
1687737369,340325
1687737369,342802
1687737369,350957
1687737369,354027
1687737369,359830
1687737369,373162
1687737369,373609
1687737369,385797
1687737369,397595
1687737369,399823
1687737369,410108
1687737369,414535
1687737369,420295
1687737369,476269
1687737369,476882
1687737369,498382
1687737369,505604
1687737369,515282
1687737369,518896
1687737369,519941
1687737369,531078
1687737369,534110
1687737369,549118
1687737369,566103
1687737369,570153
1687737369,590044
1687737369,590055
1687737369,599764
1687737369,612198
1687737369,614045
1687737369,616120
1687737369,616626
1687737369,617721
1687737369,620822
1687737369,631860
1687737369,638756
1687737369,643201
1687737369,643614
1687737369,648331
1687737369,655290
1687737369,657711
1687737369,671614
1687737370,316278
1687737370,316690
1687737370,318063
1687737370,326987
1687737370,332487
1687737370,336394
1687737370,338549
1687737370,341502
1687737370,344669
1687737370,349591
1687737370,362177
1687737370,362986
1687737370,365236
1687737370,365604
1687737370,371822
1687737370,376413
1687737370,381166
1687737370,383435
1687737370,401311
1687737370,402186
1687737370,455681
1687737370,459281
1687737370,460862
1687737370,462847
1687737370,470003
1687737370,472361
1687737370,488850
1687737370,495126
1687737370,512972
1687737370,516504
1687737370,548628
1687737370,550056
1687737370,553849
1687737370,560832
1687737370,566477
1687737370,581070
1687737370,597660
1687737370,598054
1687737370,605229
1687737370,618321
1687737370,631403
1687737370,636871
1687737370,637648
1687737370,638100
1687737370,639134
1687737370,640799
1687737370,643610
1687737370,663709
1687737370,671572
1687737371,310471
1687737371,320412
1687737371,331259
1687737371,335642
1687737371,344297
1687737371,350269
1687737371,350285
1687737371,359490
1687737371,362350
1687737371,366404
1687737371,386152
1687737371,387148
1687737371,400052
1687737371,405250
1687737371,406587
1687737371,415567
1687737371,429266
1687737371,432465
1687737371,441125
1687737371,449802
1687737371,453206
1687737371,461542
1687737371,469949
1687737371,482232
1687737371,494092
1687737371,505049
1687737371,507546
1687737371,512893
1687737371,516469
1687737371,518720
1687737371,545887
1687737371,547167
1687737371,559791
1687737371,580202
1687737371,590744
1687737371,591844
1687737371,596532
1687737371,601535
1687737371,607248
1687737371,607608
1687737371,612619
1687737371,627039
1687737371,632164
1687737371,642257
1687737371,651421
1687737371,659389
1687737371,659520
1687737371,663754
1687737372,313376
1687737372,313799
1687737372,323126
1687737372,325051
1687737372,333560
1687737372,334287
1687737372,334669
1687737372,336447
1687737372,340692
1687737372,342659
1687737372,345514
1687737372,348220
1687737372,354255
1687737372,355466
1687737372,374644
1687737372,375463
1687737372,377789
1687737372,378820
1687737372,403979
1687737372,423696
1687737372,437428
1687737372,450534
1687737372,460900
1687737372,471277
1687737372,472482
1687737372,479669
1687737372,480610
1687737372,488143
1687737372,516526
1687737372,530639
1687737372,536674
1687737372,541156
1687737372,546813
1687737372,554398
1687737372,569686
1687737372,571899
1687737372,572608
1687737372,574003
1687737372,577530
1687737372,586372
1687737372,587186
1687737372,623592
1687737372,625614
1687737372,627831
1687737372,637877
1687737372,640157
1687737372,641865
1687737372,645157
1687737372,654514
1687737372,656608
1687737372,662285
1687737372,673705
1687737373,311139
1687737373,328685
1687737373,331719
1687737373,333052
1687737373,334718
1687737373,339920
1687737373,352655
1687737373,360157
1687737373,372551
1687737373,373328
1687737373,378773
1687737373,381924
1687737373,393165
1687737373,403838
1687737373,409823
1687737373,414818
1687737373,434486
1687737373,465571
1687737373,470918
1687737373,484684
1687737373,498276
1687737373,505912
1687737373,505959
1687737373,511558
1687737373,514927
1687737373,534293
1687737373,534970
1687737373,574594
1687737373,577857
1687737373,587470
1687737373,601518
1687737373,603772
1687737373,609492
1687737373,612844
1687737373,619267
1687737373,627129
1687737373,631027
1687737373,631304
1687737373,638076
1687737373,642831
1687737373,646837
1687737373,649594
1687737373,649973
1687737373,651083
1687737373,668434
1687737373,670206
1687737374,312043
1687737374,316933
1687737374,332228
1687737374,333646
1687737374,335605
1687737374,339734
1687737374,342282
1687737374,351001
1687737374,351406
1687737374,356959
1687737374,362044
1687737374,363248
1687737374,383436
1687737374,383482
1687737374,395589
1687737374,398507
1687737374,398645
1687737374,406563
1687737374,410135
1687737374,420587
1687737374,429343
1687737374,445627
1687737374,455500
1687737374,469096
1687737374,472977
1687737374,476888
1687737374,486970
1687737374,489196
1687737374,497194
1687737374,509447
1687737374,512838
1687737374,551027
1687737374,560075
1687737374,562714
1687737374,564630
1687737374,570365
1687737374,572377
1687737374,572705
1687737374,580809
1687737374,583795
1687737374,589782
1687737374,591303
1687737374,595765
1687737374,598054
1687737374,609075
1687737374,618595
1687737374,627555
1687737374,629058
1687737374,639294
1687737374,650161
1687737374,654526
1687737374,658529
1687737374,666357
1687737374,671400
1687737375,315382
1687737375,320016
1687737375,324363
1687737375,326551
1687737375,328542
1687737375,341302
1687737375,341829
1687737375,342280
1687737375,346241
1687737375,356084
1687737375,364000
1687737375,373575
1687737375,374949
1687737375,380079
1687737375,381965
1687737375,386836
1687737375,392387
1687737375,396047
1687737375,396149
1687737375,400814
1687737375,415599
1687737375,426378
1687737375,441408
1687737375,454147
1687737375,459196
1687737375,460027
1687737375,488673
1687737375,491239
1687737375,502393
1687737375,507417
1687737375,533072
1687737375,547318
1687737375,554231
1687737375,564519
1687737375,568938
1687737375,578807
1687737375,587037
1687737375,603582
1687737375,603633
1687737375,608521
1687737375,617659
1687737375,626628
1687737375,633040
1687737375,635419
1687737375,635688
1687737375,639221
1687737375,647210
1687737375,647675
1687737375,658068
1687737375,670653
1687737375,671813
1687737375,672769
1687737376,329312
1687737376,330035
1687737376,334958
1687737376,336033
1687737376,338778
1687737376,348830
1687737376,350743
1687737376,358343
1687737376,363970
1687737376,371492
1687737376,374934
1687737376,387140
1687737376,388284
1687737376,398851
1687737376,410208
1687737376,414852
1687737376,417756
1687737376,418051
1687737376,421628
1687737376,434571
1687737376,471738
1687737376,475613
1687737376,482195
1687737376,484821
1687737376,496483
1687737376,501712
1687737376,505160
1687737376,520401
1687737376,521602
1687737376,522851
1687737376,525828
1687737376,528287
1687737376,531908
1687737376,555682
1687737376,569742
1687737376,587117
1687737376,587335
1687737376,588304
1687737376,589977
1687737376,600088
1687737376,602449
1687737376,605410
1687737376,610182
1687737376,618256
1687737376,622054
1687737376,632552
1687737376,635176
1687737376,638570
1687737376,640639
1687737376,651783
1687737376,661031
1687737376,661080
1687737376,663635
1687737377,309723
1687737377,315366
1687737377,324782
1687737377,327235
1687737377,327731
1687737377,331530
1687737377,333030
1687737377,333480
1687737377,333975
1687737377,344530
1687737377,355430
1687737377,359786
1687737377,362459
1687737377,379026
1687737377,382131
1687737377,386322
1687737377,392685
1687737377,399752
1687737377,404910
1687737377,416319
1687737377,431240
1687737377,439707
1687737377,441915
1687737377,449330
1687737377,449435
1687737377,457533
1687737377,478757
1687737377,483439
1687737377,485403
1687737377,496703
1687737377,497908
1687737377,499517
1687737377,525279
1687737377,528636
1687737377,541021
1687737377,550727
1687737377,557564
1687737377,572765
1687737377,574732
1687737377,583378
1687737377,583848
1687737377,585264
1687737377,588552
1687737377,602480
1687737377,607463
1687737377,610822
1687737377,615154
1687737377,617161
1687737377,619772
1687737377,622617
1687737377,627798
1687737377,632259
1687737377,637920
1687737377,643432
1687737377,644394
1687737377,645962
1687737377,648510
1687737377,652607
1687737377,657245
1687737377,672100
1687737377,672415
1687737378,314668
1687737378,317439
1687737378,326629
1687737378,330213
1687737378,335221
1687737378,343145
1687737378,349728
1687737378,354217
1687737378,359205
1687737378,360276
1687737378,385520
1687737378,388629
1687737378,392078
1687737378,398086
1687737378,400361
1687737378,439043
1687737378,447350
1687737378,457662
1687737378,475716
1687737378,492515
1687737378,493897
1687737378,494857
1687737378,500348
1687737378,500843
1687737378,506035
1687737378,542325
1687737378,553464
1687737378,559678
1687737378,564447
1687737378,565536
1687737378,566585
1687737378,574486
1687737378,578542
1687737378,582430
1687737378,583711
1687737378,587601
1687737378,609807
1687737378,610099
1687737378,621264
1687737378,632410
1687737378,634919
1687737378,638333
1687737378,639262
1687737378,639664
1687737378,644887
1687737378,646967
1687737378,653361
1687737378,662980
1687737378,669827
1687737379,308894
1687737379,311730
1687737379,312491
1687737379,324100
1687737379,326670
1687737379,333433
1687737379,334450
1687737379,334946
1687737379,341132
1687737379,343823
1687737379,344376
1687737379,348439
1687737379,361496
1687737379,374153
1687737379,377454
1687737379,383180
1687737379,391379
1687737379,402445
1687737379,402807
1687737379,404932
1687737379,407086
1687737379,415009
1687737379,423553
1687737379,432772
1687737379,433758
1687737379,456103
1687737379,466908
1687737379,476102
1687737379,477493
1687737379,491687
1687737379,499644
1687737379,511157
1687737379,517158
1687737379,525871
1687737379,538054
1687737379,540301
1687737379,550802
1687737379,568620
1687737379,571866
1687737379,584170
1687737379,588272
1687737379,595853
1687737379,599630
1687737379,604020
1687737379,610418
1687737379,627669
1687737379,632261
1687737379,633999
1687737379,638110
1687737379,643275
1687737379,646986
1687737379,660054
1687737379,663253
1687737379,663306
1687737380,322818
1687737380,328460
1687737380,337425
1687737380,338008
1687737380,341133
1687737380,341857
1687737380,352548
1687737380,352795
1687737380,354720
1687737380,371383
1687737380,372599
1687737380,372762
1687737380,374027
1687737380,374975
1687737380,381212
1687737380,385171
1687737380,429959
1687737380,451626
1687737380,461254
1687737380,463323
1687737380,465485
1687737380,473587
1687737380,475706
1687737380,499714
1687737380,540072
1687737380,558035
1687737380,573609
1687737380,575637
1687737380,577400
1687737380,581232
1687737380,619794
1687737380,620008
1687737380,622662
1687737380,628189
1687737380,628694
1687737380,629237
1687737380,634254
1687737380,635341
1687737380,635658
1687737380,637095
1687737380,641897
1687737380,650769
1687737380,652450
1687737380,652745
1687737380,658564
1687737380,666252
1687737380,672629
1687737381,308220
1687737381,317685
1687737381,318562
1687737381,324741
1687737381,326144
1687737381,333013
1687737381,333418
1687737381,334123
1687737381,337468
1687737381,342558
1687737381,350795
1687737381,351924
1687737381,352908
1687737381,367446
1687737381,371440
1687737381,375705
1687737381,387165
1687737381,391152
1687737381,393103
1687737381,394801
1687737381,396196
1687737381,400747
1687737381,402856
1687737381,404703
1687737381,406067
1687737381,426668
1687737381,426917
1687737381,437837
1687737381,464572
1687737381,471581
1687737381,484065
1687737381,492442
1687737381,494097
1687737381,494918
1687737381,495546
1687737381,501675
1687737381,503118
1687737381,508226
1687737381,514402
1687737381,514953
1687737381,521575
1687737381,531021
1687737381,551166
1687737381,569733
1687737381,579550
1687737381,579939
1687737381,580724
1687737381,581969
1687737381,590543
1687737381,592241
1687737381,592809
1687737381,604487
1687737381,604608
1687737381,613661
1687737381,630793
1687737381,639723
1687737381,642012
1687737381,648948
1687737381,661394
1687737381,664624
1687737382,324308
1687737382,326000
1687737382,327129
1687737382,338053
1687737382,338916
1687737382,340939
1687737382,346061
1687737382,384105
1687737382,391379
1687737382,396359
1687737382,401326
1687737382,402516
1687737382,447583
1687737382,452243
1687737382,473567
1687737382,478993
1687737382,480350
1687737382,482248
1687737382,490471
1687737382,495011
1687737382,503935
1687737382,514499
1687737382,557483
1687737382,558744
1687737382,566878
1687737382,569373
1687737382,571989
1687737382,588185
1687737382,590951
1687737382,600103
1687737382,602619
1687737382,606354
1687737382,606661
1687737382,623518
1687737382,625120
1687737382,625570
1687737382,639626
1687737382,640034
1687737382,642475
1687737382,643859
1687737382,643896
1687737382,644008
1687737382,656294
1687737382,661034
1687737382,668889
1687737383,308830
1687737383,310261
1687737383,312398
1687737383,319131
1687737383,326117
1687737383,329690
1687737383,332557
1687737383,333022
1687737383,334469
1687737383,338028
1687737383,344353
1687737383,350534
1687737383,352348
1687737383,362124
1687737383,362307
1687737383,364794
1687737383,365469
1687737383,374859
1687737383,388542
1687737383,394646
1687737383,398973
1687737383,400692
1687737383,411600
1687737383,417900
1687737383,428552
1687737383,433266
1687737383,449024
1687737383,449570
1687737383,467139
1687737383,489870
1687737383,503779
1687737383,506050
1687737383,522249
1687737383,546027
1687737383,551361
1687737383,558343
1687737383,560106
1687737383,588708
1687737383,591851
1687737383,592371
1687737383,606457
1687737383,611983
1687737383,629586
1687737383,633648
1687737383,637776
1687737383,640195
1687737383,642868
1687737383,644067
1687737383,665868
1687737383,668873
1687737384,324159
1687737384,327706
1687737384,332796
1687737384,338496
1687737384,338969
1687737384,341630
1687737384,349948
1687737384,353618
1687737384,359521
1687737384,359780
1687737384,361469
1687737384,379169
1687737384,380660
1687737384,381374
1687737384,389725
1687737384,393351
1687737384,406780
1687737384,418337
1687737384,420682
1687737384,461114
1687737384,468601
1687737384,473299
1687737384,473990
1687737384,485316
1687737384,489647
1687737384,492109
1687737384,513984
1687737384,529402
1687737384,533895
1687737384,552022
1687737384,568472
1687737384,569597
1687737384,571345
1687737384,582055
1687737384,590329
1687737384,592514
1687737384,596881
1687737384,604931
1687737384,615213
1687737384,617182
1687737384,623814
1687737384,630338
1687737384,636995
1687737384,642384
1687737384,645845
1687737384,649893
1687737384,650861
1687737384,651211
1687737384,656624
1687737384,659729
1687737384,660654
1687737384,672176
1687737385,313800
1687737385,314150
1687737385,332859
1687737385,334975
1687737385,335789
1687737385,339546
1687737385,342029
1687737385,344004
1687737385,353025
1687737385,357406
1687737385,357840
1687737385,361074
1687737385,362825
1687737385,373488
1687737385,379832
1687737385,392785
1687737385,408539
1687737385,411308
1687737385,416194
1687737385,442580
1687737385,445668
1687737385,463064
1687737385,470263
1687737385,473058
1687737385,500900
1687737385,506331
1687737385,513536
1687737385,514043
1687737385,530629
1687737385,544916
1687737385,548458
1687737385,562506
1687737385,570724
1687737385,576146
1687737385,587827
1687737385,592096
1687737385,601703
1687737385,605203
1687737385,613819
1687737385,618832
1687737385,629964
1687737385,630591
1687737385,631042
1687737385,640817
1687737385,644002
1687737385,668662
1687737386,312345
1687737386,319588
1687737386,322693
1687737386,330514
1687737386,331468
1687737386,332263
1687737386,335856
1687737386,337876
1687737386,342871
1687737386,342898
1687737386,345191
1687737386,346246
1687737386,353597
1687737386,364881
1687737386,380083
1687737386,381039
1687737386,392996
1687737386,400812
1687737386,420024
1687737386,425263
1687737386,433137
1687737386,437243
1687737386,438024
1687737386,465079
1687737386,502292
1687737386,505551
1687737386,513839
1687737386,531384
1687737386,535086
1687737386,542856
1687737386,568262
1687737386,569419
1687737386,588161
1687737386,602448
1687737386,602983
1687737386,603229
1687737386,607572
1687737386,616915
1687737386,617286
1687737386,621608
1687737386,633339
1687737386,633511
1687737386,641804
1687737386,648729
1687737386,655714
1687737386,655990
1687737386,666269
1687737386,670977
1687737387,315383
1687737387,332094
1687737387,337135
1687737387,343828
1687737387,344259
1687737387,354568
1687737387,358998
1687737387,361002
1687737387,363122
1687737387,363861
1687737387,376886
1687737387,383958
1687737387,384977
1687737387,394642
1687737387,401509
1687737387,430824
1687737387,435889
1687737387,438711
1687737387,441633
1687737387,442326
1687737387,468238
1687737387,471719
1687737387,479376
1687737387,492921
1687737387,505179
1687737387,507127
1687737387,527862
1687737387,529868
1687737387,530255
1687737387,538921
1687737387,539209
1687737387,549226
1687737387,551383
1687737387,552076
1687737387,566872
1687737387,571754
1687737387,592674
1687737387,597553
1687737387,604134
1687737387,604258
1687737387,608086
1687737387,613840
1687737387,628947
1687737387,630464
1687737387,630594
1687737387,631012
1687737387,644779
1687737387,645787
1687737387,656010
1687737387,658913
1687737387,664315
1687737388,312915
1687737388,315143
1687737388,325248
1687737388,327271
1687737388,329450
1687737388,331991
1687737388,335125
1687737388,349709
1687737388,351066
1687737388,352407
1687737388,355398
1687737388,358487
1687737388,366139
1687737388,380377
1687737388,385452
1687737388,402181
1687737388,406949
1687737388,443279
1687737388,443778
1687737388,454421
1687737388,457528
1687737388,462049
1687737388,468358
1687737388,469308
1687737388,474930
1687737388,480944
1687737388,504169
1687737388,509740
1687737388,521422
1687737388,546243
1687737388,555409
1687737388,562657
1687737388,566706
1687737388,569001
1687737388,573523
1687737388,582914
1687737388,583472
1687737388,588175
1687737388,591125
1687737388,597377
1687737388,614381
1687737388,621439
1687737388,623145
1687737388,628089
1687737388,633499
1687737388,639550
1687737388,653321
1687737388,658972
1687737388,663162
1687737388,663777
1687737388,670429
1687737389,315611
1687737389,324879
1687737389,332838
1687737389,337778
1687737389,339825
1687737389,350127
1687737389,354894
1687737389,361577
1687737389,374120
1687737389,384225
1687737389,395721
1687737389,398215
1687737389,401851
1687737389,412273
1687737389,412650
1687737389,418445
1687737389,478589
1687737389,491478
1687737389,496565
1687737389,507674
1687737389,513625
1687737389,517706
1687737389,521124
1687737389,535605
1687737389,547384
1687737389,568519
1687737389,588175
1687737389,591516
1687737389,600067
1687737389,600711
1687737389,600963
1687737389,615234
1687737389,615362
1687737389,615584
1687737389,616133
1687737389,621612
1687737389,632719
1687737389,639441
1687737389,644284
1687737389,655241
1687737389,656954
1687737389,671856
1687737390,316684
1687737390,317035
1687737390,317511
1687737390,326998
1687737390,332746
1687737390,335936
1687737390,339170
1687737390,340704
1687737390,345262
1687737390,361368
1687737390,362854
1687737390,364613
1687737390,366643
1687737390,367434
1687737390,370509
1687737390,379475
1687737390,381593
1687737390,403636
1687737390,404556
1687737390,438790
1687737390,445992
1687737390,447182
1687737390,457177
1687737390,457670
1687737390,461069
1687737390,462827
1687737390,470529
1687737390,472038
1687737390,486396
1687737390,515082
1687737390,518605
1687737390,546314
1687737390,548007
1687737390,552150
1687737390,552239
1687737390,562774
1687737390,568116
1687737390,599027
1687737390,606183
1687737390,631598
1687737390,635754
1687737390,636506
1687737390,637272
1687737390,639326
1687737390,644883
1687737390,649529
1687737390,653311
1687737390,660064
1687737390,671314
1687737391,310640
1687737391,320103
1687737391,330110
1687737391,331661
1687737391,336472
1687737391,345592
1687737391,349718
1687737391,357827
1687737391,360196
1687737391,365335
1687737391,388628
1687737391,402107
1687737391,405047
1687737391,414048
1687737391,431309
1687737391,434185
1687737391,450872
1687737391,451889
1687737391,463660
1687737391,496286
1687737391,503442
1687737391,509656
1687737391,510742
1687737391,514274
1687737391,516806
1687737391,544910
1687737391,547399
1687737391,561681
1687737391,590176
1687737391,592250
1687737391,598114
1687737391,600440
1687737391,606547
1687737391,607856
1687737391,610886
1687737391,610944
1687737391,616346
1687737391,628017
1687737391,628900
1687737391,633405
1687737391,639088
1687737391,642204
1687737391,642537
1687737391,651165
1687737391,663476
1687737392,313168
1687737392,313645
1687737392,323603
1687737392,324898
1687737392,333720
1687737392,334429
1687737392,335183
1687737392,337027
1687737392,340820
1687737392,342156
1687737392,344327
1687737392,353359
1687737392,353932
1687737392,355210
1687737392,359103
1687737392,376345
1687737392,376384
1687737392,377139
1687737392,377485
1687737392,385017
1687737392,402019
1687737392,422011
1687737392,426076
1687737392,435414
1687737392,469146
1687737392,470413
1687737392,482734
1687737392,490301
1687737392,517978
1687737392,528822
1687737392,538923
1687737392,539251
1687737392,556267
1687737392,561171
1687737392,567876
1687737392,570338
1687737392,574024
1687737392,575556
1687737392,588035
1687737392,588470
1687737392,618249
1687737392,623109
1687737392,627094
1687737392,628492
1687737392,636780
1687737392,638630
1687737392,646374
1687737392,653330
1687737392,656481
1687737392,663247
1687737392,673703
1687737393,311113
1687737393,327874
1687737393,332538
1687737393,332713
1687737393,335082
1687737393,339018
1687737393,374235
1687737393,380575
1687737393,380820
1687737393,391324
1687737393,408085
1687737393,416909
1687737393,432615
1687737393,467876
1687737393,468703
1687737393,481607
1687737393,482932
1687737393,496053
1687737393,507913
1687737393,513095
1687737393,513186
1687737393,532707
1687737393,536422
1687737393,575817
1687737393,576422
1687737393,582038
1687737393,588711
1687737393,607802
1687737393,613639
1687737393,620356
1687737393,626299
1687737393,627867
1687737393,631785
1687737393,632484
1687737393,636310
1687737393,637727
1687737393,643515
1687737393,646468
1687737393,650213
1687737393,651143
1687737393,665737
1687737393,668555
1687737394,311970
1687737394,317169
1687737394,332095
1687737394,334231
1687737394,336024
1687737394,340746
1687737394,341213
1687737394,341539
1687737394,350172
1687737394,357968
1687737394,363729
1687737394,381875
1687737394,385238
1687737394,396564
1687737394,396930
1687737394,400839
1687737394,400977
1687737394,408373
1687737394,411974
1687737394,418753
1687737394,457750
1687737394,466992
1687737394,471141
1687737394,474746
1687737394,489093
1687737394,491564
1687737394,491769
1687737394,495728
1687737394,498817
1687737394,510938
1687737394,511566
1687737394,511869
1687737394,560863
1687737394,561880
1687737394,562424
1687737394,568212
1687737394,577069
1687737394,582419
1687737394,585064
1687737394,591103
1687737394,594353
1687737394,596351
1687737394,610577
1687737394,619289
1687737394,628669
1687737394,628777
1687737394,640437
1687737394,649473
1687737394,653371
1687737394,671901
1687737395,315026
1687737395,324036
1687737395,327143
1687737395,328466
1687737395,340441
1687737395,341507
1687737395,342719
1687737395,346700
1687737395,355138
1687737395,373615
1687737395,374699
1687737395,378669
1687737395,380207
1687737395,388277
1687737395,390801
1687737395,397920
1687737395,398333
1687737395,399140
1687737395,413816
1687737395,424554
1687737395,443454
1687737395,451653
1687737395,457103
1687737395,462017
1687737395,486664
1687737395,493056
1687737395,500423
1687737395,505681
1687737395,507174
1687737395,522119
1687737395,525026
1687737395,525675
1687737395,531185
1687737395,532541
1687737395,548796
1687737395,556242
1687737395,562386
1687737395,570319
1687737395,585742
1687737395,601931
1687737395,604999
1687737395,609045
1687737395,616750
1687737395,618470
1687737395,634488
1687737395,636611
1687737395,639157
1687737395,646487
1687737395,646564
1687737395,658917
1687737395,671508
1687737396,326538
1687737396,329117
1687737396,335299
1687737396,336208
1687737396,339241
1687737396,342667
1687737396,348015
1687737396,358942
1687737396,362769
1687737396,364782
1687737396,376453
1687737396,389079
1687737396,390203
1687737396,408406
1687737396,416284
1687737396,417159
1687737396,420205
1687737396,423613
1687737396,432741
1687737396,470211
1687737396,477261
1687737396,484470
1687737396,487122
1687737396,498746
1687737396,499896
1687737396,518620
1687737396,519539
1687737396,526738
1687737396,527954
1687737396,530084
1687737396,530402
1687737396,557128
1687737396,567932
1687737396,570940
1687737396,585135
1687737396,585845
1687737396,589596
1687737396,591724
1687737396,603365
1687737396,604329
1687737396,611086
1687737396,611477
1687737396,619599
1687737396,620224
1687737396,631006
1687737396,634681
1687737396,637706
1687737396,641368
1687737396,652035
1687737396,661363
1687737396,662028
1687737396,662959
1687737397,309769
1687737397,315038
1687737397,324523
1687737397,327723
1687737397,331629
1687737397,332782
1687737397,333858
1687737397,344423
1687737397,346612
1687737397,351275
1687737397,356381
1687737397,356413
1687737397,358278
1687737397,361199
1687737397,372151
1687737397,372474
1687737397,380652
1687737397,380797
1687737397,384804
1687737397,388305
1687737397,394866
1687737397,401773
1687737397,406722
1687737397,418513
1687737397,418775
1687737397,429074
1687737397,438148
1687737397,439669
1687737397,446696
1687737397,459620
1687737397,459733
1687737397,476784
1687737397,481098
1687737397,482996
1687737397,498587
1687737397,499598
1687737397,501767
1687737397,527578
1687737397,539488
1687737397,555462
1687737397,568500
1687737397,571008
1687737397,576122
1687737397,584844
1687737397,585595
1687737397,586893
1687737397,601440
1687737397,616320
1687737397,620861
1687737397,623448
1687737397,626536
1687737397,632208
1687737397,638752
1687737397,643518
1687737397,644757
1687737397,646265
1687737397,649534
1687737397,656507
1687737397,672314
1687737397,672581
1687737398,315072
1687737398,317080
1687737398,328517
1687737398,329380
1687737398,334109
1687737398,335790
1687737398,343861
1687737398,350219
1687737398,353065
1687737398,358995
1687737398,361904
1687737398,387055
1687737398,393986
1687737398,398512
1687737398,399950
1687737398,436774
1687737398,449408
1687737398,473927
1687737398,492180
1687737398,493120
1687737398,494670
1687737398,502484
1687737398,502947
1687737398,509378
1687737398,540237
1687737398,555121
1687737398,563417
1687737398,566376
1687737398,575918
1687737398,576910
1687737398,581044
1687737398,589027
1687737398,603109
1687737398,604115
1687737398,608088
1687737398,622036
1687737398,631784
1687737398,634409
1687737398,636883
1687737398,638519
1687737398,640386
1687737398,648072
1687737398,653336
1687737398,663855
1687737398,669334
1687737399,308909
1687737399,312694
1687737399,323797
1687737399,327515
1687737399,330889
1687737399,332473
1687737399,334293
1687737399,334703
1687737399,340207
1687737399,343977
1687737399,345614
1687737399,348039
1687737399,362088
1687737399,373073
1687737399,376260
1687737399,383747
1687737399,393116
1687737399,400564
1687737399,400678
1687737399,403207
1687737399,408898
1687737399,413193
1687737399,434848
1687737399,435766
1687737399,457797
1687737399,464842
1687737399,475312
1687737399,478388
1687737399,493802
1687737399,501824
1687737399,504311
1687737399,515475
1687737399,527550
1687737399,539580
1687737399,542637
1687737399,549091
1687737399,550297
1687737399,564589
1687737399,566532
1687737399,570132
1687737399,581881
1687737399,589864
1687737399,596881
1687737399,601070
1687737399,604765
1687737399,608734
1687737399,628965
1687737399,632415
1687737399,635369
1687737399,638988
1687737399,642353
1687737399,659283
1687737399,662879
1687737399,664308
1687737400,311925
1687737400,322190
1687737400,337031
1687737400,337629
1687737400,340324
1687737400,353469
1687737400,353831
1687737400,370259
1687737400,371047
1687737400,373300
1687737400,374738
1687737400,375072
1687737400,382042
1687737400,382436
1687737400,387036
1687737400,427221
1687737400,432399
1687737400,453808
1687737400,459533
1687737400,461435
1687737400,463180
1687737400,471480
1687737400,477769
1687737400,501290
1687737400,528337
1687737400,542209
1687737400,560008
1687737400,575065
1687737400,577042
1687737400,578830
1687737400,583204
1687737400,620586
1687737400,620678
1687737400,621145
1687737400,623905
1687737400,626704
1687737400,628040
1687737400,634791
1687737400,636159
1687737400,636568
1687737400,641214
1687737400,650413
1687737400,651286
1687737400,653874
1687737400,657993
1687737400,665798
1687737400,672589
1687737401,308176
1687737401,318124
1687737401,318207
1687737401,325093
1687737401,325572
1687737401,331955
1687737401,333401
1687737401,333784
1687737401,337946
1687737401,341869
1687737401,349717
1687737401,353339
1687737401,353852
1687737401,353963
1687737401,369170
1687737401,372331
1687737401,377497
1687737401,385740
1687737401,389433
1687737401,391339
1687737401,393208
1687737401,397642
1687737401,398346
1687737401,399193
1687737401,402860
1687737401,403536
1687737401,405331
1687737401,408032
1687737401,424208
1687737401,424778
1687737401,439420
1687737401,466519
1687737401,473787
1687737401,482285
1687737401,490108
1687737401,493329
1687737401,499680
1687737401,505241
1687737401,506468
1687737401,516612
1687737401,523050
1687737401,528996
1687737401,552736
1687737401,556615
1687737401,567994
1687737401,577811
1687737401,578253
1687737401,580509
1687737401,582597
1687737401,588615
1687737401,593598
1687737401,594023
1687737401,602298
1687737401,602579
1687737401,615105
1687737401,629464
1687737401,638926
1687737401,642754
1687737401,650264
1687737401,658142
1687737401,660794
1687737401,664629
1687737402,325171
1687737402,325772
1687737402,326430
1687737402,337799
1687737402,339515
1687737402,341629
1687737402,345728
1687737402,382485
1687737402,389819
1687737402,398416
1687737402,404271
1687737402,449541
1687737402,454339
1687737402,471603
1687737402,480750
1687737402,482640
1687737402,488501
1687737402,497196
1687737402,506233
1687737402,516688
1687737402,517075
1687737402,543927
1687737402,559538
1687737402,567754
1687737402,568425
1687737402,573443
1687737402,589391
1687737402,589662
1687737402,605204
1687737402,607321
1687737402,607545
1687737402,621595
1687737402,624422
1687737402,626550
1687737402,636647
1687737402,639665
1687737402,641283
1687737402,641440
1687737402,642807
1687737402,643460
1687737402,644548
1687737402,657054
1687737402,669355
1687737403,308781
1687737403,310046
1687737403,312364
1687737403,319449
1687737403,320580
1687737403,326760
1687737403,329045
1687737403,332556
1687737403,333103
1687737403,335214
1687737403,342102
1687737403,344649
1687737403,349510
1687737403,351715
1687737403,361253
1687737403,362708
1687737403,363712
1687737403,364060
1687737403,367892
1687737403,373315
1687737403,389950
1687737403,396623
1687737403,398967
1687737403,401047
1687737403,409757
1687737403,415991
1687737403,423577
1687737403,443766
1687737403,446668
1687737403,447010
1687737403,465118
1687737403,492121
1687737403,492899
1687737403,502087
1687737403,507390
1687737403,508262
1687737403,520285
1687737403,531334
1687737403,549330
1687737403,558763
1687737403,560398
1687737403,571678
1687737403,583777
1687737403,587339
1687737403,593153
1687737403,594196
1687737403,610177
1687737403,629037
1687737403,634982
1687737403,639216
1687737403,643008
1687737403,643525
1687737403,665484
1687737403,668616
1687737404,305949
1687737404,322013
1687737404,324846
1687737404,327712
1687737404,332063
1687737404,333072
1687737404,337292
1687737404,339698
1687737404,340907
1687737404,349114
1687737404,351228
1687737404,354285
1687737404,362290
1687737404,378872
1687737404,379924
1687737404,380804
1687737404,395055
1687737404,400963
1687737404,404850
1687737404,420394
1687737404,423039
1687737404,430687
1687737404,452740
1687737404,463204
1687737404,470593
1687737404,471090
1687737404,471909
1687737404,486952
1687737404,491802
1687737404,493870
1687737404,501498
1687737404,512287
1687737404,536374
1687737404,553657
1687737404,567926
1687737404,570182
1687737404,572725
1687737404,574012
1687737404,579856
1687737404,580202
1687737404,586530
1687737404,590535
1687737404,591869
1687737404,606375
1687737404,613371
1687737404,616271
1687737404,617928
1687737404,625241
1687737404,626651
1687737404,631596
1687737404,631605
1687737404,636381
1687737404,640891
1687737404,645712
1687737404,650406
1687737404,650455
1687737404,651987
1687737404,656095
1687737404,658650
1687737404,661620
1687737404,672011
1687737405,313879
1687737405,314237
1687737405,332854
1687737405,333902
1687737405,334568
1687737405,335213
1687737405,340045
1687737405,341039
1687737405,343900
1687737405,347948
1687737405,353726
1687737405,356235
1687737405,361601
1687737405,374600
1687737405,378300
1687737405,391122
1687737405,406779
1687737405,413888
1687737405,414411
1687737405,440878
1687737405,443596
1687737405,465207
1687737405,471067
1687737405,499268
1687737405,508469
1687737405,511789
1687737405,512224
1687737405,532889
1687737405,543022
1687737405,546512
1687737405,552736
1687737405,563910
1687737405,572597
1687737405,573931
1687737405,586185
1687737405,593530
1687737405,595745
1687737405,600245
1687737405,614599
1687737405,619999
1687737405,628729
1687737405,629544
1687737405,629638
1687737405,640053
1687737405,644732
1687737405,646134
1687737405,668637
1687737406,311879
1687737406,320263
1687737406,331287
1687737406,332132
1687737406,336967
1687737406,343890
1687737406,343984
1687737406,344815
1687737406,344854
1687737406,352815
1687737406,365931
1687737406,379428
1687737406,381904
1687737406,394955
1687737406,399174
1687737406,408683
1687737406,422009
1687737406,423450
1687737406,435006
1687737406,435127
1687737406,440314
1687737406,467287
1687737406,468192
1687737406,496318
1687737406,500166
1687737406,500252
1687737406,507772
1687737406,515505
1687737406,532907
1687737406,533178
1687737406,544407
1687737406,567538
1687737406,570161
1687737406,575037
1687737406,582933
1687737406,589464
1687737406,601252
1687737406,603469
1687737406,603825
1687737406,609090
1687737406,614015
1687737406,615832
1687737406,617821
1687737406,631937
1687737406,634653
1687737406,641996
1687737406,650052
1687737406,656456
1687737406,665717
1687737406,671338
1687737407,259720
1687737407,273641
1687737407,315108
1687737407,323342
1687737407,328002
1687737407,330264
1687737407,331988
1687737407,332194
1687737407,336683
1687737407,338689
1687737407,342916
1687737407,344828
1687737407,352597
1687737407,353179
1687737407,357524
1687737407,362382
1687737407,362487
1687737407,363777
1687737407,375365
1687737407,383438
1687737407,392892
1687737407,403559
1687737407,429247
1687737407,438396
1687737407,439259
1687737407,440207
1687737407,440774
1687737407,465999
1687737407,473546
1687737407,477505
1687737407,490770
1687737407,507326
1687737407,509265
1687737407,525875
1687737407,528077
1687737407,537046
1687737407,537324
1687737407,551358
1687737407,565194
1687737407,569444
1687737407,594048
1687737407,595881
1687737407,603116
1687737407,605712
1687737407,608693
1687737407,612413
1687737407,628066
1687737407,629271
1687737407,630962
1687737407,631503
1687737407,631892
1687737407,644562
1687737407,645467
1687737407,654667
1687737407,656335
1687737407,658340
1687737407,665025
1687737408,289387
1687737408,313478
1687737408,315230
1687737408,315397
1687737408,323467
1687737408,324481
1687737408,327010
1687737408,335392
1687737408,349021
1687737408,349381
1687737408,353420
1687737408,353827
1687737408,359743
1687737408,375999
1687737408,378560
1687737408,386697
1687737408,393837
1687737408,404289
1687737408,431424
1687737408,441761
1687737408,445307
1687737408,456230
1687737408,459825
1687737408,459889
1687737408,467289
1687737408,470497
1687737408,482936
1687737408,505942
1687737408,519617
1687737408,534044
1687737408,548261
1687737408,557151
1687737408,560634
1687737408,565171
1687737408,570428
1687737408,584748
1687737408,584856
1687737408,589037
1687737408,590130
1687737408,595737
1687737408,621439
1687737408,622639
1687737408,629438
1687737408,632730
1687737408,638637
1687737408,652776
1687737408,660165
1687737408,662589
1687737408,670175
1687737409,324237
1687737409,332573
1687737409,338509
1687737409,340142
1687737409,342584
1687737409,349306
1687737409,355771
1687737409,363325
1687737409,369207
1687737409,375079
1687737409,382683
1687737409,396766
1687737409,403896
1687737409,410796
1687737409,414481
1687737409,416572
1687737409,473009
1687737409,480920
1687737409,489129
1687737409,494678
1687737409,509724
1687737409,511959
1687737409,515497
1687737409,523352
1687737409,537122
1687737409,545656
1687737409,566891
1687737409,586292
1687737409,592984
1687737409,601611
1687737409,601768
1687737409,614364
1687737409,614564
1687737409,614579
1687737409,616732
1687737409,622355
1687737409,640088
1687737409,644961
1687737409,650697
1687737409,655134
1687737409,672077
1687737410,316977
1687737410,317096
1687737410,317398
1687737410,327066
1687737410,332974
1687737410,335524
1687737410,339866
1687737410,339959
1687737410,345893
1687737410,356461
1687737410,360415
1687737410,361005
1687737410,361016
1687737410,363562
1687737410,366308
1687737410,368096
1687737410,369279
1687737410,370786
1687737410,377799
1687737410,379786
1687737410,402948
1687737410,404188
1687737410,405994
1687737410,406948
1687737410,445038
1687737410,455062
1687737410,459310
1687737410,459628
1687737410,464835
1687737410,468678
1687737410,474098
1687737410,483955
1687737410,493810
1687737410,517207
1687737410,520678
1687737410,542697
1687737410,544073
1687737410,546014
1687737410,550431
1687737410,553720
1687737410,564759
1687737410,569759
1687737410,599953
1687737410,601041
1687737410,631740
1687737410,634622
1687737410,635349
1687737410,636427
1687737410,637844
1687737410,646174
1687737410,653932
1687737410,660700
1687737410,661553
1687737410,671006
1687737411,310850
1687737411,319799
1687737411,330230
1687737411,332084
1687737411,337324
1687737411,346930
1687737411,349169
1687737411,352243
1687737411,360943
1687737411,364270
1687737411,390197
1687737411,403520
1687737411,412543
1687737411,433382
1687737411,448529
1687737411,453985
1687737411,465726
1687737411,498490
1687737411,501778
1687737411,508587
1687737411,511708
1687737411,512086
1687737411,514873
1687737411,524045
1687737411,524190
1687737411,548933
1687737411,563535
1687737411,593731
1687737411,599307
1687737411,599646
1687737411,605436
1687737411,608470
1687737411,609288
1687737411,611684
1687737411,614340
1687737411,628990
1687737411,634704
1687737411,639046
1687737411,642108
1687737411,643229
1687737411,650820
1687737411,663194
1687737412,313007
1687737412,313524
1687737412,324062
1687737412,324783
1687737412,333203
1687737412,335302
1687737412,335716
1687737412,337609
1687737412,340979
1687737412,341666
1687737412,343183
1687737412,352420
1687737412,354069
1687737412,356105
1687737412,358061
1687737412,374920
1687737412,376174
1687737412,378187
1687737412,378898
1687737412,386871
1687737412,400076
1687737412,403127
1687737412,404296
1687737412,411946
1687737412,420316
1687737412,428565
1687737412,433396
1687737412,466982
1687737412,468332
1687737412,484857
1687737412,492397
1687737412,519441
1687737412,526989
1687737412,537350
1687737412,541173
1687737412,562681
1687737412,566016
1687737412,568755
1687737412,573567
1687737412,575465
1687737412,589685
1687737412,589757
1687737412,617428
1687737412,619342
1687737412,622591
1687737412,628554
1687737412,629106
1687737412,635708
1687737412,637059
1687737412,652070
1687737412,656333
1687737412,664153
1687737412,673685
1687737413,311115
1687737413,327130
1687737413,332026
1687737413,333687
1687737413,335435
1687737413,338178
1687737413,338534
1687737413,341784
1687737413,349347
1687737413,375192
1687737413,379709
1687737413,382422
1687737413,389531
1687737413,406357
1687737413,410239
1687737413,416919
1687737413,418968
1687737413,425100
1687737413,430745
1687737413,466465
1687737413,470225
1687737413,481183
1687737413,483527
1687737413,493820
1687737413,509914
1687737413,511235
1687737413,514830
1687737413,530556
1687737413,538540
1687737413,573740
1687737413,578249
1687737413,589944
1687737413,606045
1687737413,612039
1687737413,614447
1687737413,621424
1687737413,625448
1687737413,626513
1687737413,632510
1687737413,633640
1687737413,635457
1687737413,637316
1687737413,644148
1687737413,646049
1687737413,649324
1687737413,652303
1687737413,665063
1687737413,668617
1687737413,672360
1687737414,311923
1687737414,317448
1687737414,321403
1687737414,332003
1687737414,336457
1687737414,340124
1687737414,341258
1687737414,358991
1687737414,365451
1687737414,365578
1687737414,377249
1687737414,380242
1687737414,387033
1687737414,394626
1687737414,395218
1687737414,399746
1687737414,413817
1687737414,416937
1687737414,460025
1687737414,464910
1687737414,469255
1687737414,472591
1687737414,489502
1687737414,491225
1687737414,493932
1687737414,500444
1687737414,509044
1687737414,513701
1687737414,513991
1687737414,558999
1687737414,560226
1687737414,563720
1687737414,569485
1687737414,584001
1687737414,586302
1687737414,592419
1687737414,592909
1687737414,594645
1687737414,620006
1687737414,628419
1687737414,629861
1687737414,641564
1687737414,648774
1687737414,652164
1687737414,657714
1687737415,314692
1687737415,323728
1687737415,327780
1687737415,339589
1687737415,340729
1687737415,343624
1687737415,347177
1687737415,348317
1687737415,372283
1687737415,378427
1687737415,389216
1687737415,389783
1687737415,397477
1687737415,399803
1687737415,400536
1687737415,412057
1687737415,445495
1687737415,449177
1687737415,454987
1687737415,464026
1687737415,484657
1687737415,494882
1687737415,498422
1687737415,503935
1687737415,550250
1687737415,558200
1687737415,560296
1687737415,563025
1687737415,571737
1687737415,575341
1687737415,584461
1687737415,600168
1687737415,609593
1687737415,619299
1687737415,635925
1687737415,637551
1687737415,639067
1687737415,645261
1687737415,645804
1687737415,659708
1687737415,671178
1687737416,314746
1687737416,321202
1687737416,328964
1687737416,335660
1687737416,336421
1687737416,339697
1687737416,347217
1687737416,361605
1687737416,373476
1687737416,378025
1687737416,391027
1687737416,392146
1687737416,406621
1687737416,414525
1687737416,419424
1687737416,422663
1687737416,430868
1687737416,468723
1687737416,478922
1687737416,486764
1687737416,489394
1687737416,498086
1687737416,501039
1687737416,516916
1687737416,517477
1687737416,527169
1687737416,528273
1687737416,532503
1687737416,558587
1687737416,566125
1687737416,582932
1687737416,584571
1687737416,590873
1687737416,593447
1687737416,603205
1687737416,604322
1687737416,611974
1687737416,612164
1687737416,618417
1687737416,629406
1687737416,633548
1687737416,634148
1687737416,636802
1687737416,642045
1687737416,652244
1687737416,661592
1687737416,662268
1687737416,662963
1687737416,663760
1687737417,309819
1687737417,324268
1687737417,328194
1687737417,329331
1687737417,331719
1687737417,332598
1687737417,334222
1687737417,344355
1687737417,352639
1687737417,355344
1687737417,356767
1687737417,357342
1687737417,379158
1687737417,382622
1687737417,383255
1687737417,386894
1687737417,397059
1687737417,403770
1687737417,420705
1687737417,426927
1687737417,436561
1687737417,437446
1687737417,461687
1687737417,461822
1687737417,474875
1687737417,478705
1687737417,480637
1687737417,500478
1687737417,501272
1687737417,504031
1687737417,524828
1687737417,529889
1687737417,537944
1687737417,569284
1687737417,577496
1687737417,586292
1687737417,587325
1687737417,588492
1687737417,600415
1687737417,607140
1687737417,617522
1687737417,621957
1687737417,624301
1687737417,625269
1687737417,632145
1687737417,633842
1687737417,639528
1687737417,642592
1687737417,647672
1687737417,650542
1687737417,655736
1687737417,656144
1687737417,672678
1687737418,315480
1687737418,316712
1687737418,326486
1687737418,328597
1687737418,335997
1687737418,336407
1687737418,344637
1687737418,351944
1687737418,357736
1687737418,362771
1687737418,369684
1687737418,385448
1687737418,395937
1687737418,396663
1687737418,434531
1687737418,436456
1687737418,451480
1687737418,472210
1687737418,490419
1687737418,491338
1687737418,505052
1687737418,538199
1687737418,556736
1687737418,568257
1687737418,569833
1687737418,570402
1687737418,575284
1687737418,577338
1687737418,579629
1687737418,590434
1687737418,598615
1687737418,600967
1687737418,606353
1687737418,622807
1687737418,631087
1687737418,635435
1687737418,637794
1687737418,641048
1687737418,645258
1687737418,649105
1687737418,653308
1687737418,668842
1687737419,308940
1687737419,312925
1687737419,323504
1687737419,328403
1687737419,331281
1687737419,331514
1687737419,334105
1687737419,339274
1687737419,346878
1687737419,347629
1687737419,354875
1687737419,362691
1687737419,372023
1687737419,382014
1687737419,388924
1687737419,394924
1687737419,398622
1687737419,398701
1687737419,401515
1687737419,410718
1687737419,411405
1687737419,436897
1687737419,437775
1687737419,459513
1687737419,462791
1687737419,480679
1687737419,495920
1687737419,502590
1687737419,504017
1687737419,507596
1687737419,513747
1687737419,529200
1687737419,541106
1687737419,544938
1687737419,547355
1687737419,558095
1687737419,564430
1687737419,568398
1687737419,575313
1687737419,591413
1687737419,597861
1687737419,602541
1687737419,605449
1687737419,606978
1687737419,630241
1687737419,632529
1687737419,636714
1687737419,639836
1687737419,640501
1687737419,641382
1687737419,647609
1687737419,662455
1687737419,665266
1687737420,312140
1687737420,321580
1687737420,327546
1687737420,337853
1687737420,339379
1687737420,339519
1687737420,353235
1687737420,354371
1687737420,369186
1687737420,369521
1687737420,371631
1687737420,376169
1687737420,376708
1687737420,380113
1687737420,434843
1687737420,455975
1687737420,457790
1687737420,459524
1687737420,460832
1687737420,469386
1687737420,502858
1687737420,526485
1687737420,544335
1687737420,548518
1687737420,561916
1687737420,576531
1687737420,578442
1687737420,580248
1687737420,619727
1687737420,621404
1687737420,622241
1687737420,625136
1687737420,625225
1687737420,627337
1687737420,635291
1687737420,636905
1687737420,637438
1687737420,650000
1687737420,650127
1687737420,654994
1687737420,657407
1687737420,665345
1687737420,672501
1687737421,308168
1687737421,317729
1687737421,318755
1687737421,325042
1687737421,325428
1687737421,330944
1687737421,333399
1687737421,333458
1687737421,338453
1687737421,341199
1687737421,348614
1687737421,354768
1687737421,370920
1687737421,373258
1687737421,379324
1687737421,387687
1687737421,389598
1687737421,391635
1687737421,397637
1687737421,401054
1687737421,407833
1687737421,410050
1687737421,421808
1687737421,422643
1687737421,435902
1687737421,440975
1687737421,468485
1687737421,476008
1687737421,480480
1687737421,487745
1687737421,491780
1687737421,497607
1687737421,498825
1687737421,504663
1687737421,507342
1687737421,518796
1687737421,519197
1687737421,524500
1687737421,526959
1687737421,554265
1687737421,554486
1687737421,566109
1687737421,566277
1687737421,576062
1687737421,576580
1687737421,579020
1687737421,584483
1687737421,586638
1687737421,588500
1687737421,594913
1687737421,595242
1687737421,600079
1687737421,600543
1687737421,606352
1687737421,616549
1687737421,628048
1687737421,638094
1687737421,643430
1687737421,651604
1687737421,660193
1687737421,664600
1687737422,325564
1687737422,325799
1687737422,326077
1687737422,328427
1687737422,334842
1687737422,337605
1687737422,340118
1687737422,342392
1687737422,345415
1687737422,363303
1687737422,380852
1687737422,384326
1687737422,388267
1687737422,400471
1687737422,405792
1687737422,406052
1687737422,429612
1687737422,451453
1687737422,456420
1687737422,469675
1687737422,479248
1687737422,484890
1687737422,486540
1687737422,508531
1687737422,509174
1687737422,518852
1687737422,541850
1687737422,561619
1687737422,566125
1687737422,569951
1687737422,574833
1687737422,587805
1687737422,591126
1687737422,604043
1687737422,607986
1687737422,608609
1687737422,612383
1687737422,619663
1687737422,623682
1687737422,627522
1687737422,629641
1687737422,635461
1687737422,639675
1687737422,640318
1687737422,641607
1687737422,642562
1687737422,643037
1687737422,645177
1687737422,657750
1687737422,669797
1687737423,308752
1687737423,309846
1687737423,312346
1687737423,319767
1687737423,327437
1687737423,328429
1687737423,332564
1687737423,333221
1687737423,336013
1687737423,343204
1687737423,344958
1687737423,347739
1687737423,351079
1687737423,362316
1687737423,362521
1687737423,362698
1687737423,371818
1687737423,391401
1687737423,397243
1687737423,398579
1687737423,403104
1687737423,407939
1687737423,414135
1687737423,425226
1687737423,441546
1687737423,444344
1687737423,444458
1687737423,463116
1687737423,490797
1687737423,494360
1687737423,500372
1687737423,509125
1687737423,510451
1687737423,518300
1687737423,547330
1687737423,557424
1687737423,562463
1687737423,580357
1687737423,584955
1687737423,585933
1687737423,594443
1687737423,595962
1687737423,608359
1687737423,628453
1687737423,636285
1687737423,638182
1687737423,641900
1687737423,644143
1687737423,662030
1687737423,665054
1687737423,668331
1687737424,305785
1687737424,325535
1687737424,327742
1687737424,333377
1687737424,336149
1687737424,340254
1687737424,340427
1687737424,354940
1687737424,363093
1687737424,377115
1687737424,378492
1687737424,382505
1687737424,396758
1687737424,399027
1687737424,402940
1687737424,422452
1687737424,425387
1687737424,432816
1687737424,454902
1687737424,465299
1687737424,468884
1687737424,469832
1687737424,472610
1687737424,488549
1687737424,493949
1687737424,495598
1687737424,499607
1687737424,510535
1687737424,533268
1687737424,538820
1687737424,555278
1687737424,571940
1687737424,574120
1687737424,577668
1687737424,578808
1687737424,588527
1687737424,593349
1687737424,607806
1687737424,615365
1687737424,617333
1687737424,618674
1687737424,626672
1687737424,627187
1687737424,632873
1687737424,639387
1687737424,645526
1687737424,649547
1687737424,650991
1687737424,653047
1687737424,655519
1687737424,657541
1687737424,662554
1687737424,671805
1687737425,313953
1687737425,314318
1687737425,330941
1687737425,332861
1687737425,332863
1687737425,334689
1687737425,340048
1687737425,340556
1687737425,343815
1687737425,349341
1687737425,354439
1687737425,354720
1687737425,360400
1687737425,375747
1687737425,376782
1687737425,389502
1687737425,405019
1687737425,405070
1687737425,412648
1687737425,413750
1687737425,416506
1687737425,439279
1687737425,441512
1687737425,467350
1687737425,469138
1687737425,491897
1687737425,497621
1687737425,510015
1687737425,510385
1687737425,510574
1687737425,535112
1687737425,541150
1687737425,544561
1687737425,565344
1687737425,571680
1687737425,574448
1687737425,584499
1687737425,584521
1687737425,594555
1687737425,594922
1687737425,598744
1687737425,621166
1687737425,626793
1687737425,628012
1687737425,629292
1687737425,639198
1687737425,645477
1687737425,668578
1687737425,671667
1687737426,311445
1687737426,320957
1687737426,331076
1687737426,332063
1687737426,334494
1687737426,338111
1687737426,339222
1687737426,343471
1687737426,344450
1687737426,344944
1687737426,345126
1687737426,352028
1687737426,367021
1687737426,377848
1687737426,383731
1687737426,396937
1687737426,397546
1687737426,410456
1687737426,421626
1687737426,424015
1687737426,432766
1687737426,437161
1687737426,442610
1687737426,466121
1687737426,469481
1687737426,498046
1687737426,498200
1687737426,498252
1687737426,510001
1687737426,517163
1687737426,526197
1687737426,531289
1687737426,534473
1687737426,545939
1687737426,561349
1687737426,565671
1687737426,572051
1687737426,576444
1687737426,581786
1687737426,590717
1687737426,599240
1687737426,604470
1687737426,604666
1687737426,607131
1687737426,610562
1687737426,614201
1687737426,614440
1687737426,618705
1687737426,630524
1687737426,635847
1687737426,642166
1687737426,651319
1687737426,656892
1687737426,657709
1687737426,665172
1687737427,259622
1687737427,272629
1687737427,314872
1687737427,322157
1687737427,331081
1687737427,331976
1687737427,332311
1687737427,336235
1687737427,342081
1687737427,345408
1687737427,351787
1687737427,356090
1687737427,361054
1687737427,361206
1687737427,363838
1687737427,364402
1687737427,373871
1687737427,381887
1687737427,391155
1687737427,402768
1687737427,405629
1687737427,427699
1687737427,436852
1687737427,438082
1687737427,440883
1687737427,442851
1687737427,463777
1687737427,475362
1687737427,475616
1687737427,488675
1687737427,509474
1687737427,511368
1687737427,523883
1687737427,526265
1687737427,535169
1687737427,535454
1687737427,553477
1687737427,554065
1687737427,563506
1687737427,594127
1687737427,595408
1687737427,601959
1687737427,602126
1687737427,609311
1687737427,610974
1687737427,627182
1687737427,630871
1687737427,632344
1687737427,633308
1687737427,643289
1687737427,646088
1687737427,653573
1687737427,656630
1687737427,665668
1687737428,290327
1687737428,314057
1687737428,314853
1687737428,315674
1687737428,323756
1687737428,323956
1687737428,326786
1687737428,335730
1687737428,348354
1687737428,350151
1687737428,352287
1687737428,354368
1687737428,366589
1687737428,375858
1687737428,376739
1687737428,377357
1687737428,387972
1687737428,406422
1687737428,408570
1687737428,415127
1687737428,439762
1687737428,447309
1687737428,457724
1687737428,458053
1687737428,462113
1687737428,465242
1687737428,472608
1687737428,484910
1687737428,507666
1687737428,517849
1687737428,535556
1687737428,543952
1687737428,550258
1687737428,558577
1687737428,558889
1687737428,563669
1687737428,567129
1687737428,571827
1687737428,586241
1687737428,586572
1687737428,586901
1687737428,592032
1687737428,593999
1687737428,619720
1687737428,623789
1687737428,630795
1687737428,634341
1687737428,637684
1687737428,652185
1687737428,661314
1687737428,661949
1687737428,669864
1687737429,323619
1687737429,332310
1687737429,339284
1687737429,340494
1687737429,342565
1687737429,344526
1687737429,346753
1687737429,348464
1687737429,356668
1687737429,359636
1687737429,360709
1687737429,365114
1687737429,367180
1687737429,376054
1687737429,379915
1687737429,381176
1687737429,391967
1687737429,395330
1687737429,405936
1687737429,408977
1687737429,414680
1687737429,416713
1687737429,471088
1687737429,483251
1687737429,486741
1687737429,492779
1687737429,496807
1687737429,510262
1687737429,511779
1687737429,513317
1687737429,522409
1687737429,525569
1687737429,538611
1687737429,584394
1687737429,594401
1687737429,602464
1687737429,602530
1687737429,613010
1687737429,613512
1687737429,613637
1687737429,618095
1687737429,623101
1687737429,636373
1687737429,640707
1687737429,645615
1687737429,651848
1687737429,654962
1687737429,655283
1687737429,663687
1687737429,672268
1687737430,316468
1687737430,317552
1687737430,317775
1687737430,327198
1687737430,333196
1687737430,335159
1687737430,339233
1687737430,340651
1687737430,346548
1687737430,359483
1687737430,360193
1687737430,363215
1687737430,364318
1687737430,366198
1687737430,367889
1687737430,368062
1687737430,369472
1687737430,369580
1687737430,371137
1687737430,376111
1687737430,378016
1687737430,408383
1687737430,409379
1687737430,424023
1687737430,442896
1687737430,443785
1687737430,452956
1687737430,456121
1687737430,457530
1687737430,461564
1687737430,466772
1687737430,466828
1687737430,476191
1687737430,481539
1687737430,500695
1687737430,519358
1687737430,522740
1687737430,540544
1687737430,541912
1687737430,544066
1687737430,548672
1687737430,555157
1687737430,561422
1687737430,565227
1687737430,566239
1687737430,566717
1687737430,571408
1687737430,600854
1687737430,608080
1687737430,618142
1687737430,631872
1687737430,633477
1687737430,634187
1687737430,635538
1687737430,635766
1687737430,647423
1687737430,654472
1687737430,661293
1687737430,670674
1687737431,311098
1687737431,319477
1687737431,330363
1687737431,332555
1687737431,334221
1687737431,336201
1687737431,338197
1687737431,348315
1687737431,348629
1687737431,353330
1687737431,355146
1687737431,361731
1687737431,391855
1687737431,402015
1687737431,406320
1687737431,411058
1687737431,435495
1687737431,446138
1687737431,461851
1687737431,467756
1687737431,495193
1687737431,500094
1687737431,506440
1687737431,509895
1687737431,510839
1687737431,512977
1687737431,513691
1687737431,519090
1687737431,521842
1687737431,550437
1687737431,565399
1687737431,595167
1687737431,598114
1687737431,601138
1687737431,604274
1687737431,607621
1687737431,609064
1687737431,612344
1687737431,612456
1687737431,629947
1687737431,631915
1687737431,636040
1687737431,639023
1687737431,641967
1687737431,643909
1687737431,650394
1687737431,656143
1687737431,662894
1687737432,312859
1687737432,324535
1687737432,324707
1687737432,332737
1687737432,335617
1687737432,336250
1687737432,338172
1687737432,341157
1687737432,341168
1687737432,342070
1687737432,350934
1687737432,354764
1687737432,356953
1687737432,373513
1687737432,374867
1687737432,380059
1687737432,380730
1687737432,388733
1687737432,389981
1687737432,398191
1687737432,400502
1687737432,418650
1687737432,420979
1687737432,431005
1687737432,431395
1687737432,452437
1687737432,464787
1687737432,466244
1687737432,479368
1687737432,487004
1687737432,491532
1687737432,494496
1687737432,496692
1687737432,508037
1687737432,519892
1687737432,520916
1687737432,525145
1687737432,535410
1687737432,543443
1687737432,559884
1687737432,564187
1687737432,567116
1687737432,571590
1687737432,576909
1687737432,591331
1687737432,622036
1687737432,629690
1687737432,629989
1687737432,634616
1687737432,635441
1687737432,648402
1687737432,648859
1687737432,650825
1687737432,664964
1687737432,673638
1687737433,311147
1687737433,320842
1687737433,326436
1687737433,331562
1687737433,334672
1687737433,335793
1687737433,337380
1687737433,342851
1687737433,348538
1687737433,356099
1687737433,376202
1687737433,378611
1687737433,384316
1687737433,387755
1687737433,404656
1687737433,405287
1687737433,414778
1687737433,422968
1687737433,428894
1687737433,464206
1687737433,472588
1687737433,479431
1687737433,509344
1687737433,511935
1687737433,516476
1687737433,528502
1687737433,540649
1687737433,571599
1687737433,580056
1687737433,591036
1687737433,591159
1687737433,591454
1687737433,604205
1687737433,615268
1687737433,622468
1687737433,624574
1687737433,625163
1687737433,633213
1687737433,634562
1687737433,634785
1687737433,636880
1687737433,644773
1687737433,645613
1687737433,653495
1687737433,668614
1687737434,311921
1687737434,317782
1687737434,331918
1687737434,336899
1687737434,339063
1687737434,341011
1687737434,360082
1687737434,366343
1687737434,367203
1687737434,378594
1687737434,388865
1687737434,392705
1687737434,393518
1687737434,401871
1687737434,415117
1687737434,415648
1687737434,452821
1687737434,462302
1687737434,462828
1687737434,467339
1687737434,470439
1687737434,487270
1687737434,493371
1687737434,496324
1687737434,502093
1687737434,507165
1687737434,516086
1687737434,557143
1687737434,558017
1687737434,564047
1687737434,565563
1687737434,567970
1687737434,576611
1687737434,585559
1687737434,587540
1687737434,592931
1687737434,593756
1687737434,597175
1687737434,607675
1687737434,613486
1687737434,620776
1687737434,628031
1687737434,631071
1687737434,642723
1687737434,648029
1687737434,650895
1687737434,657241
1687737434,672735
1687737435,314383
1687737435,328430
1687737435,328469
1687737435,335535
1687737435,338770
1687737435,339958
1687737435,344523
1687737435,347684
1687737435,354154
1687737435,370988
1687737435,375814
1687737435,376626
1687737435,387628
1687737435,391314
1687737435,395846
1687737435,401674
1687737435,402746
1687737435,410324
1687737435,446714
1687737435,447543
1687737435,466056
1687737435,482676
1687737435,496363
1687737435,496729
1687737435,502184
1687737435,511128
1687737435,551670
1687737435,558224
1687737435,560139
1687737435,573169
1687737435,573615
1687737435,583183
1687737435,598383
1687737435,610155
1687737435,620139
1687737435,620438
1687737435,638476
1687737435,638939
1687737435,644005
1687737435,644950
1687737435,660421
1687737435,670846
1687737436,321844
1687737436,328709
1687737436,328812
1687737436,336063
1687737436,336682
1687737436,346432
1687737436,347151
1687737436,360477
1687737436,374505
1687737436,379635
1687737436,392995
1687737436,394115
1687737436,404829
1687737436,405806
1687737436,412773
1687737436,421661
1687737436,425157
1687737436,428940
1687737436,467281
1687737436,480625
1687737436,489082
1687737436,491659
1687737436,496291
1687737436,503321
1687737436,515231
1687737436,515416
1687737436,526451
1687737436,529324
1687737436,534617
1687737436,560046
1687737436,564327
1687737436,580724
1687737436,586827
1687737436,589024
1687737436,592100
1687737436,595083
1687737436,599385
1687737436,602041
1687737436,605271
1687737436,612867
1687737436,612885
1687737436,616617
1687737436,627791
1687737436,633627
1687737436,635842
1687737436,642680
1687737436,652445
1687737436,661563
1687737436,661735
1687737436,663824
1687737437,309880
1687737437,314453
1687737437,324015
1687737437,330196
1687737437,331800
1687737437,332497
1687737437,334317
1687737437,334552
1687737437,334980
1687737437,344329
1687737437,354078
1687737437,354308
1687737437,355284
1687737437,358219
1687737437,362670
1687737437,377649
1687737437,381698
1687737437,384516
1687737437,385493
1687737437,399299
1687737437,410441
1687737437,422915
1687737437,424786
1687737437,434960
1687737437,435261
1687737437,463739
1687737437,472986
1687737437,476313
1687737437,478289
1687737437,498926
1687737437,502369
1687737437,506267
1687737437,522901
1687737437,532198
1687737437,536381
1687737437,567542
1687737437,582470
1687737437,587716
1687737437,590058
1687737437,618780
1687737437,623979
1687737437,625160
1687737437,632080
1687737437,640295
1687737437,641608
1687737437,651539
1687737437,654972
1687737437,668326
1687737437,672695
1687737438,315899
1687737438,316399
1687737438,326435
1687737438,327857
1687737438,337062
1687737438,345471
1687737438,350858
1687737438,356498
1687737438,363703
1687737438,383817
1687737438,394816
1687737438,397898
1687737438,432299
1687737438,437614
1687737438,453562
1687737438,470524
1687737438,488619
1687737438,489518
1687737438,500863
1687737438,505792
1687737438,507143
1687737438,536203
1687737438,558286
1687737438,559335
1687737438,570170
1687737438,573637
1687737438,578218
1687737438,578700
1687737438,578769
1687737438,598784
1687737438,604602
1687737438,623556
1687737438,630326
1687737438,631132
1687737438,633248
1687737438,633971
1687737438,637025
1687737438,641608
1687737438,644354
1687737438,649050
1687737438,650107
1687737438,653265
1687737439,308986
1687737439,313166
1687737439,313413
1687737439,323216
1687737439,329371
1687737439,330578
1687737439,331677
1687737439,333898
1687737439,334326
1687737439,338345
1687737439,347215
1687737439,348143
1687737439,355984
1687737439,363298
1687737439,371023
1687737439,380280
1687737439,390825
1687737439,396597
1687737439,396778
1687737439,396899
1687737439,399863
1687737439,409645
1687737439,412519
1687737439,434123
1687737439,435504
1687737439,438941
1687737439,439804
1687737439,457037
1687737439,460752
1687737439,461269
1687737439,467355
1687737439,482959
1687737439,497999
1687737439,506219
1687737439,512000
1687737439,530820
1687737439,542597
1687737439,545623
1687737439,547246
1687737439,562300
1687737439,564119
1687737439,566654
1687737439,592935
1687737439,598791
1687737439,603985
1687737439,605173
1687737439,606143
1687737439,631535
1687737439,632605
1687737439,638074
1687737439,639733
1687737439,640318
1687737439,640665
1687737439,661975
1687737439,666192
1687737440,321008
1687737440,323451
1687737440,327074
1687737440,338134
1687737440,338746
1687737440,340077
1687737440,352519
1687737440,354772
1687737440,355276
1687737440,355672
1687737440,357034
1687737440,368022
1687737440,368126
1687737440,369969
1687737440,377314
1687737440,378177
1687737440,378690
1687737440,412163
1687737440,437245
1687737440,456061
1687737440,457582
1687737440,458133
1687737440,458472
1687737440,485418
1687737440,504446
1687737440,515858
1687737440,524686
1687737440,546432
1687737440,546722
1687737440,563797
1687737440,574293
1687737440,578037
1687737440,579851
1687737440,581675
1687737440,596197
1687737440,618715
1687737440,622239
1687737440,623337
1687737440,623752
1687737440,626390
1687737440,626593
1687737440,635781
1687737440,637580
1687737440,638274
1687737440,648921
1687737440,649497
1687737440,656806
1687737440,664348
1687737440,672366
1687737441,308181
1687737441,317352
1687737441,319311
1687737441,324540
1687737441,325748
1687737441,329988
1687737441,333140
1687737441,333407
1687737441,338962
1687737441,340560
1687737441,347516
1687737441,356193
1687737441,372730
1687737441,381191
1687737441,385921
1687737441,387850
1687737441,396106
1687737441,399288
1687737441,410345
1687737441,419473
1687737441,420488
1687737441,442525
1687737441,470450
1687737441,478242
1687737441,478653
1687737441,485384
1687737441,490232
1687737441,502842
1687737441,520991
1687737441,521351
1687737441,524925
1687737441,525917
1687737441,564562
1687737441,574900
1687737441,577511
1687737441,584635
1687737441,586330
1687737441,596473
1687737441,598484
1687737441,622951
1687737441,626547
1687737441,637201
1687737441,637342
1687737441,640421
1687737441,644104
1687737441,652928
1687737441,659578
1687737441,664509
1687737442,325191
1687737442,325368
1687737442,327027
1687737442,332572
1687737442,337459
1687737442,340192
1687737442,340701
1687737442,343175
1687737442,379204
1687737442,382936
1687737442,386781
1687737442,402539
1687737442,407828
1687737442,408086
1687737442,427838
1687737442,453322
1687737442,467796
1687737442,477747
1687737442,484544
1687737442,487127
1687737442,500423
1687737442,510840
1687737442,520988
1687737442,539781
1687737442,552350
1687737442,555786
1687737442,564487
1687737442,571481
1687737442,576196
1687737442,584464
1687737442,586185
1687737442,592587
1687737442,602875
1687737442,602878
1687737442,608662
1687737442,609650
1687737442,618892
1687737442,628489
1687737442,630015
1687737442,634209
1687737442,639133
1687737442,639658
1687737442,642587
1687737442,645747
1687737442,658382
1687737443,308739
1687737443,309642
1687737443,312345
1687737443,320070
1687737443,327835
1687737443,333372
1687737443,336864
1687737443,344349
1687737443,345274
1687737443,346381
1687737443,359139
1687737443,361733
1687737443,363665
1687737443,363931
1687737443,364061
1687737443,370320
1687737443,392899
1687737443,395507
1687737443,400552
1687737443,405153
1687737443,406119
1687737443,426888
1687737443,439316
1687737443,441944
1687737443,442073
1687737443,461109
1687737443,474615
1687737443,488718
1687737443,496600
1687737443,498637
1687737443,510847
1687737443,512597
1687737443,545353
1687737443,556077
1687737443,564522
1687737443,564545
1687737443,573660
1687737443,586174
1687737443,595711
1687737443,597703
1687737443,606545
1687737443,627858
1687737443,637127
1687737443,637589
1687737443,640762
1687737443,644740
1687737443,662457
1687737443,664598
1687737444,305651
1687737444,326278
1687737444,327783
1687737444,333740
1687737444,335049
1687737444,339670
1687737444,341160
1687737444,355574
1687737444,361275
1687737444,375405
1687737444,377070
1687737444,397146
1687737444,398470
1687737444,401061
1687737444,424517
1687737444,427752
1687737444,466671
1687737444,467387
1687737444,467714
1687737444,490146
1687737444,496077
1687737444,497289
1687737444,497687
1687737444,508745
1687737444,535189
1687737444,556859
1687737444,572326
1687737444,575488
1687737444,575505
1687737444,577376
1687737444,586506
1687737444,594788
1687737444,609195
1687737444,616119
1687737444,618412
1687737444,619428
1687737444,627719
1687737444,630592
1687737444,634136
1687737444,635106
1687737444,645333
1687737444,648653
1687737444,651542
1687737444,654060
1687737444,654924
1687737444,656389
1687737444,663446
1687737445,314051
1687737445,314414
1687737445,329857
1687737445,331814
1687737445,332872
1687737445,334198
1687737445,336685
1687737445,339070
1687737445,341144
1687737445,343742
1687737445,350778
1687737445,353279
1687737445,375278
1687737445,376932
1687737445,387902
1687737445,403218
1687737445,407168
1687737445,410915
1687737445,415536
1687737445,419155
1687737445,437746
1687737445,463898
1687737445,467264
1687737445,469504
1687737445,489970
1687737445,495935
1687737445,502952
1687737445,508223
1687737445,508550
1687737445,512687
1687737445,537334
1687737445,539299
1687737445,566797
1687737445,569406
1687737445,576290
1687737445,591805
1687737445,593318
1687737445,596271
1687737445,597261
1687737445,622318
1687737445,623051
1687737445,624815
1687737445,626462
1687737445,628906
1687737445,638236
1687737445,646197
1687737445,668481
1687737446,321640
1687737446,330850
1687737446,332045
1687737446,339275
1687737446,339962
1687737446,342109
1687737446,344114
1687737446,345979
1687737446,346340
1687737446,351247
1687737446,368120
1687737446,376281
1687737446,385550
1687737446,395914
1687737446,398948
1687737446,419802
1687737446,426018
1687737446,430487
1687737446,439216
1687737446,444886
1687737446,464059
1687737446,471683
1687737446,496119
1687737446,496374
1687737446,512264
1687737446,518802
1687737446,520778
1687737446,528173
1687737446,529420
1687737446,536067
1687737446,547484
1687737446,563813
1687737446,564808
1687737446,573964
1687737446,577828
1687737446,580644
1687737446,591896
1687737446,597219
1687737446,605442
1687737446,605487
1687737446,608526
1687737446,611993
1687737446,613060
1687737446,614406
1687737446,619584
1687737446,629107
1687737446,633133
1687737446,637045
1687737446,642289
1687737446,652516
1687737446,657055
1687737446,657326
1687737446,664583
1687737446,671973
1687737447,259561
1687737447,271647
1687737447,314664
1687737447,320986
1687737447,331955
1687737447,332439
1687737447,335784
1687737447,341328
1687737447,345985
1687737447,350469
1687737447,354671
1687737447,359978
1687737447,364991
1687737447,365339
1687737447,372410
1687737447,380333
1687737447,389468
1687737447,401191
1687737447,407742
1687737447,426190
1687737447,434456
1687737447,436007
1687737447,443347
1687737447,444968
1687737447,461593
1687737447,473717
1687737447,477150
1687737447,486595
1687737447,499787
1687737447,511637
1687737447,513410
1687737447,521903
1687737447,524464
1687737447,533317
1687737447,533586
1687737447,555380
1687737447,555568
1687737447,561783
1687737447,578890
1687737447,592325
1687737447,596765
1687737447,601119
1687737447,609524
1687737447,609938
1687737447,626247
1687737447,630752
1687737447,634737
1687737447,641980
1687737447,646703
1687737447,656904
1687737447,666197
1687737448,291277
1687737448,314492
1687737448,314678
1687737448,315969
1687737448,323039
1687737448,324455
1687737448,326585
1687737448,336110
1687737448,347639
1687737448,347732
1687737448,350765
1687737448,350924
1687737448,355292
1687737448,355772
1687737448,362371
1687737448,366720
1687737448,371497
1687737448,374943
1687737448,376392
1687737448,378773
1687737448,389328
1687737448,408551
1687737448,413368
1687737448,437781
1687737448,449329
1687737448,455574
1687737448,459840
1687737448,463195
1687737448,464442
1687737448,474694
1687737448,486903
1687737448,509386
1687737448,509441
1687737448,516140
1687737448,537081
1687737448,552227
1687737448,556524
1687737448,560624
1687737448,562134
1687737448,567992
1687737448,573234
1687737448,584816
1687737448,587597
1687737448,588378
1687737448,592166
1687737448,593904
1687737448,611410
1687737448,617998
1687737448,624950
1687737448,632136
1687737448,635074
1687737448,636688
1687737448,651516
1687737448,661238
1687737448,662383
1687737448,669564
1687737449,323033
1687737449,332070
1687737449,340081
1687737449,340849
1687737449,342588
1687737449,344570
1687737449,346749
1687737449,357559
1687737449,359143
1687737449,366152
1687737449,366923
1687737449,367442
1687737449,377030
1687737449,379720
1687737449,380574
1687737449,390101
1687737449,393869
1687737449,407207
1687737449,407949
1687737449,412147
1687737449,412773
1687737449,418961
1687737449,440783
1687737449,484324
1687737449,485593
1687737449,490877
1687737449,508546
1687737449,511185
1687737449,513810
1687737449,527750
1687737449,540085
1687737449,563530
1687737449,582484
1687737449,595738
1687737449,595770
1687737449,603263
1687737449,603268
1687737449,611450
1687737449,612677
1687737449,612749
1687737449,619411
1687737449,623861
1687737449,631027
1687737449,634920
1687737449,641291
1687737449,646236
1687737449,653020
1687737449,654417
1687737449,654746
1687737449,663570
1687737449,670233
1687737449,672415
1687737450,312386
1687737450,316002
1687737450,318053
1687737450,318173
1687737450,327360
1687737450,333415
1687737450,334875
1687737450,338545
1687737450,341478
1687737450,347244
1687737450,358584
1687737450,365106
1687737450,366569
1687737450,368180
1687737450,369879
1687737450,371099
1687737450,373024
1687737450,374429
1687737450,402661
1687737450,410776
1687737450,411856
1687737450,424728
1687737450,444163
1687737450,450862
1687737450,455775
1687737450,458273
1687737450,463499
1687737450,464832
1687737450,468851
1687737450,478307
1687737450,479152
1687737450,521507
1687737450,524810
1687737450,539816
1687737450,542145
1687737450,546884
1687737450,556583
1687737450,559776
1687737450,568635
1687737450,573006
1687737450,583277
1687737450,585136
1687737450,601719
1687737450,602585
1687737450,609013
1687737450,631986
1687737450,632294
1687737450,633025
1687737450,634614
1687737450,638996
1687737450,648600
1687737450,654966
1687737450,661823
1687737450,670279
1687737451,311361
1687737451,319145
1687737451,328141
1687737451,330525
1687737451,333053
1687737451,337128
1687737451,339058
1687737451,348073
1687737451,349754
1687737451,353829
1687737451,354477
1687737451,362529
1687737451,393572
1687737451,400528
1687737451,408448
1687737451,409576
1687737451,431785
1687737451,437640
1687737451,439295
1687737451,443720
1687737451,459151
1687737451,462404
1687737451,469763
1687737451,495694
1687737451,498403
1687737451,502905
1687737451,504328
1687737451,507714
1687737451,511089
1687737451,511125
1687737451,515609
1687737451,519081
1687737451,521789
1687737451,538413
1687737451,551991
1687737451,567268
1687737451,582859
1687737451,592309
1687737451,596568
1687737451,596867
1687737451,603089
1687737451,605949
1687737451,609674
1687737451,610366
1687737451,613248
1687737451,621528
1687737451,630992
1687737451,637399
1687737451,641782
1687737451,644591
1687737451,649925
1687737451,662554
1687737452,312726
1687737452,313295
1687737452,324660
1687737452,325022
1687737452,332296
1687737452,336803
1687737452,338705
1687737452,340719
1687737452,340994
1687737452,341358
1687737452,349499
1687737452,357758
1687737452,372079
1687737452,373570
1687737452,381951
1687737452,382592
1687737452,384277
1687737452,390614
1687737452,396334
1687737452,416965
1687737452,429414
1687737452,433439
1687737452,435138
1687737452,451910
1687737452,462580
1687737452,464157
1687737452,479089
1687737452,489139
1687737452,496451
1687737452,496584
1687737452,507545
1687737452,519770
1687737452,522421
1687737452,523309
1687737452,533464
1687737452,545694
1687737452,561655
1687737452,565424
1687737452,569602
1687737452,578388
1687737452,592971
1687737452,621394
1687737452,631413
1687737452,633499
1687737452,633738
1687737452,649573
1687737452,650102
1687737452,665718
1687737452,673575
1687737453,311035
1687737453,311192
1687737453,325812
1687737453,329736
1687737453,331120
1687737453,335654
1687737453,336151
1687737453,336632
1687737453,355353
1687737453,355483
1687737453,356070
1687737453,377280
1687737453,377512
1687737453,386023
1687737453,386220
1687737453,389197
1687737453,390842
1687737453,402968
1687737453,407416
1687737453,414093
1687737453,414469
1687737453,420851
1687737453,427062
1687737453,461935
1687737453,474938
1687737453,477666
1687737453,487280
1687737453,489198
1687737453,507390
1687737453,513955
1687737453,518022
1687737453,518130
1687737453,526543
1687737453,542743
1687737453,555309
1687737453,565679
1687737453,569434
1687737453,577043
1687737453,581851
1687737453,589977
1687737453,592318
1687737453,602325
1687737453,616123
1687737453,623515
1687737453,623666
1687737453,623819
1687737453,633588
1687737453,633912
1687737453,635925
1687737453,636379
1687737453,645071
1687737453,645372
1687737453,647432
1687737453,654687
1687737453,663596
1687737453,668564
1687737454,220352
1687737454,236906
1687737454,254604
1687737454,280096
1687737454,307933
1687737454,311947
1687737454,318149
1687737454,320336
1687737454,323211
1687737454,331803
1687737454,337323
1687737454,338035
1687737454,340815
1687737454,361228
1687737454,367070
1687737454,368975
1687737454,376953
1687737454,390766
1687737454,391851
1687737454,404049
1687737454,413298
1687737454,417465
1687737454,450613
1687737454,460800
1687737454,464589
1687737454,465397
1687737454,468270
1687737454,485075
1687737454,495539
1687737454,498701
1687737454,503732
1687737454,505298
1687737454,518160
1687737454,555826
1687737454,562022
1687737454,566368
1687737454,567380
1687737454,587050
1687737454,588758
1687737454,591175
1687737454,595087
1687737454,608994
1687737454,614892
1687737454,621555
1687737454,627645
1687737454,632289
1687737454,643849
1687737454,647226
1687737454,649565
1687737454,656755
1687737454,673042
1687737455,156617
1687737455,165760
1687737455,176040
1687737455,183235
1687737455,197580
1687737455,314065
1687737455,328487
1687737455,329163
1687737455,336266
1687737455,338007
1687737455,339218
1687737455,340705
1687737455,345425
1687737455,346000
1687737455,348196
1687737455,369690
1687737455,374382
1687737455,374815
1687737455,386041
1687737455,392877
1687737455,394253
1687737455,403572
1687737455,444290
1687737455,449616
1687737455,468077
1687737455,480708
1687737455,494230
1687737455,498570
1687737455,500431
1687737455,513028
1687737455,531429
1687737455,553120
1687737455,556152
1687737455,562105
1687737455,571873
1687737455,574612
1687737455,581887
1687737455,596575
1687737455,610759
1687737455,617995
1687737455,620990
1687737455,638794
1687737455,639383
1687737455,642722
1687737455,644039
1687737455,661077
1687737456,139640
1687737456,143017
1687737456,143303
1687737456,149241
1687737456,154201
1687737456,322488
1687737456,328690
1687737456,329258
1687737456,336477
1687737456,336984
1687737456,345645
1687737456,359397
1687737456,360860
1687737456,375602
1687737456,381295
1687737456,394917
1687737456,396112
1687737456,403032
1687737456,411041
1687737456,423874
1687737456,426988
1687737456,427656
1687737456,465853
1687737456,482366
1687737456,491438
1687737456,493927
1687737456,494493
1687737456,504250
1687737456,505566
1687737456,513329
1687737456,513593
1687737456,524621
1687737456,536733
1687737456,542237
1687737456,561515
1687737456,562536
1687737456,578555
1687737456,581954
1687737456,593298
1687737456,596698
1687737456,600885
1687737456,606259
1687737456,613774
1687737456,626156
1687737456,633060
1687737456,634855
1687737456,643249
1687737456,652634
1687737456,660815
1687737456,661808
1687737456,664635
1687737456,670512
1687737457,139046
1687737457,140224
1687737457,140269
1687737457,141721
1687737457,142944
1687737457,143711
1687737457,309949
1687737457,323749
1687737457,331112
1687737457,331887
1687737457,331909
1687737457,332443
1687737457,334000
1687737457,334406
1687737457,334900
1687737457,344355
1687737457,353242
1687737457,353828
1687737457,355567
1687737457,359063
1687737457,376161
1687737457,380099
1687737457,382127
1687737457,384083
1687737457,386465
1687737457,401546
1687737457,407843
1687737457,412319
1687737457,422670
1687737457,425148
1687737457,433091
1687737457,433327
1687737457,465789
1687737457,471072
1687737457,473873
1687737457,475979
1687737457,501052
1687737457,504659
1687737457,508462
1687737457,520979
1687737457,534481
1687737457,534797
1687737457,562204
1687737457,565798
1687737457,574250
1687737457,580436
1687737457,589091
1687737457,590702
1687737457,591592
1687737457,593150
1687737457,620047
1687737457,622640
1687737457,625993
1687737457,632012
1687737457,640582
1687737457,641036
1687737457,652509
1687737457,654196
1687737457,672658
1687737458,147136
1687737458,148437
1687737458,149505
1687737458,316119
1687737458,316330
1687737458,326397
1687737458,327142
1687737458,337752
1687737458,346363
1687737458,349779
1687737458,355299
1687737458,362182
1687737458,364678
1687737458,393009
1687737458,398697
1687737458,399853
1687737458,430087
1687737458,455651
1687737458,465946
1687737458,468828
1687737458,486774
1687737458,487698
1687737458,504034
1687737458,509178
1687737458,534244
1687737458,544057
1687737458,557376
1687737458,559815
1687737458,571951
1687737458,572099
1687737458,576782
1687737458,580236
1687737458,596634
1687737458,602866
1687737458,603335
1687737458,624131
1687737458,632502
1687737458,632651
1687737458,636198
1687737458,642083
1687737458,643422
1687737458,650418
1687737458,653201
1687737458,667800
1687737459,309031
1687737459,313411
1687737459,322927
1687737459,329658
1687737459,330388
1687737459,332103
1687737459,333677
1687737459,334200
1687737459,337402
1687737459,346824
1687737459,349406
1687737459,363904
1687737459,370037
1687737459,378547
1687737459,392763
1687737459,394612
1687737459,395121
1687737459,398224
1687737459,407901
1687737459,414332
1687737459,422968
1687737459,440998
1687737459,441847
1687737459,458743
1687737459,463042
1687737459,485241
1687737459,499124
1687737459,500061
1687737459,508473
1687737459,510228
1687737459,532421
1687737459,543830
1687737459,549546
1687737459,560164
1687737459,564880
1687737459,594402
1687737459,599644
1687737459,605444
1687737459,606816
1687737459,624245
1687737459,632653
1687737459,632871
1687737459,638759
1687737459,638877
1687737459,639210
1687737459,639382
1687737459,641461
1687737459,651115
1687737459,661470
1687737459,667050
1687737460,320443
1687737460,326615
1687737460,337990
1687737460,338447
1687737460,340790
1687737460,351790
1687737460,356179
1687737460,356587
1687737460,357102
1687737460,366531
1687737460,367067
1687737460,376221
1687737460,376265
1687737460,378511
1687737460,380707
1687737460,439651
1687737460,454376
1687737460,455641
1687737460,456101
1687737460,469177
1687737460,506041
1687737460,522917
1687737460,544935
1687737460,548520
1687737460,565659
1687737460,572516
1687737460,579549
1687737460,581248
1687737460,583097
1687737460,617677
1687737460,622257
1687737460,623083
1687737460,624441
1687737460,625839
1687737460,627637
1687737460,636241
1687737460,638197
1687737460,639117
1687737460,647699
1687737460,648966
1687737460,656223
1687737460,672190
1687737461,308206
1687737461,316996
1687737461,319879
1687737461,324056
1687737461,326046
1687737461,329041
1687737461,332827
1687737461,333426
1687737461,339512
1687737461,339939
1687737461,343935
1687737461,346461
1687737461,347732
1687737461,357620
1687737461,374588
1687737461,383027
1687737461,384149
1687737461,386128
1687737461,394618
1687737461,397570
1687737461,404626
1687737461,412851
1687737461,414304
1687737461,417212
1687737461,418342
1687737461,444101
1687737461,472416
1687737461,480489
1687737461,483021
1687737461,488688
1687737461,500989
1687737461,502001
1687737461,522894
1687737461,523510
1687737461,527326
1687737461,550228
1687737461,557278
1687737461,562825
1687737461,573208
1687737461,576004
1687737461,582629
1687737461,588134
1687737461,596398
1687737461,597432
1687737461,597634
1687737461,619426
1687737461,624940
1687737461,630392
1687737461,636233
1687737461,654233
1687737461,658931
1687737461,664366
1687737462,324571
1687737462,325207
1687737462,328010
1687737462,337350
1687737462,341267
1687737462,343970
1687737462,364599
1687737462,377571
1687737462,381562
1687737462,385331
1687737462,409620
1687737462,410426
1687737462,426090
1687737462,455214
1687737462,465941
1687737462,476231
1687737462,482455
1687737462,489314
1687737462,513134
1687737462,523121
1687737462,537708
1687737462,562891
1687737462,573009
1687737462,577605
1687737462,584530
1687737462,594046
1687737462,601686
1687737462,603822
1687737462,609346
1687737462,610673
1687737462,619646
1687737462,629445
1687737462,632903
1687737462,637908
1687737462,639234
1687737462,639621
1687737462,642081
1687737462,644767
1687737462,646276
1687737462,658960
1687737462,670675
1687737463,308746
1687737463,309407
1687737463,312366
1687737463,314217
1687737463,320362
1687737463,327232
1687737463,333531
1687737463,334164
1687737463,337802
1687737463,345047
1687737463,345551
1687737463,345643
1687737463,358097
1687737463,359882
1687737463,360796
1687737463,365062
1687737463,365655
1687737463,368831
1687737463,373353
1687737463,393754
1687737463,394428
1687737463,404324
1687737463,407202
1687737463,428541
1687737463,437063
1687737463,439440
1687737463,439821
1687737463,459038
1687737463,476577
1687737463,486613
1687737463,496868
1687737463,498838
1687737463,512514
1687737463,514671
1687737463,519163
1687737463,523162
1687737463,543429
1687737463,554721
1687737463,562840
1687737463,566558
1687737463,580293
1687737463,582955
1687737463,587392
1687737463,596921
1687737463,599419
1687737463,604693
1687737463,613625
1687737463,627250
1687737463,636044
1687737463,638883
1687737463,639586
1687737463,645290
1687737463,662809
1687737463,664154
1687737464,305558
1687737464,327060
1687737464,327824
1687737464,333972
1687737464,339146
1687737464,341898
1687737464,356196
1687737464,373705
1687737464,375702
1687737464,395323
1687737464,399206
1687737464,400205
1687737464,401430
1687737464,426596
1687737464,430090
1687737464,464439
1687737464,465581
1687737464,469472
1687737464,491782
1687737464,494265
1687737464,495732
1687737464,498186
1687737464,498937
1687737464,506922
1687737464,537068
1687737464,558421
1687737464,566170
1687737464,573314
1687737464,575925
1687737464,576863
1687737464,577880
1687737464,581135
1687737464,584485
1687737464,598338
1687737464,610443
1687737464,610552
1687737464,619525
1687737464,620194
1687737464,628233
1687737464,630026
1687737464,634436
1687737464,635417
1687737464,645115
1687737464,647727
1687737464,652101
1687737464,654283
1687737464,655068
1687737464,655199
1687737464,664323
1687737465,312667
1687737465,314173
1687737465,314512
1687737465,328818
1687737465,330765
1687737465,332880
1687737465,333732
1687737465,337749
1687737465,338096
1687737465,341764
1687737465,343695
1687737465,351917
1687737465,352247
1687737465,373772
1687737465,378157
1687737465,386312
1687737465,408614
1687737465,409203
1687737465,409245
1687737465,417287
1687737465,421804
1687737465,436281
1687737465,465415
1687737465,471676
1687737465,488061
1687737465,501486
1687737465,506401
1687737465,506738
1687737465,514809
1687737465,537491
1687737465,539560
1687737465,567117
1687737465,568288
1687737465,578114
1687737465,592058
1687737465,595765
1687737465,596189
1687737465,597516
1687737465,616851
1687737465,623463
1687737465,624916
1687737465,628529
1687737465,629554
1687737465,630214
1687737465,637206
1687737465,646840
1687737465,655945
1687737465,668329
1687737466,168815
1687737466,310646
1687737466,319809
1687737466,322335
1687737466,330579
1687737466,332068
1687737466,340478
1687737466,340758
1687737466,340765
1687737466,343795
1687737466,347010
1687737466,347619
1687737466,350479
1687737466,369299
1687737466,374747
1687737466,387382
1687737466,394281
1687737466,401015
1687737466,418004
1687737466,428020
1687737466,428205
1687737466,441292
1687737466,447172
1687737466,460299
1687737466,462020
1687737466,465371
1687737466,473908
1687737466,493995
1687737466,494473
1687737466,520407
1687737466,522675
1687737466,527622
1687737466,530178
1687737466,537679
1687737466,549044
1687737466,562007
1687737466,575872
1687737466,579187
1687737466,579532
1687737466,593039
1687737466,595171
1687737466,606289
1687737466,606426
1687737466,609879
1687737466,611679
1687737466,614572
1687737466,620446
1687737466,627677
1687737466,638248
1687737466,640672
1687737466,642411
1687737466,653695
1687737466,656377
1687737466,657762
1687737466,663949
1687737467,259514
1687737467,270713
1687737467,314463
1687737467,331908
1687737467,332580
1687737467,335344
1687737467,340630
1687737467,349177
1687737467,353251
1687737467,358820
1687737467,365588
1687737467,366915
1687737467,387795
1687737467,399615
1687737467,404793
1687737467,409884
1687737467,424677
1687737467,432080
1687737467,433937
1687737467,445795
1687737467,447058
1687737467,471814
1687737467,476823
1687737467,478959
1687737467,484519
1687737467,513811
1687737467,515417
1687737467,519922
1687737467,531510
1687737467,531703
1687737467,556717
1687737467,557652
1687737467,560050
1687737467,590474
1687737467,598092
1687737467,600056
1687737467,608074
1687737467,610568
1687737467,630605
1687737467,633872
1687737467,636196
1687737467,647317
1687737467,657111
1687737467,666619
1687737468,292225
1687737468,314149
1687737468,315333
1687737468,316277
1687737468,322323
1687737468,324966
1687737468,326441
1687737468,328871
1687737468,336559
1687737468,347113
1687737468,349284
1687737468,351687
1687737468,356213
1687737468,357416
1687737468,363674
1687737468,366857
1687737468,373167
1687737468,376908
1687737468,380234
1687737468,402502
1687737468,410682
1687737468,411653
1687737468,435787
1687737468,451331
1687737468,453445
1687737468,461140
1687737468,461583
1687737468,466768
1687737468,476774
1687737468,511081
1687737468,511488
1687737468,514461
1687737468,538582
1687737468,554501
1687737468,560575
1687737468,562329
1687737468,574630
1687737468,582720
1687737468,588931
1687737468,590164
1687737468,616227
1687737468,622224
1687737468,624678
1687737468,626143
1687737468,633486
1687737468,635645
1687737468,635758
1687737468,650836
1687737468,669237
1687737469,322472
1687737469,331899
1687737469,340883
1687737469,341219
1687737469,344597
1687737469,346722
1687737469,346801
1687737469,358455
1687737469,358655
1687737469,361003
1687737469,367693
1687737469,368310
1687737469,368759
1687737469,374598
1687737469,378307
1687737469,381280
1687737469,388247
1687737469,404969
1687737469,405452
1687737469,409985
1687737469,410846
1687737469,421253
1687737469,444573
1687737469,448783
1687737469,467271
1687737469,487958
1687737469,488960
1687737469,506826
1687737469,509084
1687737469,515813
1687737469,529897
1687737469,540492
1687737469,541534
1687737469,561785
1687737469,580549
1687737469,594327
1687737469,597094
1687737469,603965
1687737469,604030
1687737469,609901
1687737469,611830
1687737469,611908
1687737469,620661
1687737469,646855
1687737469,653539
1687737469,654149
1687737469,654481
1687737469,663378
1687737469,672496
1687737470,315576
1687737470,318569
1687737470,318627
1687737470,327549
1687737470,332582
1687737470,333643
1687737470,334660
1687737470,337898
1687737470,342315
1687737470,347957
1687737470,357698
1687737470,365266
1687737470,365916
1687737470,366927
1687737470,371753
1687737470,372644
1687737470,372721
1687737470,374932
1687737470,413174
1687737470,414348
1687737470,425405
1687737470,438716
1687737470,453971
1687737470,460439
1687737470,462860
1687737470,470868
1687737470,476812
1687737470,480439
1687737470,496178
1687737470,523653
1687737470,526860
1687737470,537807
1687737470,540228
1687737470,545067
1687737470,558006
1687737470,558089
1687737470,574599
1687737470,583443
1687737470,602570
1687737470,609898
1687737470,614826
1687737470,631113
1687737470,631824
1687737470,632076
1687737470,633473
1687737470,633644
1687737470,638945
1687737470,655416
1687737470,662308
1687737471,311634
1687737471,318832
1687737471,330732
1687737471,333572
1687737471,338082
1687737471,339916
1687737471,347527
1687737471,351188
1687737471,352521
1687737471,355711
1687737471,361169
1687737471,363351
1687737471,384463
1687737471,386107
1687737471,395364
1687737471,399017
1687737471,410596
1687737471,429489
1687737471,439805
1687737471,440981
1687737471,441319
1687737471,461203
1687737471,463019
1687737471,471735
1687737471,496707
1687737471,502256
1687737471,505131
1687737471,509137
1687737471,511422
1687737471,517535
1687737471,519071
1687737471,521725
1687737471,536293
1687737471,553572
1687737471,569134
1687737471,575380
1687737471,593557
1687737471,595564
1687737471,597921
1687737471,601930
1687737471,604037
1687737471,604302
1687737471,610305
1687737471,614103
1687737471,622633
1687737471,622835
1687737471,632076
1687737471,638779
1687737471,641543
1687737471,645252
1687737471,649420
1687737471,662180
1687737472,312583
1687737472,313198
1687737472,324646
1687737472,325539
1687737472,331899
1687737472,332773
1687737472,337352
1687737472,339230
1687737472,339957
1687737472,340261
1687737472,341614
1687737472,348122
1687737472,358542
1687737472,370648
1687737472,372317
1687737472,383867
1687737472,392481
1687737472,394539
1687737472,415274
1687737472,424953
1687737472,427448
1687737472,434781
1687737472,435834
1687737472,451393
1687737472,460378
1687737472,462028
1687737472,478793
1687737472,486812
1687737472,491278
1687737472,496213
1687737472,498640
1687737472,507049
1687737472,519633
1687737472,521473
1687737472,523934
1687737472,531539
1687737472,547917
1687737472,563403
1687737472,563695
1687737472,567575
1687737472,579867
1687737472,594541
1687737472,600400
1687737472,616974
1687737472,630677
1687737472,631990
1687737472,632382
1687737472,632813
1687737472,648304
1687737472,651293
1687737472,655677
1687737472,666427
1687737472,673465
1687737473,311252
1687737473,325247
1687737473,329395
1687737473,330732
1687737473,335932
1687737473,336518
1687737473,336646
1687737473,354607
1687737473,355148
1687737473,356234
1687737473,376430
1687737473,378434
1687737473,384305
1687737473,388164
1687737473,388425
1687737473,401306
1687737473,409568
1687737473,414158
1687737473,416059
1687737473,418764
1687737473,425245
1687737473,459652
1687737473,475881
1687737473,477318
1687737473,489100
1687737473,505378
1687737473,519808
1687737473,520245
1687737473,524670
1687737473,544789
1687737473,567160
1687737473,567205
1687737473,575388
1687737473,583677
1687737473,588508
1687737473,593461
1687737473,622487
1687737473,622777
1687737473,624531
1687737473,632586
1687737473,634565
1687737473,635833
1687737473,637028
1687737473,645955
1687737473,646398
1687737473,648174
1687737473,655838
1687737473,662813
1687737473,668493
1687737474,219842
1687737474,236507
1687737474,254293
1687737474,279509
1687737474,307394
1687737474,312008
1687737474,318556
1687737474,319864
1687737474,323014
1687737474,331692
1687737474,337046
1687737474,337255
1687737474,337775
1687737474,340631
1687737474,345056
1687737474,346928
1687737474,362419
1687737474,367805
1687737474,370738
1687737474,375311
1687737474,389007
1687737474,390168
1687737474,392696
1687737474,406231
1687737474,411516
1687737474,419269
1687737474,448396
1687737474,458819
1687737474,463419
1687737474,466116
1687737474,466879
1687737474,482882
1687737474,497698
1687737474,501012
1687737474,503456
1687737474,505359
1687737474,520209
1687737474,553480
1687737474,553641
1687737474,560019
1687737474,560206
1687737474,564706
1687737474,569169
1687737474,588505
1687737474,589402
1687737474,589997
1687737474,596364
1687737474,610307
1687737474,616269
1687737474,622354
1687737474,627249
1687737474,633529
1687737474,641856
1687737474,644921
1687737474,646383
1687737474,656218
1687737474,673314
1687737475,140239
1687737475,156469
1687737475,165603
1687737475,175870
1687737475,183112
1687737475,197246
1687737475,313737
1687737475,328575
1687737475,329874
1687737475,337028
1687737475,338506
1687737475,341214
1687737475,346332
1687737475,348709
1687737475,368369
1687737475,372958
1687737475,372987
1687737475,384443
1687737475,392661
1687737475,394454
1687737475,405472
1687737475,407202
1687737475,441886
1687737475,451734
1687737475,470093
1687737475,478801
1687737475,492062
1687737475,498726
1687737475,500366
1687737475,554091
1687737475,554172
1687737475,554608
1687737475,564057
1687737475,570127
1687737475,576046
1687737475,580602
1687737475,594716
1687737475,611410
1687737475,613026
1687737475,621859
1687737475,638622
1687737475,640256
1687737475,641383
1687737475,643067
1687737475,661671
1687737476,139541
1687737476,143011
1687737476,143153
1687737476,149232
1687737476,154113
1687737476,314037
1687737476,323167
1687737476,328540
1687737476,329869
1687737476,336889
1687737476,337322
1687737476,344861
1687737476,344870
1687737476,358360
1687737476,366123
1687737476,376749
1687737476,382984
1687737476,396822
1687737476,398144
1687737476,401226
1687737476,409302
1687737476,425024
1687737476,426074
1687737476,430156
1687737476,464382
1687737476,484120
1687737476,492697
1687737476,493768
1687737476,496184
1687737476,507777
1687737476,511222
1687737476,512015
1687737476,538828
1687737476,560764
1687737476,562996
1687737476,576430
1687737476,580576
1687737476,594447
1687737476,598294
1687737476,599688
1687737476,607238
1687737476,614349
1687737476,614699
1687737476,624475
1687737476,625297
1687737476,630101
1687737476,632497
1687737476,633835
1687737476,640164
1687737476,643771
1687737476,652813
1687737476,660017
1687737476,661788
1687737476,665458
1687737476,670142
1687737477,139119
1687737477,140297
1687737477,141713
1687737477,142871
1687737477,143721
1687737477,310043
1687737477,316789
1687737477,323475
1687737477,332000
1687737477,332058
1687737477,332456
1687737477,333034
1687737477,334529
1687737477,335256
1687737477,344406
1687737477,352170
1687737477,352382
1687737477,357105
1687737477,359885
1687737477,374644
1687737477,378514
1687737477,378784
1687737477,382699
1687737477,388493
1687737477,403792
1687737477,409868
1687737477,414187
1687737477,420571
1687737477,427366
1687737477,430937
1687737477,431699
1687737477,467856
1687737477,469117
1687737477,471400
1687737477,473723
1687737477,503186
1687737477,506114
1687737477,506356
1687737477,510596
1687737477,519108
1687737477,522793
1687737477,533189
1687737477,536769
1687737477,564062
1687737477,576171
1687737477,578390
1687737477,581701
1687737477,590423
1687737477,592379
1687737477,593107
1687737477,594466
1687737477,597303
1687737477,621254
1687737477,621333
1687737477,624924
1687737477,626836
1687737477,631938
1687737477,639502
1687737477,641741
1687737477,652159
1687737477,653401
1687737477,653470
1687737477,672583
1687737478,147120
1687737478,148518
1687737478,149586
1687737478,154451
1687737478,315850
1687737478,326380
1687737478,326440
1687737478,338446
1687737478,347307
1687737478,348728
1687737478,354120
1687737478,365717
1687737478,375227
1687737478,380400
1687737478,391216
1687737478,400651
1687737478,401835
1687737478,427916
1687737478,457729
1687737478,467082
1687737478,467996
1687737478,484909
1687737478,485886
1687737478,502277
1687737478,510733
1687737478,511180
1687737478,532308
1687737478,561320
1687737478,570248
1687737478,574009
1687737478,575341
1687737478,581648
1687737478,594497
1687737478,601116
1687737478,607503
1687737478,625181
1687737478,628738
1687737478,630992
1687737478,631983
1687737478,635321
1687737478,642432
1687737478,642487
1687737478,651817
1687737478,653111
1687737478,667832
1687737479,157914
1687737479,158379
1687737479,160811
1687737479,168896
1687737479,169816
1687737479,169860
1687737479,309094
1687737479,313659
1687737479,322640
1687737479,328747
1687737479,331454
1687737479,332552
1687737479,333433
1687737479,334103
1687737479,336486
1687737479,346430
1687737479,350680
1687737479,358256
1687737479,364504
1687737479,369073
1687737479,376826
1687737479,392680
1687737479,393338
1687737479,394712
1687737479,396622
1687737479,406174
1687737479,416156
1687737479,443059
1687737479,443888
1687737479,456773
1687737479,462470
1687737479,463409
1687737479,464865
1687737479,487536
1687737479,497343
1687737479,502149
1687737479,508436
1687737479,533970
1687737479,541952
1687737479,545533
1687737479,551827
1687737479,558039
1687737479,563147
1687737479,579113
1687737479,595826
1687737479,600450
1687737479,601426
1687737479,606895
1687737479,609507
1687737479,632687
1687737479,634224
1687737479,638045
1687737479,640659
1687737479,642260
1687737479,646460
1687737479,660944
1687737480,176164
1687737480,181679
1687737480,182355
1687737480,312974
1687737480,319911
1687737480,326163
1687737480,337250
1687737480,338811
1687737480,341516
1687737480,357103
1687737480,357504
1687737480,365058
1687737480,366014
1687737480,374288
1687737480,379775
1687737480,382726
1687737480,406937
1687737480,406951
1687737480,415013
1687737480,442029
1687737480,452680
1687737480,453682
1687737480,453706
1687737480,474973
1687737480,507679
1687737480,515908
1687737480,521139
1687737480,543134
1687737480,550591
1687737480,567456
1687737480,570708
1687737480,581062
1687737480,582687
1687737480,584495
1687737480,598626
1687737480,616636
1687737480,620689
1687737480,620720
1687737480,623936
1687737480,625096
1687737480,625577
1687737480,628914
1687737480,635215
1687737480,636647
1687737480,637984
1687737480,638775
1687737480,639964
1687737480,644508
1687737480,648415
1687737480,655645
1687737480,671972
1687737481,190418
1687737481,195460
1687737481,196585
1687737481,308245
1687737481,316677
1687737481,320434
1687737481,323620
1687737481,326344
1687737481,328145
1687737481,332535
1687737481,333469
1687737481,339347
1687737481,340051
1687737481,345442
1687737481,351059
1687737481,359039
1687737481,376477
1687737481,382378
1687737481,384405
1687737481,384851
1687737481,393166
1687737481,395882
1687737481,406744
1687737481,415366
1687737481,416207
1687737481,416508
1687737481,445666
1687737481,464056
1687737481,474388
1687737481,480684
1687737481,482748
1687737481,487142
1687737481,499090
1687737481,513514
1687737481,520855
1687737481,525355
1687737481,528760
1687737481,548109
1687737481,558783
1687737481,561082
1687737481,571552
1687737481,574492
1687737481,580633
1687737481,589882
1687737481,594300
1687737481,598722
1687737481,621481
1687737481,623267
1687737481,630756
1687737481,655515
1687737481,658267
1687737481,664162
1687737482,190028
1687737482,200722
1687737482,206233
1687737482,208298
1687737482,209962
1687737482,213637
1687737482,323983
1687737482,325085
1687737482,329044
1687737482,337281
1687737482,341836
1687737482,344770
1687737482,365291
1687737482,375922
1687737482,380236
1687737482,383900
1687737482,411432
1687737482,412821
1687737482,424351
1687737482,436925
1687737482,457111
1687737482,474700
1687737482,480310
1687737482,491453
1687737482,503551
1687737482,515397
1687737482,517603
1687737482,525271
1687737482,535689
1687737482,561294
1687737482,574524
1687737482,579046
1687737482,582866
1687737482,595472
1687737482,600476
1687737482,604779
1687737482,610019
1687737482,611680
1687737482,630398
1687737482,631545
1687737482,636661
1687737482,638048
1687737482,639542
1687737482,641542
1687737482,646754
1687737482,659477
1687737482,671118
1687737483,208302
1687737483,219918
1687737483,223595
1687737483,224763
1687737483,308785
1687737483,309179
1687737483,312408
1687737483,320640
1687737483,326631
1687737483,332601
1687737483,333679
1687737483,334669
1687737483,338782
1687737483,343735
1687737483,346061
1687737483,346789
1687737483,357038
1687737483,358500
1687737483,359872
1687737483,366517
1687737483,367282
1687737483,367343
1687737483,387997
1687737483,392008
1687737483,395973
1687737483,402571
1687737483,404449
1687737483,409248
1687737483,430199
1687737483,434806
1687737483,437609
1687737483,456949
1687737483,478524
1687737483,484535
1687737483,495099
1687737483,500522
1687737483,501045
1687737483,514210
1687737483,514870
1687737483,516754
1687737483,533498
1687737483,538897
1687737483,541521
1687737483,553366
1687737483,561109
1687737483,568576
1687737483,574449
1687737483,581366
1687737483,588602
1687737483,598101
1687737483,601111
1687737483,602840
1687737483,626659
1687737483,634887
1687737483,638386
1687737483,640196
1687737483,645832
1687737483,663121
1687737483,663678
1687737484,222797
1687737484,223281
1687737484,305489
1687737484,327863
1687737484,327892
1687737484,332925
1687737484,338640
1687737484,342666
1687737484,356767
1687737484,372040
1687737484,374366
1687737484,393571
1687737484,397395
1687737484,399665
1687737484,401918
1687737484,428683
1687737484,432416
1687737484,462200
1687737484,463458
1687737484,471566
1687737484,493449
1687737484,493753
1687737484,500287
1687737484,505049
1687737484,559974
1687737484,571149
1687737484,577102
1687737484,579414
1687737484,582451
1687737484,597533
1687737484,611882
1687737484,620635
1687737484,620855
1687737484,620984
1687737484,628697
1687737484,629456
1687737484,633725
1687737484,636715
1687737484,644853
1687737484,646738
1687737484,652616
1687737484,653598
1687737484,653974
1687737484,656035
1687737484,665169
1687737485,314314
1687737485,314592
1687737485,323029
1687737485,327835
1687737485,329714
1687737485,332884
1687737485,333277
1687737485,337129
1687737485,338821
1687737485,339421
1687737485,341720
1687737485,342444
1687737485,343678
1687737485,350601
1687737485,353721
1687737485,366632
1687737485,372290
1687737485,379436
1687737485,384766
1687737485,407498
1687737485,411315
1687737485,419037
1687737485,424445
1687737485,434882
1687737485,463591
1687737485,473870
1687737485,486127
1687737485,503161
1687737485,504529
1687737485,504924
1687737485,516897
1687737485,535734
1687737485,541810
1687737485,564354
1687737485,564862
1687737485,569805
1687737485,579904
1687737485,590731
1687737485,594249
1687737485,617560
1687737485,623359
1687737485,624578
1687737485,628152
1687737485,636140
1687737485,647421
1687737485,667278
1687737485,668105
1687737486,310278
1687737486,330313
1687737486,332109
1687737486,341617
1687737486,343497
1687737486,348045
1687737486,348942
1687737486,349701
1687737486,370505
1687737486,373182
1687737486,389220
1687737486,392626
1687737486,403160
1687737486,425941
1687737486,430037
1687737486,443414
1687737486,449485
1687737486,459978
1687737486,476124
1687737486,491822
1687737486,492554
1687737486,521979
1687737486,525808
1687737486,532233
1687737486,539306
1687737486,550633
1687737486,560207
1687737486,577768
1687737486,578422
1687737486,580494
1687737486,593109
1687737486,594173
1687737486,607118
1687737486,607408
1687737486,614710
1687737486,621313
1687737486,626208
1687737486,639429
1687737486,642511
1687737486,654877
1687737486,655690
1687737486,658159
1687737486,663326
1687737487,259508
1687737487,269818
1687737487,318631
1687737487,331833
1687737487,332721
1687737487,333664
1687737487,334953
1687737487,339954
1687737487,347914
1687737487,351861
1687737487,357735
1687737487,368567
1687737487,386142
1687737487,398028
1687737487,412014
1687737487,423133
1687737487,429761
1687737487,431895
1687737487,448210
1687737487,449126
1687737487,469901
1687737487,480740
1687737487,482505
1687737487,515988
1687737487,517406
1687737487,517948
1687737487,529716
1687737487,529828
1687737487,552438
1687737487,558078
1687737487,558315
1687737487,559703
1687737487,588609
1687737487,598964
1687737487,599336
1687737487,606578
1687737487,611195
1687737487,630443
1687737487,634575
1687737487,637645
1687737487,639310
1687737487,647889
1687737487,657245
1687737487,666985
1687737488,293176
1687737488,313846
1687737488,315993
1687737488,316585
1687737488,321631
1687737488,325523
1687737488,326349
1687737488,337065
1687737488,346505
1687737488,347833
1687737488,352464
1687737488,357141
1687737488,359084
1687737488,364990
1687737488,366950
1687737488,371381
1687737488,377349
1687737488,381734
1687737488,409963
1687737488,412788
1687737488,433740
1687737488,451338
1687737488,453338
1687737488,459092
1687737488,463316
1687737488,469065
1687737488,478842
1687737488,512750
1687737488,512810
1687737488,520900
1687737488,540068
1687737488,556078
1687737488,558970
1687737488,564007
1687737488,576023
1687737488,580639
1687737488,590245
1687737488,591927
1687737488,614394
1687737488,627326
1687737488,634588
1687737488,634834
1687737488,636361
1687737488,642365
1687737488,650182
1687737488,668888
1687737489,331748
1687737489,341591
1687737489,341706
1687737489,344596
1687737489,345947
1687737489,346684
1687737489,358144
1687737489,359354
1687737489,361128
1687737489,366108
1687737489,367922
1687737489,370637
1687737489,372968
1687737489,376939
1687737489,382009
1687737489,386384
1687737489,403728
1687737489,408902
1687737489,412028
1687737489,423545
1687737489,452119
1687737489,465357
1687737489,487082
1687737489,490334
1687737489,505080
1687737489,507035
1687737489,517752
1687737489,525698
1687737489,532051
1687737489,538709
1687737489,542978
1687737489,560004
1687737489,578603
1687737489,592940
1687737489,598340
1687737489,604685
1687737489,604755
1687737489,608358
1687737489,610953
1687737489,611070
1687737489,621872
1687737489,629119
1687737489,647424
1687737489,652658
1687737489,654189
1687737489,655247
1687737489,663110
1687737489,672496
1687737490,319105
1687737490,319128
1687737490,327765
1687737490,329654
1687737490,333881
1687737490,334498
1687737490,337291
1687737490,343188
1687737490,348686
1687737490,356832
1687737490,365666
1687737490,370998
1687737490,373678
1687737490,374241
1687737490,376842
1687737490,415598
1687737490,416859
1687737490,426046
1687737490,436648
1687737490,445020
1687737490,460862
1687737490,462645
1687737490,463667
1687737490,472873
1687737490,474488
1687737490,482577
1687737490,496668
1687737490,525800
1687737490,528911
1687737490,535789
1687737490,538316
1687737490,555448
1687737490,556356
1687737490,559437
1687737490,576186
1687737490,581765
1687737490,603407
1687737490,610754
1687737490,610972
1687737490,629943
1687737490,630589
1687737490,632019
1687737490,632135
1687737490,632614
1687737490,655804
1687737490,662733
1687737491,311927
1687737491,318537
1687737491,330974
1687737491,334128
1687737491,340763
1687737491,351234
1687737491,352649
1687737491,357014
1687737491,360160
1687737491,366794
1687737491,386349
1687737491,397195
1687737491,397529
1687737491,412751
1687737491,438885
1687737491,442652
1687737491,463220
1687737491,473732
1687737491,495027
1687737491,500223
1687737491,507203
1687737491,507347
1687737491,511747
1687737491,519049
1687737491,519465
1687737491,521665
1687737491,534168
1687737491,555183
1687737491,558153
1687737491,571021
1687737491,594224
1687737491,594764
1687737491,599212
1687737491,600771
1687737491,602650
1687737491,605453
1687737491,615019
1687737491,620418
1687737491,623779
1687737491,633160
1687737491,638847
1687737491,640149
1687737491,641248
1687737491,645916
1687737491,648924
1687737491,661751
1687737491,667093
1687737492,182218
1687737492,312449
1687737492,313120
1687737492,324664
1687737492,326111
1687737492,331554
1687737492,337877
1687737492,338927
1687737492,339778
1687737492,339815
1687737492,341905
1687737492,346796
1687737492,359313
1687737492,369208
1687737492,371071
1687737492,377217
1687737492,385783
1687737492,387661
1687737492,392813
1687737492,394324
1687737492,413594
1687737492,416197
1687737492,425508
1687737492,426927
1687737492,434433
1687737492,438214
1687737492,450861
1687737492,458194
1687737492,459871
1687737492,478484
1687737492,492575
1687737492,493430
1687737492,495951
1687737492,500712
1687737492,503316
1687737492,506570
1687737492,519495
1687737492,519665
1687737492,525435
1687737492,561941
1687737492,565168
1687737492,565510
1687737492,581351
1687737492,596045
1687737492,598436
1687737492,598680
1687737492,619909
1687737492,624345
1687737492,631108
1687737492,631222
1687737492,647046
1687737492,652422
1687737492,655358
1687737493,311337
1687737493,324754
1687737493,329057
1687737493,330414
1687737493,336903
1687737493,337670
1687737493,353893
1687737493,375356
1687737493,379653
1687737493,382615
1687737493,390128
1687737493,411738
1687737493,413876
1687737493,416706
1687737493,457380
1687737493,479708
1687737493,484391
1687737493,490906
1687737493,521500
1687737493,522878
1687737493,546844
1687737493,551641
1687737493,564903
1687737493,568625
1687737493,573698
1687737493,580354
1687737493,585509
1687737493,587043
1687737493,594541
1687737493,621131
1687737493,621901
1687737493,625524
1687737493,631557
1687737493,635175
1687737493,635257
1687737493,638064
1687737493,643895
1687737493,645292
1687737493,645433
1687737493,656965
1687737493,662038
1687737493,668359
1687737494,219316
1687737494,236102
1687737494,254009
1687737494,278925
1687737494,306828
1687737494,312100
1687737494,318966
1687737494,319411
1687737494,331567
1687737494,335256
1687737494,336080
1687737494,338239
1687737494,340485
1687737494,346146
1687737494,346196
1687737494,363658
1687737494,366210
1687737494,368518
1687737494,372536
1687737494,373687
1687737494,387232
1687737494,388514
1687737494,394651
1687737494,405276
1687737494,408456
1687737494,409763
1687737494,421091
1687737494,456864
1687737494,461439
1687737494,463983
1687737494,469135
1687737494,474068
1687737494,480678
1687737494,499898
1687737494,501607
1687737494,503277
1687737494,506971
1687737494,522244
1687737494,558067
1687737494,562980
1687737494,570928
1687737494,587607
1687737494,589930
1687737494,591257
1687737494,597584
1687737494,610248
1687737494,611209
1687737494,611616
1687737494,623152
1687737494,626860
1687737494,634752
1687737494,645436
1687737494,645972
1687737494,646509
1687737494,655647
1687737495,156354
1687737495,165465
1687737495,175688
1687737495,183012
1687737495,196891
1687737495,313395
1687737495,314258
1687737495,322874
1687737495,328690
1687737495,330621
1687737495,336536
1687737495,337823
1687737495,337829
1687737495,341801
1687737495,344085
1687737495,347243
1687737495,371171
1687737495,371562
1687737495,382843
1687737495,391079
1687737495,407336
1687737495,409471
1687737495,432645
1687737495,439545
1687737495,453860
1687737495,472126
1687737495,476905
1687737495,489880
1687737495,497008
1687737495,502128
1687737495,552024
1687737495,556103
1687737495,565993
1687737495,568403
1687737495,577447
1687737495,579294
1687737495,592793
1687737495,611217
1687737495,612065
1687737495,622756
1687737495,625510
1687737495,638413
1687737495,639985
1687737495,641114
1687737495,641592
1687737495,642081
1687737495,662216
1687737495,669736
1687737496,143007
1687737496,143009
1687737496,149241
1687737496,154001
1687737496,313898
1687737496,323885
1687737496,328362
1687737496,330574
1687737496,337296
1687737496,337700
1687737496,343721
1687737496,357339
1687737496,363918
1687737496,384693
1687737496,398723
1687737496,399431
1687737496,399693
1687737496,400200
1687737496,423071
1687737496,428240
1687737496,446708
1687737496,462878
1687737496,471510
1687737496,485845
1687737496,490877
1687737496,496073
1687737496,507934
1687737496,509101
1687737496,509944
1687737496,510419
1687737496,520952
1687737496,535511
1687737496,540919
1687737496,558949
1687737496,564453
1687737496,574335
1687737496,579185
1687737496,598474
1687737496,608218
1687737496,615056
1687737496,615666
1687737496,619826
1687737496,620846
1687737496,622781
1687737496,631952
1687737496,632761
1687737496,644219
1687737496,661699
1687737497,139181
1687737497,139437
1687737497,140223
1687737497,140375
1687737497,141711
1687737497,142796
1687737497,143736
1687737497,310165
1687737497,315192
1687737497,321926
1687737497,323189
1687737497,332099
1687737497,332157
1687737497,332530
1687737497,333060
1687737497,334713
1687737497,335642
1687737497,344498
1687737497,350978
1687737497,351114
1687737497,358687
1687737497,360677
1687737497,373119
1687737497,376941
1687737497,377141
1687737497,381319
1687737497,390577
1687737497,406020
1687737497,411948
1687737497,416052
1687737497,418474
1687737497,428806
1687737497,429555
1687737497,430056
1687737497,467094
1687737497,468919
1687737497,469956
1687737497,505314
1687737497,508054
1687737497,512689
1687737497,517257
1687737497,531583
1687737497,539061
1687737497,543250
1687737497,562265
1687737497,576303
1687737497,578083
1687737497,591728
1687737497,594020
1687737497,594588
1687737497,595766
1687737497,596239
1687737497,622603
1687737497,625575
1687737497,627642
1687737497,631256
1687737497,631854
1687737497,638402
1687737497,642452
1687737497,652617
1687737497,653199
1687737497,654413
1687737497,672445
1687737498,147098
1687737498,148600
1687737498,149676
1687737498,154658
1687737498,313930
1687737498,315589
1687737498,317261
1687737498,325765
1687737498,326369
1687737498,339155
1687737498,347684
1687737498,348275
1687737498,353013
1687737498,366829
1687737498,378633
1687737498,389440
1687737498,402674
1687737498,403816
1687737498,425788
1687737498,445116
1687737498,459836
1687737498,465299
1687737498,466678
1687737498,470044
1687737498,483045
1687737498,484093
1687737498,500510
1687737498,512955
1687737498,513163
1687737498,530395
1687737498,562537
1687737498,562855
1687737498,568503
1687737498,575932
1687737498,578198
1687737498,583050
1687737498,592380
1687737498,599373
1687737498,608350
1687737498,626238
1687737498,627894
1687737498,629419
1687737498,632711
1687737498,634377
1687737498,641422
1687737498,642829
1687737498,653006
1687737498,653164
1687737498,666700
1687737499,157826
1687737499,158411
1687737499,161021
1687737499,168960
1687737499,169773
1687737499,169863
1687737499,309188
1687737499,322403
1687737499,327872
1687737499,332583
1687737499,333013
1687737499,333208
1687737499,334018
1687737499,335587
1687737499,339071
1687737499,346067
1687737499,351985
1687737499,359461
1687737499,365130
1687737499,368137
1687737499,375073
1687737499,390786
1687737499,391578
1687737499,395084
1687737499,396706
1687737499,404419
1687737499,417988
1687737499,427212
1687737499,445930
1687737499,451316
1687737499,461533
1687737499,464644
1687737499,489896
1687737499,495551
1687737499,504210
1687737499,506637
1687737499,516664
1687737499,535497
1687737499,540045
1687737499,547018
1687737499,553549
1687737499,554145
1687737499,555946
1687737499,561408
1687737499,597188
1687737499,599494
1687737499,601229
1687737499,608198
1687737499,624779
1687737499,635588
1687737499,636829
1687737499,641931
1687737499,643077
1687737499,645161
1687737499,660401
1687737499,668532
1687737500,176387
1687737500,181716
1687737500,182285
1687737500,319389
1687737500,325704
1687737500,336532
1687737500,339249
1687737500,342248
1687737500,358013
1687737500,358445
1687737500,363609
1687737500,364977
1687737500,364988
1687737500,372366
1687737500,381137
1687737500,384756
1687737500,407565
1687737500,409121
1687737500,444410
1687737500,450994
1687737500,451726
1687737500,473099
1687737500,509323
1687737500,515532
1687737500,517834
1687737500,519358
1687737500,541347
1687737500,552656
1687737500,568869
1687737500,569202
1687737500,582550
1687737500,584128
1687737500,585860
1687737500,595529
1687737500,599737
1687737500,615587
1687737500,617870
1687737500,619166
1687737500,624379
1687737500,626737
1687737500,630191
1687737500,637018
1687737500,637069
1687737500,639336
1687737500,640781
1687737500,646168
1687737500,647825
1687737500,655047
1687737500,671721
1687737501,195493
1687737501,308312
1687737501,316355
1687737501,321012
1687737501,323242
1687737501,326649
1687737501,327275
1687737501,332277
1687737501,333558
1687737501,338808
1687737501,340592
1687737501,344476
1687737501,350331
1687737501,360457
1687737501,378379
1687737501,380613
1687737501,382682
1687737501,386692
1687737501,391781
1687737501,394217
1687737501,408898
1687737501,412865
1687737501,414067
1687737501,417862
1687737501,418747
1687737501,447246
1687737501,462140
1687737501,476308
1687737501,478357
1687737501,485020
1687737501,485577
1687737501,497204
1687737501,518844
1687737501,527541
1687737501,530247
1687737501,546002
1687737501,569893
1687737501,572991
1687737501,578663
1687737501,591587
1687737501,592175
1687737501,599732
1687737501,620768
1687737501,621518
1687737501,631133
1687737501,656741
1687737501,657553
1687737501,663906
1687737502,190235
1687737502,201088
1687737502,205673
1687737502,209004
1687737502,209888
1687737502,213432
1687737502,323351
1687737502,324986
1687737502,330108
1687737502,337221
1687737502,342399
1687737502,345577
1687737502,366051
1687737502,374255
1687737502,378949
1687737502,382491
1687737502,413258
1687737502,415295
1687737502,434439
1687737502,459071
1687737502,473179
1687737502,478110
1687737502,493578
1687737502,505088
1687737502,516058
1687737502,517660
1687737502,527397
1687737502,527905
1687737502,533688
1687737502,559696
1687737502,560287
1687737502,576033
1687737502,580534
1687737502,581175
1687737502,596857
1687737502,599206
1687737502,605775
1687737502,610667
1687737502,612682
1687737502,626086
1687737502,630122
1687737502,631354
1687737502,634151
1687737502,635420
1687737502,636830
1687737502,639427
1687737502,640974
1687737502,647172
1687737502,659925
1687737502,671533
1687737503,208423
1687737503,219931
1687737503,223949
1687737503,224676
1687737503,308847
1687737503,308925
1687737503,312459
1687737503,320943
1687737503,326050
1687737503,330495
1687737503,332614
1687737503,333818
1687737503,335258
1687737503,339832
1687737503,342455
1687737503,346543
1687737503,348084
1687737503,355989
1687737503,357120
1687737503,358955
1687737503,365833
1687737503,368048
1687737503,368966
1687737503,389959
1687737503,390283
1687737503,397556
1687737503,400856
1687737503,411311
1687737503,431896
1687737503,432575
1687737503,435426
1687737503,454846
1687737503,480476
1687737503,482439
1687737503,493336
1687737503,502092
1687737503,503226
1687737503,515912
1687737503,518764
1687737503,539626
1687737503,540658
1687737503,552025
1687737503,559333
1687737503,570570
1687737503,579731
1687737503,589785
1687737503,599256
1687737503,600958
1687737503,602801
1687737503,633731
1687737503,637132
1687737503,641561
1687737503,646346
1687737503,652979
1687737503,663162
1687737503,663411
1687737504,222402
1687737504,223687
1687737504,224980
1687737504,228203
1687737504,236310
1687737504,305440
1687737504,327966
1687737504,328714
1687737504,331881
1687737504,338193
1687737504,343437
1687737504,357282
1687737504,370408
1687737504,373064
1687737504,391839
1687737504,395625
1687737504,397904
1687737504,403659
1687737504,430819
1687737504,434727
1687737504,454802
1687737504,459980
1687737504,461324
1687737504,473672
1687737504,484189
1687737504,491787
1687737504,495187
1687737504,502391
1687737504,503163
1687737504,561559
1687737504,568953
1687737504,572955
1687737504,577668
1687737504,578788
1687737504,579520
1687737504,580426
1687737504,583114
1687737504,598826
1687737504,613169
1687737504,618915
1687737504,621736
1687737504,628867
1687737504,629131
1687737504,632970
1687737504,637970
1687737504,644572
1687737504,647901
1687737504,652747
1687737504,652885
1687737504,653109
1687737504,656959
1687737504,665981
1687737505,232370
1687737505,235546
1687737505,236043
1687737505,237761
1687737505,314458
1687737505,314663
1687737505,326884
1687737505,328667
1687737505,332855
1687737505,332885
1687737505,336171
1687737505,339890
1687737505,342982
1687737505,343171
1687737505,343684
1687737505,349332
1687737505,355223
1687737505,370816
1687737505,371724
1687737505,380758
1687737505,383258
1687737505,405799
1687737505,413365
1687737505,414392
1687737505,420807
1687737505,427066
1687737505,432075
1687737505,433513
1687737505,461753
1687737505,476104
1687737505,490825
1687737505,502645
1687737505,503138
1687737505,504796
1687737505,518950
1687737505,533956
1687737505,544049
1687737505,552215
1687737505,562650
1687737505,571302
1687737505,573859
1687737505,581680
1687737505,589375
1687737505,592697
1687737505,599768
1687737505,618312
1687737505,621781
1687737505,625703
1687737505,627739
1687737505,635053
1687737505,667810
1687737506,234650
1687737506,236229
1687737506,238639
1687737506,244026
1687737506,244160
1687737506,245543
1687737506,309924
1687737506,323732
1687737506,330056
1687737506,332170
1687737506,338114
1687737506,342517
1687737506,343214
1687737506,348942
1687737506,349045
1687737506,350302
1687737506,371609
1687737506,390971
1687737506,391087
1687737506,405387
1687737506,423689
1687737506,445565
1687737506,451806
1687737506,457989
1687737506,478333
1687737506,489620
1687737506,490648
1687737506,523536
1687737506,524015
1687737506,534310
1687737506,540926
1687737506,558419
1687737506,577300
1687737506,579616
1687737506,581773
1687737506,591037
1687737506,595286
1687737506,607923
1687737506,608391
1687737506,614864
1687737506,622151
1687737506,623364
1687737506,624692
1687737506,637950
1687737506,640632
1687737506,642642
1687737506,654987
1687737506,656087
1687737506,658487
1687737506,662678
1687737507,237697
1687737507,244584
1687737507,248615
1687737507,259546
1687737507,268979
1687737507,294111
1687737507,331713
1687737507,332901
1687737507,334588
1687737507,334606
1687737507,346688
1687737507,350499
1687737507,356720
1687737507,366873
1687737507,370271
1687737507,375667
1687737507,384548
1687737507,414130
1687737507,421545
1687737507,427487
1687737507,429895
1687737507,450620
1687737507,451177
1687737507,467957
1687737507,480508
1687737507,482497
1687737507,515983
1687737507,518183
1687737507,519370
1687737507,527930
1687737507,527935
1687737507,550418
1687737507,556601
1687737507,559457
1687737507,561731
1687737507,586745
1687737507,597813
1687737507,600503
1687737507,605022
1687737507,608777
1687737507,611852
1687737507,612496
1687737507,621240
1687737507,630259
1687737507,635266
1687737507,639079
1687737507,648453
1687737507,657317
1687737507,667266
1687737508,240937
1687737508,246033
1687737508,246113
1687737508,246945
1687737508,247281
1687737508,249897
1687737508,313572
1687737508,314051
1687737508,316655
1687737508,316896
1687737508,320943
1687737508,326123
1687737508,326303
1687737508,337620
1687737508,345951
1687737508,346418
1687737508,353257
1687737508,358113
1687737508,360779
1687737508,366291
1687737508,367048
1687737508,369610
1687737508,377749
1687737508,406953
1687737508,408312
1687737508,414856
1687737508,431631
1687737508,449235
1687737508,455381
1687737508,456994
1687737508,465022
1687737508,471328
1687737508,480946
1687737508,503287
1687737508,511185
1687737508,514432
1687737508,519113
1687737508,541555
1687737508,557261
1687737508,557945
1687737508,559349
1687737508,565668
1687737508,577415
1687737508,578594
1687737508,591517
1687737508,591543
1687737508,593679
1687737508,606843
1687737508,612518
1687737508,626340
1687737508,628556
1687737508,633496
1687737508,636181
1687737508,642823
1687737508,649553
1687737508,668518
1687737509,190547
1687737509,241626
1687737509,245157
1687737509,251627
1687737509,331636
1687737509,341981
1687737509,342515
1687737509,344551
1687737509,345105
1687737509,346637
1687737509,357659
1687737509,360241
1687737509,361237
1687737509,362573
1687737509,366111
1687737509,368115
1687737509,371410
1687737509,372538
1687737509,375571
1687737509,382753
1687737509,384508
1687737509,402011
1687737509,414072
1687737509,425841
1687737509,444649
1687737509,445500
1687737509,463473
1687737509,485203
1687737509,492715
1687737509,505050
1687737509,519635
1687737509,534204
1687737509,536891
1687737509,544404
1687737509,558220
1687737509,576651
1687737509,599520
1687737509,605364
1687737509,605443
1687737509,608587
1687737509,610039
1687737509,610195
1687737509,623069
1687737509,628053
1687737509,647917
1687737509,651757
1687737509,653908
1687737509,656309
1687737509,662796
1687737509,672447
1687737510,313312
1687737510,314825
1687737510,319608
1687737510,319708
1687737510,321387
1687737510,327986
1687737510,334123
1687737510,334396
1687737510,336727
1687737510,344104
1687737510,349492
1687737510,355966
1687737510,364365
1687737510,369294
1687737510,375657
1687737510,375892
1687737510,378776
1687737510,418055
1687737510,419362
1687737510,422595
1687737510,426669
1687737510,434613
1687737510,450270
1687737510,458882
1687737510,464361
1687737510,464850
1687737510,472184
1687737510,474889
1687737510,484707
1687737510,497188
1687737510,519027
1687737510,527931
1687737510,530949
1687737510,533808
1687737510,536401
1687737510,541425
1687737510,554622
1687737510,560882
1687737510,577727
1687737510,580081
1687737510,604222
1687737510,611625
1687737510,628723
1687737510,629310
1687737510,630583
1687737510,631575
1687737510,632147
1687737510,634244
1687737510,656163
1687737510,663075
1687737511,196719
1687737511,312221
1687737511,318242
1687737511,331243
1687737511,334683
1687737511,341594
1687737511,349963
1687737511,354150
1687737511,358365
1687737511,359145
1687737511,388259
1687737511,396046
1687737511,399070
1687737511,406422
1687737511,414896
1687737511,436483
1687737511,444300
1687737511,465219
1687737511,475746
1687737511,493309
1687737511,505257
1687737511,509580
1687737511,512072
1687737511,521356
1687737511,521616
1687737511,532018
1687737511,556105
1687737511,556783
1687737511,572903
1687737511,592866
1687737511,595942
1687737511,599595
1687737511,600451
1687737511,600972
1687737511,606833
1687737511,611673
1687737511,615984
1687737511,622226
1687737511,624961
1687737511,638676
1687737511,640892
1687737511,641551
1687737511,646572
1687737511,648408
1687737511,653479
1687737511,661291
1687737511,667728
1687737512,182378
1687737512,312313
1687737512,313070
1687737512,324693
1687737512,326727
1687737512,331260
1687737512,337903
1687737512,338355
1687737512,339410
1687737512,340088
1687737512,340358
1687737512,342215
1687737512,345502
1687737512,360060
1687737512,367803
1687737512,369865
1687737512,387740
1687737512,391133
1687737512,396165
1687737512,411911
1687737512,423568
1687737512,428877
1687737512,434091
1687737512,440586
1687737512,450336
1687737512,456029
1687737512,457729
1687737512,472249
1687737512,478166
1687737512,495586
1687737512,495670
1687737512,502784
1687737512,506108
1687737512,517828
1687737512,519382
1687737512,526914
1687737512,560184
1687737512,563417
1687737512,566879
1687737512,572007
1687737512,582848
1687737512,596436
1687737512,597437
1687737512,619060
1687737512,621810
1687737512,626516
1687737512,630056
1687737512,631479
1687737512,645712
1687737512,645790
1687737512,655005
1687737513,311439
1687737513,324308
1687737513,328748
1687737513,330178
1687737513,334606
1687737513,337299
1687737513,338707
1687737513,353184
1687737513,374276
1687737513,380929
1687737513,380962
1687737513,386914
1687737513,392113
1687737513,398085
1687737513,413592
1687737513,413945
1687737513,414693
1687737513,455136
1687737513,482013
1687737513,482096
1687737513,492664
1687737513,501228
1687737513,519676
1687737513,521148
1687737513,523198
1687737513,549778
1687737513,562574
1687737513,570040
1687737513,585569
1687737513,587360
1687737513,595624
1687737513,619816
1687737513,620986
1687737513,630465
1687737513,634669
1687737513,635748
1687737513,639038
1687737513,643189
1687737513,644149
1687737513,658041
1687737513,661237
1687737513,668151
1687737514,218775
1687737514,235697
1687737514,253719
1687737514,278339
1687737514,306238
1687737514,312214
1687737514,319004
1687737514,319386
1687737514,331458
1687737514,335135
1687737514,338696
1687737514,340362
1687737514,345374
1687737514,347311
1687737514,364905
1687737514,369222
1687737514,372050
1687737514,374392
1687737514,385512
1687737514,386884
1687737514,396609
1687737514,408050
1687737514,410713
1687737514,422911
1687737514,454914
1687737514,459466
1687737514,461842
1687737514,471342
1687737514,478458
1687737514,499743
1687737514,502115
1687737514,503834
1687737514,505512
1687737514,508565
1687737514,524289
1687737514,556177
1687737514,557607
1687737514,561205
1687737514,572674
1687737514,585827
1687737514,591328
1687737514,592492
1687737514,598743
1687737514,612916
1687737514,623941
1687737514,626476
1687737514,636008
1687737514,644373
1687737514,646955
1687737514,646996
1687737514,655041
1687737515,143009
1687737515,156260
1687737515,165314
1687737515,175493
1687737515,182934
1687737515,196540
1687737515,313055
1687737515,322794
1687737515,328814
1687737515,331399
1687737515,335822
1687737515,337178
1687737515,338629
1687737515,339346
1687737515,342435
1687737515,348169
1687737515,369372
1687737515,370213
1687737515,381219
1687737515,383268
1687737515,389478
1687737515,409186
1687737515,411767
1687737515,437276
1687737515,455985
1687737515,474151
1687737515,474980
1687737515,487691
1687737515,495305
1687737515,518460
1687737515,549970
1687737515,566698
1687737515,567915
1687737515,577967
1687737515,578821
1687737515,590813
1687737515,596595
1687737515,609399
1687737515,612752
1687737515,623649
1687737515,638171
1687737515,638543
1687737515,641093
1687737515,641909
1687737515,643040
1687737515,662723
1687737515,669296
1687737516,142882
1687737516,149253
1687737516,153878
1687737516,313803
1687737516,317468
1687737516,324645
1687737516,328178
1687737516,331334
1687737516,337734
1687737516,338096
1687737516,342581
1687737516,356351
1687737516,386460
1687737516,397671
1687737516,400620
1687737516,402313
1687737516,405806
1687737516,421134
1687737516,424963
1687737516,430373
1687737516,461311
1687737516,487528
1687737516,489047
1687737516,498379
1687737516,506956
1687737516,508871
1687737516,512074
1687737516,519100
1687737516,537449
1687737516,543017
1687737516,557120
1687737516,565904
1687737516,577758
1687737516,597195
1687737516,609192
1687737516,615805
1687737516,616666
1687737516,621061
1687737516,631368
1687737516,631673
1687737516,644626
1687737516,653150
1687737516,661578
1687737517,139267
1687737517,139349
1687737517,140217
1687737517,140463
1687737517,141709
1687737517,142734
1687737517,143768
1687737517,310310
1687737517,322914
1687737517,331174
1687737517,332329
1687737517,332640
1687737517,334105
1687737517,334958
1687737517,336083
1687737517,349626
1687737517,350032
1687737517,360334
1687737517,361457
1687737517,367700
1687737517,371580
1687737517,375346
1687737517,376820
1687737517,392724
1687737517,408182
1687737517,414004
1687737517,416385
1687737517,417907
1687737517,426688
1687737517,428358
1687737517,431747
1687737517,465066
1687737517,466415
1687737517,507427
1687737517,509726
1687737517,509753
1687737517,514725
1687737517,515456
1687737517,529975
1687737517,541347
1687737517,560484
1687737517,574201
1687737517,584524
1687737517,592981
1687737517,595151
1687737517,595618
1687737517,596042
1687737517,597022
1687737517,618388
1687737517,623867
1687737517,626178
1687737517,628430
1687737517,631732
1687737517,636891
1687737517,637272
1687737517,643145
1687737517,651792
1687737517,654172
1687737517,655307
1687737517,672243
1687737518,147076
1687737518,148664
1687737518,149779
1687737518,154845
1687737518,314240
1687737518,315324
1687737518,325112
1687737518,326373
1687737518,339864
1687737518,346647
1687737518,349269
1687737518,351950
1687737518,368002
1687737518,379092
1687737518,387692
1687737518,396407
1687737518,403632
1687737518,404734
1687737518,405835
1687737518,423687
1687737518,461995
1687737518,463495
1687737518,472099
1687737518,481171
1687737518,482316
1687737518,515140
1687737518,515184
1687737518,528485
1687737518,548520
1687737518,560712
1687737518,564402
1687737518,566759
1687737518,577791
1687737518,584406
1687737518,590276
1687737518,609787
1687737518,627036
1687737518,627296
1687737518,627786
1687737518,633413
1687737518,640364
1687737518,643162
1687737518,652894
1687737519,157757
1687737519,158444
1687737519,161235
1687737519,169035
1687737519,169731
1687737519,169865
1687737519,309286
1687737519,322194
1687737519,327035
1687737519,333015
1687737519,333503
1687737519,333750
1687737519,333918
1687737519,334729
1687737519,353324
1687737519,373317
1687737519,389780
1687737519,398725
1687737519,402669
1687737519,419848
1687737519,447961
1687737519,449305
1687737519,459683
1687737519,466816
1687737519,492306
1687737519,493755
1687737519,504808
1687737519,506297
1687737519,537029
1687737519,538121
1687737519,548862
1687737519,551689
1687737519,553879
1687737519,559699
1687737519,597545
1687737519,598476
1687737519,601995
1687737519,632734
1687737519,635570
1687737519,643176
1687737519,643833
1687737519,643904
1687737519,659876
1687737519,669151
1687737520,176613
1687737520,181756
1687737520,182208
1687737520,318837
1687737520,325249
1687737520,335823
1687737520,339735
1687737520,343001
1687737520,358890
1687737520,362161
1687737520,363332
1687737520,363986
1687737520,367215
1687737520,370437
1687737520,382574
1687737520,386771
1687737520,411291
1687737520,446793
1687737520,448921
1687737520,449734
1687737520,471203
1687737520,510927
1687737520,539597
1687737520,554714
1687737520,567011
1687737520,570905
1687737520,584017
1687737520,585596
1687737520,587163
1687737520,600771
1687737520,614553
1687737520,618800
1687737520,619743
1687737520,623657
1687737520,625570
1687737520,627874
1687737520,631457
1687737520,631493
1687737520,636118
1687737520,637337
1687737520,639870
1687737520,641573
1687737520,646863
1687737520,647240
1687737520,654449
1687737521,190701
1687737521,195507
1687737521,308383
1687737521,316036
1687737521,321616
1687737521,322872
1687737521,326429
1687737521,326965
1687737521,332072
1687737521,333712
1687737521,338321
1687737521,341134
1687737521,343550
1687737521,361907
1687737521,372558
1687737521,378859
1687737521,380283
1687737521,380988
1687737521,388511
1687737521,390456
1687737521,392570
1687737521,411944
1687737521,420347
1687737521,448847
1687737521,460153
1687737521,476052
1687737521,478194
1687737521,484022
1687737521,487318
1687737521,495268
1687737521,516848
1687737521,531741
1687737521,561760
1687737521,568217
1687737521,571479
1687737521,576705
1687737521,593250
1687737521,600683
1687737521,620057
1687737521,633017
1687737521,656808
1687737521,657928
1687737521,663622
1687737522,190500
1687737522,201464
1687737522,205126
1687737522,209718
1687737522,209777
1687737522,213253
1687737522,322720
1687737522,324912
1687737522,331210
1687737522,337184
1687737522,342957
1687737522,346378
1687737522,366822
1687737522,377697
1687737522,381055
1687737522,415105
1687737522,417794
1687737522,433585
1687737522,435158
1687737522,461080
1687737522,471644
1687737522,475876
1687737522,495691
1687737522,514515
1687737522,519908
1687737522,529529
1687737522,530124
1687737522,531749
1687737522,543865
1687737522,558064
1687737522,577519
1687737522,579423
1687737522,582003
1687737522,597875
1687737522,598191
1687737522,600382
1687737522,606776
1687737522,611353
1687737522,613686
1687737522,625474
1687737522,628631
1687737522,632281
1687737522,634150
1687737522,635567
1687737522,639287
1687737522,640354
1687737522,647565
1687737522,660304
1687737522,671893
1687737523,208583
1687737523,219911
1687737523,224309
1687737523,224536
1687737523,308678
1687737523,308966
1687737523,312512
1687737523,321268
1687737523,325465
1687737523,331381
1687737523,332628
1687737523,333945
1687737523,335904
1687737523,337776
1687737523,340955
1687737523,341224
1687737523,347064
1687737523,349411
1687737523,354937
1687737523,355778
1687737523,357774
1687737523,358076
1687737523,364345
1687737523,369621
1687737523,370726
1687737523,388618
1687737523,391963
1687737523,399156
1687737523,399170
1687737523,413373
1687737523,420841
1687737523,430366
1687737523,433264
1687737523,452718
1687737523,452832
1687737523,457781
1687737523,480348
1687737523,482447
1687737523,491548
1687737523,503653
1687737523,505396
1687737523,517597
1687737523,537765
1687737523,550656
1687737523,557495
1687737523,572486
1687737523,578112
1687737523,590878
1687737523,599052
1687737523,604488
1687737523,632548
1687737523,635820
1687737523,642930
1687737523,646834
1687737523,662638
1687737523,663658
1687737524,221992
1687737524,224111
1687737524,225018
1687737524,228218
1687737524,236260
1687737524,305400
1687737524,328039
1687737524,329593
1687737524,330867
1687737524,344213
1687737524,368779
1687737524,371796
1687737524,390137
1687737524,393919
1687737524,396163
1687737524,405438
1687737524,408399
1687737524,432960
1687737524,437006
1687737524,459169
1687737524,475774
1687737524,489851
1687737524,496928
1687737524,501223
1687737524,504494
1687737524,542346
1687737524,563207
1687737524,566755
1687737524,571470
1687737524,578400
1687737524,580460
1687737524,580827
1687737524,600109
1687737524,607654
1687737524,614433
1687737524,617003
1687737524,622679
1687737524,622835
1687737524,628320
1687737524,629533
1687737524,630459
1687737524,644262
1687737524,644682
1687737524,651501
1687737524,652148
1687737524,653566
1687737524,657824
1687737524,666739
1687737525,232196
1687737525,235328
1687737525,236135
1687737525,238120
1687737525,313679
1687737525,314564
1687737525,314751
1687737525,317774
1687737525,325983
1687737525,327641
1687737525,332472
1687737525,332883
1687737525,335226
1687737525,340999
1687737525,343720
1687737525,343900
1687737525,344296
1687737525,348111
1687737525,356755
1687737525,369379
1687737525,381814
1687737525,382147
1687737525,404104
1687737525,412609
1687737525,415398
1687737525,422597
1687737525,429690
1687737525,432195
1687737525,459896
1687737525,468499
1687737525,478334
1687737525,482246
1687737525,489032
1687737525,498219
1687737525,500747
1687737525,501354
1687737525,506409
1687737525,520960
1687737525,532200
1687737525,546280
1687737525,560471
1687737525,572800
1687737525,575877
1687737525,583434
1687737525,588002
1687737525,591066
1687737525,596393
1687737525,600823
1687737525,619096
1687737525,620189
1687737525,626802
1687737525,627329
1687737525,633932
1687737525,667459
1687737526,234877
1687737526,235982
1687737526,238735
1687737526,243902
1687737526,244562
1687737526,245273
1687737526,309596
1687737526,324439
1687737526,329798
1687737526,332268
1687737526,342954
1687737526,343453
1687737526,348198
1687737526,350033
1687737526,351700
1687737526,360644
1687737526,370038
1687737526,372981
1687737526,389365
1687737526,392953
1687737526,394771
1687737526,407697
1687737526,421457
1687737526,434132
1687737526,447760
1687737526,454154
1687737526,456016
1687737526,480498
1687737526,484240
1687737526,487411
1687737526,488754
1687737526,522265
1687737526,525084
1687737526,536369
1687737526,542557
1687737526,553809
1687737526,556626
1687737526,572305
1687737526,576162
1687737526,581394
1687737526,583052
1687737526,588945
1687737526,607305
1687737526,608718
1687737526,608874
1687737526,609380
1687737526,614999
1687737526,622388
1687737526,622991
1687737526,623103
1687737526,641848
1687737526,642797
1687737526,654267
1687737526,657276
1687737526,658735
1687737526,661999
1687737527,182535
1687737527,196808
1687737527,237849
1687737527,244449
1687737527,246436
1687737527,248429
1687737527,295049
1687737527,326745
1687737527,331562
1687737527,333100
1687737527,334299
1687737527,335519
1687737527,345476
1687737527,349162
1687737527,355739
1687737527,367596
1687737527,372027
1687737527,374146
1687737527,382986
1687737527,416238
1687737527,425232
1687737527,427928
1687737527,447104
1687737527,453006
1687737527,453213
1687737527,465996
1687737527,478550
1687737527,514050
1687737527,517515
1687737527,520391
1687737527,521322
1687737527,526069
1687737527,526138
1687737527,548394
1687737527,554889
1687737527,557584
1687737527,560855
1687737527,563748
1687737527,581597
1687737527,584837
1687737527,590015
1687737527,596621
1687737527,601601
1687737527,603478
1687737527,612554
1687737527,613735
1687737527,629786
1687737527,630053
1687737527,635928
1687737527,636586
1687737527,640535
1687737527,648983
1687737527,657342
1687737527,667479
1687737527,668117
1687737528,240674
1687737528,245995
1687737528,246962
1687737528,247468
1687737528,249657
1687737528,259628
1687737528,313309
1687737528,313844
1687737528,317197
1687737528,317318
1687737528,320245
1687737528,326322
1687737528,338238
1687737528,345035
1687737528,345437
1687737528,354066
1687737528,359106
1687737528,362476
1687737528,367139
1687737528,367625
1687737528,367831
1687737528,378118
1687737528,382615
1687737528,384870
1687737528,406711
1687737528,416915
1687737528,429479
1687737528,454870
1687737528,457427
1687737528,466728
1687737528,473581
1687737528,483061
1687737528,509566
1687737528,516097
1687737528,517336
1687737528,543007
1687737528,555470
1687737528,559758
1687737528,567278
1687737528,576484
1687737528,578765
1687737528,590109
1687737528,592757
1687737528,595375
1687737528,605346
1687737528,610591
1687737528,627189
1687737528,632198
1687737528,632355
1687737528,637518
1687737528,643215
1687737528,648966
1687737529,241717
1687737529,244986
1687737529,246734
1687737529,246787
1687737529,251794
1687737529,331535
1687737529,342403
1687737529,343293
1687737529,343316
1687737529,344449
1687737529,346598
1687737529,357173
1687737529,361145
1687737529,361248
1687737529,361328
1687737529,366130
1687737529,368255
1687737529,369936
1687737529,374222
1687737529,374440
1687737529,377673
1687737529,383519
1687737529,400305
1687737529,404968
1687737529,411066
1687737529,416127
1687737529,428124
1687737529,442577
1687737529,483314
1687737529,495071
1687737529,501486
1687737529,506623
1687737529,520711
1687737529,521490
1687737529,530090
1687737529,535059
1687737529,536332
1687737529,545842
1687737529,556416
1687737529,574692
1687737529,605998
1687737529,606102
1687737529,609076
1687737529,609277
1687737529,624278
1687737529,626979
1687737529,648351
1687737529,650807
1687737529,653590
1687737529,657277
1687737529,662411
1687737529,672380
1687737530,244015
1687737530,245918
1687737530,246480
1687737530,252066
1687737530,252685
1687737530,314454
1687737530,320163
1687737530,320285
1687737530,320826
1687737530,328238
1687737530,334347
1687737530,334401
1687737530,336201
1687737530,345037
1687737530,350322
1687737530,355111
1687737530,355686
1687737530,363042
1687737530,367575
1687737530,368649
1687737530,377593
1687737530,380696
1687737530,420549
1687737530,421854
1687737530,427291
1687737530,432567
1687737530,448434
1687737530,456872
1687737530,467058
1687737530,469910
1687737530,486854
1687737530,497707
1687737530,521587
1687737530,531828
1687737530,532968
1687737530,534468
1687737530,539573
1687737530,552840
1687737530,562341
1687737530,578405
1687737530,579276
1687737530,605017
1687737530,612517
1687737530,622049
1687737530,627492
1687737530,627981
1687737530,629159
1687737530,630512
1687737530,632135
1687737530,656466
1687737530,663352
1687737531,247914
1687737531,248167
1687737531,251545
1687737531,312542
1687737531,317973
1687737531,327374
1687737531,331548
1687737531,335249
1687737531,342463
1687737531,348738
1687737531,358144
1687737531,359763
1687737531,390213
1687737531,394559
1687737531,401016
1687737531,417040
1687737531,422759
1687737531,434109
1687737531,445963
1687737531,455568
1687737531,467179
1687737531,477739
1687737531,491543
1687737531,496211
1687737531,503292
1687737531,511810
1687737531,512427
1687737531,523243
1687737531,529872
1687737531,554025
1687737531,558373
1687737531,574794
1687737531,591462
1687737531,597074
1687737531,598397
1687737531,599284
1687737531,601658
1687737531,608194
1687737531,612404
1687737531,616976
1687737531,626151
1687737531,635271
1687737531,638447
1687737531,639174
1687737531,640486
1687737531,647192
1687737531,647845
1687737531,660786
1687737531,668319
1687737532,244981
1687737532,247065
1687737532,250340
1687737532,250406
1687737532,250864
1687737532,251493
1687737532,251775
1687737532,312166
1687737532,313053
1687737532,324744
1687737532,331006
1687737532,336918
1687737532,338766
1687737532,338804
1687737532,338970
1687737532,341006
1687737532,341106
1687737532,342577
1687737532,344234
1687737532,360763
1687737532,366414
1687737532,368722
1687737532,389492
1687737532,389744
1687737532,398011
1687737532,410250
1687737532,421656
1687737532,430820
1687737532,433760
1687737532,442928
1687737532,453938
1687737532,470433
1687737532,477810
1687737532,479644
1687737532,495420
1687737532,497757
1687737532,505643
1687737532,515993
1687737532,518996
1687737532,519274
1687737532,528377
1687737532,550846
1687737532,558438
1687737532,568530
1687737532,570315
1687737532,584324
1687737532,594389
1687737532,598729
1687737532,618171
1687737532,627494
1687737532,628852
1687737532,631794
1687737532,642950
1687737532,644546
1687737532,648311
1687737532,654495
1687737532,654616
1687737533,247328
1687737533,251228
1687737533,254452
1687737533,268171
1687737533,311569
1687737533,328445
1687737533,330036
1687737533,333990
1687737533,336818
1687737533,337661
1687737533,339765
1687737533,352465
1687737533,373169
1687737533,379235
1687737533,382323
1687737533,386188
1687737533,388960
1687737533,396488
1687737533,412679
1687737533,413314
1687737533,416193
1687737533,452924
1687737533,484515
1687737533,494373
1687737533,499125
1687737533,519480
1687737533,521481
1687737533,524905
1687737533,547922
1687737533,571434
1687737533,584107
1687737533,589207
1687737533,596709
1687737533,599848
1687737533,618552
1687737533,619719
1687737533,620085
1687737533,629349
1687737533,634084
1687737533,636267
1687737533,637407
1687737533,640003
1687737533,642451
1687737533,659058
1687737533,660392
1687737533,667865
1687737534,218266
1687737534,235314
1687737534,250250
1687737534,250855
1687737534,252970
1687737534,253070
1687737534,253407
1687737534,256540
1687737534,277753
1687737534,305662
1687737534,312352
1687737534,316301
1687737534,318631
1687737534,319816
1687737534,331378
1687737534,334223
1687737534,335093
1687737534,339152
1687737534,340271
1687737534,344637
1687737534,348420
1687737534,366190
1687737534,369940
1687737534,370383
1687737534,376283
1687737534,383807
1687737534,385268
1687737534,398564
1687737534,406364
1687737534,412985
1687737534,424728
1687737534,452940
1687737534,457484
1687737534,459709
1687737534,473512
1687737534,476219
1687737534,497917
1687737534,504343
1687737534,507744
1687737534,510200
1687737534,526318
1687737534,554347
1687737534,559385
1687737534,574396
1687737534,584022
1687737534,592742
1687737534,593736
1687737534,614215
1687737534,624725
1687737534,626063
1687737534,637276
1687737534,643233
1687737534,647436
1687737534,647873
1687737534,654406
1687737535,156166
1687737535,165170
1687737535,175289
1687737535,182885
1687737535,196204
1687737535,312736
1687737535,322741
1687737535,328952
1687737535,332222
1687737535,336549
1687737535,339460
1687737535,343156
1687737535,349107
1687737535,367562
1687737535,368874
1687737535,379592
1687737535,387875
1687737535,402001
1687737535,411038
1687737535,414070
1687737535,435032
1687737535,437674
1687737535,458096
1687737535,473036
1687737535,476196
1687737535,485492
1687737535,493628
1687737535,505503
1687737535,520219
1687737535,547906
1687737535,559093
1687737535,565048
1687737535,569809
1687737535,576624
1687737535,580160
1687737535,588811
1687737535,597645
1687737535,607542
1687737535,613465
1687737535,624541
1687737535,637092
1687737535,637875
1687737535,640081
1687737535,642663
1687737535,644506
1687737535,663161
1687737535,668797
1687737536,142768
1687737536,143021
1687737536,149263
1687737536,153752
1687737536,313714
1687737536,325460
1687737536,327965
1687737536,332161
1687737536,338207
1687737536,338536
1687737536,341427
1687737536,342510
1687737536,344248
1687737536,355374
1687737536,362175
1687737536,388271
1687737536,395930
1687737536,402539
1687737536,404055
1687737536,404440
1687737536,419201
1687737536,432484
1687737536,459726
1687737536,487208
1687737536,489197
1687737536,500662
1687737536,503053
1687737536,504742
1687737536,507371
1687737536,513705
1687737536,514161
1687737536,517225
1687737536,539358
1687737536,545126
1687737536,567354
1687737536,576281
1687737536,595847
1687737536,597149
1687737536,600614
1687737536,610170
1687737536,616570
1687737536,617670
1687737536,619307
1687737536,630562
1687737536,630746
1687737536,642941
1687737536,645005
1687737536,653324
1687737536,656173
1687737536,661429
1687737537,139258
1687737537,139331
1687737537,140222
1687737537,140564
1687737537,141709
1687737537,142668
1687737537,143821
1687737537,310476
1687737537,322674
1687737537,330241
1687737537,332528
1687737537,332831
1687737537,335178
1687737537,335244
1687737537,336545
1687737537,348321
1687737537,348968
1687737537,362068
1687737537,369981
1687737537,373790
1687737537,374984
1687737537,394938
1687737537,410304
1687737537,416022
1687737537,419753
1687737537,419901
1687737537,424620
1687737537,426625
1687737537,445998
1687737537,463057
1687737537,463925
1687737537,465063
1687737537,476911
1687737537,509558
1687737537,511464
1687737537,511498
1687737537,516684
1687737537,528356
1687737537,543623
1687737537,558735
1687737537,572050
1687737537,585958
1687737537,594046
1687737537,594169
1687737537,597449
1687737537,598295
1687737537,616902
1687737537,625116
1687737537,626794
1687737537,629191
1687737537,629621
1687737537,631551
1687737537,636123
1687737537,643428
1687737537,643828
1687737537,650906
1687737537,672010
1687737538,147047
1687737538,148724
1687737538,149895
1687737538,155035
1687737538,161416
1687737538,314577
1687737538,315059
1687737538,318336
1687737538,324507
1687737538,326379
1687737538,340578
1687737538,345636
1687737538,350281
1687737538,350944
1687737538,366281
1687737538,369241
1687737538,381067
1687737538,385944
1687737538,387217
1687737538,406814
1687737538,407895
1687737538,421641
1687737538,461691
1687737538,464179
1687737538,470340
1687737538,474196
1687737538,480521
1687737538,517121
1687737538,526591
1687737538,558855
1687737538,565026
1687737538,565946
1687737538,570721
1687737538,579601
1687737538,585694
1687737538,588174
1687737538,626119
1687737538,626162
1687737538,628380
1687737538,632422
1687737538,639253
1687737538,652775
1687737538,655079
1687737539,157695
1687737539,158477
1687737539,169118
1687737539,169700
1687737539,169871
1687737539,309413
1687737539,322008
1687737539,322253
1687737539,332855
1687737539,333814
1687737539,333935
1687737539,333988
1687737539,334975
1687737539,340270
1687737539,354691
1687737539,360749
1687737539,361848
1687737539,371588
1687737539,387985
1687737539,400770
1687737539,400916
1687737539,421746
1687737539,449838
1687737539,449966
1687737539,457890
1687737539,461595
1687737539,468951
1687737539,491931
1687737539,494706
1687737539,502909
1687737539,504825
1687737539,508371
1687737539,517371
1687737539,536233
1687737539,538572
1687737539,549819
1687737539,551799
1687737539,557974
1687737539,560196
1687737539,561296
1687737539,595565
1687737539,599717
1687737539,602728
1687737539,606726
1687737539,609532
1687737539,611152
1687737539,632767
1687737539,634315
1687737539,642445
1687737539,644432
1687737539,644697
1687737539,659323
1687737539,669717
1687737540,176827
1687737540,181809
1687737540,182110
1687737540,182692
1687737540,314089
1687737540,318316
1687737540,323860
1687737540,324792
1687737540,335152
1687737540,343762
1687737540,359725
1687737540,361721
1687737540,368559
1687737540,384060
1687737540,388766
1687737540,413446
1687737540,447588
1687737540,447726
1687737540,449130
1687737540,450851
1687737540,469267
1687737540,493276
1687737540,512524
1687737540,519454
1687737540,537846
1687737540,556736
1687737540,565118
1687737540,572555
1687737540,585447
1687737540,587066
1687737540,587823
1687737540,588418
1687737540,601745
1687737540,613503
1687737540,622912
1687737540,626335
1687737540,628972
1687737540,632725
1687737540,635158
1687737540,637595
1687737540,640364
1687737540,642303
1687737540,646606
1687737540,647509
1687737540,653844
1687737541,190873
1687737541,195515
1687737541,308475
1687737541,315723
1687737541,322518
1687737541,325644
1687737541,327289
1687737541,331938
1687737541,333967
1687737541,337876
1687737541,341683
1687737541,342673
1687737541,363416
1687737541,377085
1687737541,379305
1687737541,382202
1687737541,389190
1687737541,390371
1687737541,390920
1687737541,394169
1687737541,409849
1687737541,422813
1687737541,450450
1687737541,458144
1687737541,473766
1687737541,480053
1687737541,482456
1687737541,489631
1687737541,514873
1687737541,533263
1687737541,566545
1687737541,569955
1687737541,574734
1687737541,594854
1687737541,601567
1687737541,617929
1687737541,619315
1687737541,631858
1687737541,656028
1687737541,659002
1687737541,663314
1687737542,190819
1687737542,201847
1687737542,204594
1687737542,209656
1687737542,210397
1687737542,213079
1687737542,322092
1687737542,332350
1687737542,337167
1687737542,343529
1687737542,347182
1687737542,367620
1687737542,370831
1687737542,376458
1687737542,379633
1687737542,413233
1687737542,416961
1687737542,419101
1687737542,420315
1687737542,463146
1687737542,470086
1687737542,473648
1687737542,489734
1687737542,497752
1687737542,508153
1687737542,512953
1687737542,522118
1687737542,522649
1687737542,529863
1687737542,531654
1687737542,532350
1687737542,556402
1687737542,576490
1687737542,577590
1687737542,579007
1687737542,583425
1687737542,596508
1687737542,599501
1687737542,607784
1687737542,614733
1687737542,627092
1687737542,632854
1687737542,633148
1687737542,639101
1687737542,639714
1687737542,647946
1687737542,660570
1687737543,208777
1687737543,219864
1687737543,224350
1687737543,224685
1687737543,253191
1687737543,308451
1687737543,312589
1687737543,321609
1687737543,324904
1687737543,332337
1687737543,332639
1687737543,334063
1687737543,336612
1687737543,337393
1687737543,340035
1687737543,342167
1687737543,350792
1687737543,353886
1687737543,354445
1687737543,362865
1687737543,371263
1687737543,372539
1687737543,386999
1687737543,393999
1687737543,397530
1687737543,415419
1687737543,428215
1687737543,431159
1687737543,450635
1687737543,477878
1687737543,478311
1687737543,484463
1687737543,505223
1687737543,519299
1687737543,535934
1687737543,549279
1687737543,555594
1687737543,555809
1687737543,574370
1687737543,582818
1687737543,591929
1687737543,597159
1687737543,601503
1687737543,622847
1687737543,624895
1687737543,631305
1687737543,634448
1687737543,644327
1687737543,647298
1687737543,662088
1687737543,663870
1687737544,221590
1687737544,224509
1687737544,225068
1687737544,228239
1687737544,236194
1687737544,305370
1687737544,328121
1687737544,329889
1687737544,330466
1687737544,344988
1687737544,367162
1687737544,388461
1687737544,392282
1687737544,394433
1687737544,407232
1687737544,410404
1687737544,414304
1687737544,433940
1687737544,435099
1687737544,439266
1687737544,457005
1687737544,480255
1687737544,487933
1687737544,498644
1687737544,499233
1687737544,506614
1687737544,543989
1687737544,564898
1687737544,569983
1687737544,574114
1687737544,576344
1687737544,582102
1687737544,582128
1687737544,601386
1687737544,615143
1687737544,615665
1687737544,623576
1687737544,623927
1687737544,627734
1687737544,629927
1687737544,640361
1687737544,643643
1687737544,643907
1687737544,651387
1687737544,653970
1687737544,658577
1687737545,196816
1687737545,232005
1687737545,235153
1687737545,236223
1687737545,238480
1687737545,314655
1687737545,314860
1687737545,325113
1687737545,326660
1687737545,332129
1687737545,332879
1687737545,334278
1687737545,342171
1687737545,344651
1687737545,345622
1687737545,346943
1687737545,358275
1687737545,358307
1687737545,380419
1687737545,402415
1687737545,410766
1687737545,417436
1687737545,424400
1687737545,430902
1687737545,432272
1687737545,436155
1687737545,458030
1687737545,479311
1687737545,498787
1687737545,499535
1687737545,522918
1687737545,530435
1687737545,548522
1687737545,550047
1687737545,558329
1687737545,574278
1687737545,586631
1687737545,589398
1687737545,601899
1687737545,618581
1687737545,619900
1687737545,626881
1687737545,632751
1687737545,648700
1687737545,667059
1687737546,235093
1687737546,235764
1687737546,238871
1687737546,243805
1687737546,244924
1687737546,244973
1687737546,248215
1687737546,309302
1687737546,325140
1687737546,329538
1687737546,332383
1687737546,335562
1687737546,344430
1687737546,347441
1687737546,351008
1687737546,353125
1687737546,368423
1687737546,374233
1687737546,393117
1687737546,394799
1687737546,410049
1687737546,419265
1687737546,450006
1687737546,454025
1687737546,456548
1687737546,482658
1687737546,485942
1687737546,486865
1687737546,520510
1687737546,526605
1687737546,538376
1687737546,544204
1687737546,554836
1687737546,555268
1687737546,555390
1687737546,574939
1687737546,583155
1687737546,584337
1687737546,609514
1687737546,610368
1687737546,615109
1687737546,621393
1687737546,621481
1687737546,623829
1687737546,636571
1687737546,642931
1687737546,643093
1687737546,653520
1687737546,658934
1687737547,238044
1687737547,244298
1687737547,246975
1687737547,267410
1687737547,296013
1687737547,315159
1687737547,327431
1687737547,331386
1687737547,333321
1687737547,334031
1687737547,336460
1687737547,344308
1687737547,347871
1687737547,354812
1687737547,362992
1687737547,372671
1687737547,373815
1687737547,381478
1687737547,418342
1687737547,422998
1687737547,425986
1687737547,444978
1687737547,446541
1687737547,455284
1687737547,455328
1687737547,464041
1687737547,476614
1687737547,507964
1687737547,512144
1687737547,522611
1687737547,523261
1687737547,524247
1687737547,524307
1687737547,546375
1687737547,553137
1687737547,562229
1687737547,565775
1687737547,582914
1687737547,595419
1687737547,601965
1687737547,602601
1687737547,605817
1687737547,613279
1687737547,614964
1687737547,629844
1687737547,631017
1687737547,635195
1687737547,642003
1687737547,649447
1687737547,657323
1687737547,667649
1687737548,240442
1687737548,245960
1687737548,246748
1687737548,247653
1687737548,249418
1687737548,313057
1687737548,313650
1687737548,317512
1687737548,317997
1687737548,319570
1687737548,326372
1687737548,338901
1687737548,342858
1687737548,343704
1687737548,344960
1687737548,354900
1687737548,360081
1687737548,364189
1687737548,366069
1687737548,367236
1687737548,369003
1687737548,378435
1687737548,386537
1687737548,405161
1687737548,418940
1687737548,427302
1687737548,452759
1687737548,459454
1687737548,468444
1687737548,485154
1687737548,499650
1687737548,515544
1687737548,517744
1687737548,544467
1687737548,553572
1687737548,561570
1687737548,563220
1687737548,568901
1687737548,574421
1687737548,580118
1687737548,588607
1687737548,593925
1687737548,597003
1687737548,603851
1687737548,608633
1687737548,628021
1687737548,631169
1687737548,637889
1687737548,638846
1687737548,643515
1687737548,648390
1687737548,661960
1687737548,667662
1687737549,241835
1687737549,244835
1687737549,246825
1687737549,246892
1687737549,251846
1687737549,251932
1687737549,309129
1687737549,320238
1687737549,343397
1687737549,344124
1687737549,344323
1687737549,346574
1687737549,356663
1687737549,359933
1687737549,361390
1687737549,362052
1687737549,366184
1687737549,368359
1687737549,368545
1687737549,372871
1687737549,376364
1687737549,379725
1687737549,380734
1687737549,398635
1687737549,402975
1687737549,418154
1687737549,430356
1687737549,440507
1687737549,446596
1687737549,481399
1687737549,497427
1687737549,501067
1687737549,523308
1687737549,533228
1687737549,538463
1687737549,547269
1687737549,554615
1687737549,572777
1687737549,601645
1687737549,606585
1687737549,606770
1687737549,608082
1687737549,608330
1687737549,612070
1687737549,625534
1687737549,625855
1687737549,629414
1687737549,648732
1687737549,649824
1687737549,653251
1687737549,658195
1687737549,672284
1687737550,243996
1687737550,246048
1687737550,247951
1687737550,252914
1687737550,314092
1687737550,320734
1687737550,320873
1687737550,326236
1687737550,328482
1687737550,334347
1687737550,334694
1687737550,335726
1687737550,346006
1687737550,351183
1687737550,354287
1687737550,361693
1687737550,365880
1687737550,369677
1687737550,379326
1687737550,382613
1687737550,423063
1687737550,424373
1687737550,427919
1687737550,430508
1687737550,435283
1687737550,446465
1687737550,447619
1687737550,454855
1687737550,465749
1687737550,467665
1687737550,469263
1687737550,488984
1687737550,498211
1687737550,518951
1687737550,529864
1687737550,532244
1687737550,532570
1687737550,534986
1687737550,537672
1687737550,551014
1687737550,576714
1687737550,580818
1687737550,605811
1687737550,613457
1687737550,626240
1687737550,626635
1687737550,627753
1687737550,632101
1687737550,644350
1687737550,656732
1687737550,663556
1687737551,247872
1687737551,250472
1687737551,251405
1687737551,312914
1687737551,317718
1687737551,331891
1687737551,335814
1687737551,343354
1687737551,347560
1687737551,357117
1687737551,361196
1687737551,392225
1687737551,393098
1687737551,402972
1687737551,419215
1687737551,420578
1687737551,431729
1687737551,469150
1687737551,479743
1687737551,489762
1687737551,494193
1687737551,501340
1687737551,512769
1687737551,514006
1687737551,519157
1687737551,521554
1687737551,525079
1687737551,527702
1687737551,529821
1687737551,559974
1687737551,576694
1687737551,590049
1687737551,597146
1687737551,597550
1687737551,598174
1687737551,602849
1687737551,609528
1687737551,613143
1687737551,617981
1687737551,627349
1687737551,631406
1687737551,636326
1687737551,638169
1687737551,640059
1687737551,647206
1687737551,647757
1687737551,660234
1687737551,668862
1687737552,244933
1687737552,247275
1687737552,250084
1687737552,250901
1687737552,251483
1687737552,251924
1687737552,312048
1687737552,313056
1687737552,324826
1687737552,328028
1687737552,330784
1687737552,335968
1687737552,338523
1687737552,339234
1687737552,341677
1687737552,342154
1687737552,342984
1687737552,343006
1687737552,361442
1687737552,365038
1687737552,367595
1687737552,372052
1687737552,387900
1687737552,391757
1687737552,399875
1687737552,408587
1687737552,418209
1687737552,419781
1687737552,432782
1687737552,433395
1687737552,445229
1687737552,451895
1687737552,453414
1687737552,468613
1687737552,477452
1687737552,495181
1687737552,497028
1687737552,499947
1687737552,505203
1687737552,506837
1687737552,514176
1687737552,526607
1687737552,551935
1687737552,552841
1687737552,556733
1687737552,557785
1687737552,559175
1687737552,563807
1687737552,570109
1687737552,585803
1687737552,592285
1687737552,599923
1687737552,617254
1687737552,627607
1687737552,628511
1687737552,632068
1687737552,643316
1687737552,654230
1687737552,655473
1687737553,247262
1687737553,251220
1687737553,253223
1687737553,254466
1687737553,323470
1687737553,324857
1687737553,328154
1687737553,329956
1687737553,333435
1687737553,337991
1687737553,351759
1687737553,377575
1687737553,383768
1687737553,385435
1687737553,394903
1687737553,396250
1687737553,410650
1687737553,413034
1687737553,418442
1687737553,450730
1687737553,475640
1687737553,486919
1687737553,496089
1687737553,508033
1687737553,517850
1687737553,523307
1687737553,546053
1687737553,572825
1687737553,582610
1687737553,591015
1687737553,597482
1687737553,597749
1687737553,600909
1687737553,617336
1687737553,619153
1687737553,620657
1687737553,628174
1687737553,633467
1687737553,636732
1687737553,640959
1687737553,641647
1687737553,659514
1687737553,660042
1687737553,667508
1687737554,217761
1687737554,234958
1687737554,250296
1687737554,250892
1687737554,251475
1687737554,252779
1687737554,253084
1687737554,256558
1687737554,277181
1687737554,305085
1687737554,312507
1687737554,318286
1687737554,320242
1687737554,331306
1687737554,333107
1687737554,333300
1687737554,338221
1687737554,339596
1687737554,340210
1687737554,340855
1687737554,343930
1687737554,349507
1687737554,367503
1687737554,368680
1687737554,378230
1687737554,383677
1687737554,400404
1687737554,400573
1687737554,404693
1687737554,415282
1687737554,426531
1687737554,450985
1687737554,455521
1687737554,457576
1687737554,459734
1687737554,474019
1687737554,496072
1687737554,509973
1687737554,511891
1687737554,528382
1687737554,552568
1687737554,557488
1687737554,576104
1687737554,582216
1687737554,584052
1687737554,594135
1687737554,594963
1687737554,625526
1687737554,625636
1687737554,627899
1687737554,631807
1687737554,638515
1687737554,642041
1687737554,647846
1687737554,648762
1687737554,653754
1687737555,153639
1687737555,156064
1687737555,165034
1687737555,175098
1687737555,182815
1687737555,195870
1687737555,251459
1687737555,253871
1687737555,254252
1687737555,255798
1687737555,311729
1687737555,312423
1687737555,322713
1687737555,329116
1687737555,334359
1687737555,335949
1687737555,340290
1687737555,343973
1687737555,350048
1687737555,365803
1687737555,367530
1687737555,377946
1687737555,386286
1687737555,412880
1687737555,416375
1687737555,432847
1687737555,440205
1687737555,460207
1687737555,471037
1687737555,478230
1687737555,483276
1687737555,491910
1687737555,506560
1687737555,507165
1687737555,521987
1687737555,545854
1687737555,560537
1687737555,563447
1687737555,571740
1687737555,575270
1687737555,581482
1687737555,586760
1687737555,598675
1687737555,605632
1687737555,614171
1687737555,615540
1687737555,625432
1687737555,635616
1687737555,637539
1687737555,639030
1687737555,643414
1687737555,645976
1687737555,663608
1687737555,668282
1687737556,142656
1687737556,143037
1687737556,149264
1687737556,250574
1687737556,253048
1687737556,256263
1687737556,313633
1687737556,326311
1687737556,327771
1687737556,331444
1687737556,333036
1687737556,338714
1687737556,339028
1687737556,340295
1687737556,341739
1687737556,354390
1687737556,390175
1687737556,394189
1687737556,402335
1687737556,404468
1687737556,406564
1687737556,417285
1687737556,434598
1687737556,436132
1687737556,458100
1687737556,461472
1687737556,485360
1687737556,490854
1687737556,502471
1687737556,502987
1687737556,505888
1687737556,511959
1687737556,515313
1687737556,516167
1687737556,541276
1687737556,547260
1687737556,553368
1687737556,568791
1687737556,574796
1687737556,594459
1687737556,611183
1687737556,615386
1687737556,617325
1687737556,617560
1687737556,618708
1687737556,626363
1687737556,629416
1687737556,630077
1687737556,645377
1687737556,653489
1687737556,661241
1687737557,139171
1687737557,139411
1687737557,140240
1687737557,140665
1687737557,141709
1687737557,142586
1687737557,143907
1687737557,253547
1687737557,258000
1687737557,258235
1687737557,258379
1687737557,258590
1687737557,259801
1687737557,310678
1687737557,322459
1687737557,329310
1687737557,332704
1687737557,333084
1687737557,335579
1687737557,336298
1687737557,337030
1687737557,347102
1687737557,347944
1687737557,363881
1687737557,367959
1687737557,368389
1687737557,372232
1687737557,373115
1687737557,397197
1687737557,412241
1687737557,412374
1687737557,418052
1687737557,421617
1687737557,422602
1687737557,424829
1687737557,461085
1687737557,487202
1687737557,511700
1687737557,513174
1687737557,513244
1687737557,518586
1687737557,526742
1687737557,545858
1687737557,557006
1687737557,569884
1687737557,587400
1687737557,592921
1687737557,595338
1687737557,598793
1687737557,599533
1687737557,627398
1687737557,628745
1687737557,629876
1687737557,631349
1687737557,634962
1687737557,644485
1687737557,649941
1687737557,671702
1687737558,147019
1687737558,148763
1687737558,150001
1687737558,155215
1687737558,246757
1687737558,256947
1687737558,257324
1687737558,262169
1687737558,314793
1687737558,314940
1687737558,318923
1687737558,323939
1687737558,325478
1687737558,326369
1687737558,341316
1687737558,344628
1687737558,349997
1687737558,351316
1687737558,357238
1687737558,365342
1687737558,370525
1687737558,383068
1687737558,384219
1687737558,385539
1687737558,408944
1687737558,409989
1687737558,419631
1687737558,448830
1687737558,459910
1687737558,466391
1687737558,472177
1687737558,476293
1687737558,477434
1687737558,478730
1687737558,478919
1687737558,519094
1687737558,524758
1687737558,551564
1687737558,557003
1687737558,563302
1687737558,567490
1687737558,569108
1687737558,581427
1687737558,586063
1687737558,624432
1687737558,625292
1687737558,629481
1687737558,638094
1687737558,643634
1687737558,652647
1687737558,655896
1687737559,157647
1687737559,158518
1687737559,161598
1687737559,169199
1687737559,169675
1687737559,257899
1687737559,258354
1687737559,260644
1687737559,261053
1687737559,262770
1687737559,309564
1687737559,321854
1687737559,332752
1687737559,333188
1687737559,333695
1687737559,334481
1687737559,336272
1687737559,340879
1687737559,356097
1687737559,363091
1687737559,369894
1687737559,386235
1687737559,399137
1687737559,402847
1687737559,423646
1687737559,451958
1687737559,456180
1687737559,490099
1687737559,497121
1687737559,500961
1687737559,510423
1687737559,519561
1687737559,534388
1687737559,540106
1687737559,547946
1687737559,549699
1687737559,556192
1687737559,593564
1687737559,600907
1687737559,603420
1687737559,605801
1687737559,610135
1687737559,612485
1687737559,632798
1687737559,633019
1687737559,641028
1687737559,641727
1687737559,645426
1687737559,645707
1687737559,658678
1687737559,670250
1687737560,177042
1687737560,181864
1687737560,182017
1687737560,182839
1687737560,257867
1687737560,259746
1687737560,260537
1687737560,264917
1687737560,314563
1687737560,317798
1687737560,324367
1687737560,334507
1687737560,344496
1687737560,359341
1687737560,360108
1687737560,360514
1687737560,362024
1687737560,366677
1687737560,382123
1687737560,385641
1687737560,390764
1687737560,415577
1687737560,444184
1687737560,445716
1687737560,445851
1687737560,449343
1687737560,451430
1687737560,467271
1687737560,477326
1687737560,491257
1687737560,514102
1687737560,521393
1687737560,536091
1687737560,558732
1687737560,563211
1687737560,568603
1687737560,585623
1687737560,586875
1687737560,588491
1687737560,589615
1687737560,602675
1687737560,612423
1687737560,622137
1687737560,627065
1687737560,630049
1687737560,633974
1687737560,634173
1687737560,637856
1687737560,640850
1687737560,643001
1687737560,645909
1687737560,648116
1687737560,653197
1687737561,191057
1687737561,195519
1687737561,308597
1687737561,315380
1687737561,322172
1687737561,322947
1687737561,324889
1687737561,327622
1687737561,331860
1687737561,334318
1687737561,337469
1687737561,341849
1687737561,342274
1687737561,364979
1687737561,369112
1687737561,375301
1687737561,377647
1687737561,384128
1687737561,387957
1687737561,389290
1687737561,392264
1687737561,407762
1687737561,425275
1687737561,452085
1687737561,456101
1687737561,471461
1687737561,480891
1687737561,481891
1687737561,491946
1687737561,512917
1687737561,534773
1687737561,554042
1687737561,564670
1687737561,564897
1687737561,568417
1687737561,572782
1687737561,574171
1687737561,596417
1687737561,602442
1687737561,616065
1687737561,618565
1687737561,630697
1687737561,632117
1687737561,655217
1687737561,660014
1687737561,662987
1687737562,191152
1687737562,202224
1687737562,204057
1687737562,211031
1687737562,212930
1687737562,309340
1687737562,321436
1687737562,324822
1687737562,333540
1687737562,337175
1687737562,344113
1687737562,347992
1687737562,368486
1687737562,375217
1687737562,378219
1687737562,415384
1687737562,417377
1687737562,418854
1687737562,422813
1687737562,465244
1687737562,468511
1687737562,471391
1687737562,499766
1687737562,509699
1687737562,511381
1687737562,524303
1687737562,524567
1687737562,528024
1687737562,533739
1687737562,534589
1687737562,554683
1687737562,575725
1687737562,580453
1687737562,584791
1687737562,595072
1687737562,600805
1687737562,608807
1687737562,612813
1687737562,615816
1687737562,624275
1687737562,625514
1687737562,631530
1687737562,634001
1687737562,638895
1687737562,639028
1687737562,648311
1687737562,660743
1687737563,196766
1687737563,208978
1687737563,219769
1687737563,224120
1687737563,225056
1687737563,255157
1687737563,308208
1687737563,312708
1687737563,321996
1687737563,324364
1687737563,332644
1687737563,333322
1687737563,334197
1687737563,337364
1687737563,338902
1687737563,343436
1687737563,352232
1687737563,352861
1687737563,353160
1687737563,361375
1687737563,362826
1687737563,372953
1687737563,374420
1687737563,385397
1687737563,396073
1687737563,417429
1687737563,426067
1687737563,429111
1687737563,436991
1687737563,448564
1687737563,475820
1687737563,476273
1687737563,486518
1687737563,487909
1687737563,506822
1687737563,520975
1687737563,534133
1687737563,547846
1687737563,553623
1687737563,576197
1687737563,592927
1687737563,595257
1687737563,598629
1687737563,602585
1687737563,630008
1687737563,632981
1687737563,645726
1687737563,647719
1687737563,656984
1687737563,661530
1687737563,664025
1687737564,221179
1687737564,224900
1687737564,225145
1687737564,228266
1687737564,236105
1687737564,305364
1687737564,328177
1687737564,328932
1687737564,331360
1687737564,331848
1687737564,345742
1687737564,358799
1687737564,365550
1687737564,384295
1687737564,386804
1687737564,390714
1687737564,409065
1687737564,412423
1687737564,437250
1687737564,441503
1687737564,454817
1687737564,471100
1687737564,478241
1687737564,480005
1687737564,485363
1687737564,485996
1687737564,497217
1687737564,500349
1687737564,508752
1687737564,545599
1687737564,566602
1687737564,568517
1687737564,572325
1687737564,574349
1687737564,583421
1687737564,583716
1687737564,586970
1687737564,602625
1687737564,613316
1687737564,616873
1687737564,624468
1687737564,625015
1687737564,627108
1687737564,630326
1687737564,630620
1687737564,641520
1687737564,642609
1687737564,643526
1687737564,650620
1687737564,654355
1687737564,659267
1687737565,231790
1687737565,234993
1687737565,236302
1687737565,238864
1687737565,314735
1687737565,315017
1687737565,324258
1687737565,325727
1687737565,332868
1687737565,333355
1687737565,343376
1687737565,345442
1687737565,345836
1687737565,346966
1687737565,359886
1687737565,366537
1687737565,379052
1687737565,400729
1687737565,408929
1687737565,419449
1687737565,426199
1687737565,429627
1687737565,434814
1687737565,456125
1687737565,496780
1687737565,497726
1687737565,524868
1687737565,528137
1687737565,528686
1687737565,550727
1687737565,556187
1687737565,575729
1687737565,585257
1687737565,587698
1687737565,602976
1687737565,616971
1687737565,620706
1687737565,626448
1687737565,631383
1687737565,631526
1687737565,649067
1687737565,666656
1687737566,235332
1687737566,235569
1687737566,239041
1687737566,243718
1687737566,244686
1687737566,245233
1687737566,248008
1687737566,259899
1687737566,309021
1687737566,325855
1687737566,329254
1687737566,334354
1687737566,345432
1687737566,346719
1687737566,351969
1687737566,354599
1687737566,366786
1687737566,375531
1687737566,391470
1687737566,396610
1687737566,412442
1687737566,416515
1687737566,417090
1687737566,438171
1687737566,452034
1687737566,452269
1687737566,484806
1687737566,485007
1687737566,487648
1687737566,509649
1687737566,518779
1687737566,545891
1687737566,553066
1687737566,556982
1687737566,573657
1687737566,584907
1687737566,585597
1687737566,598527
1687737566,610277
1687737566,611369
1687737566,615180
1687737566,619876
1687737566,620396
1687737566,624651
1687737566,637180
1687737566,643062
1687737566,644344
1687737566,652753
1687737566,659070
1687737567,169884
1687737567,209490
1687737567,238276
1687737567,244153
1687737567,247836
1687737567,266717
1687737567,296985
1687737567,314040
1687737567,331195
1687737567,333575
1687737567,333802
1687737567,337428
1687737567,337731
1687737567,343182
1687737567,346622
1687737567,353937
1687737567,370422
1687737567,371218
1687737567,375656
1687737567,380033
1687737567,420421
1687737567,420824
1687737567,420973
1687737567,424038
1687737567,442817
1687737567,462080
1687737567,474745
1687737567,510263
1687737567,522446
1687737567,522456
1687737567,524830
1687737567,525149
1687737567,544405
1687737567,551381
1687737567,563578
1687737567,580923
1687737567,594219
1687737567,600476
1687737567,603570
1687737567,604339
1687737567,614021
1687737567,616155
1687737567,629622
1687737567,632244
1687737567,633797
1687737567,649876
1687737567,657277
1687737567,667740
1687737568,240226
1687737568,245930
1687737568,247017
1687737568,247038
1687737568,312780
1687737568,313452
1687737568,317823
1687737568,318693
1687737568,318912
1687737568,326458
1687737568,339597
1687737568,342426
1687737568,343360
1687737568,355740
1687737568,361049
1687737568,364325
1687737568,365927
1687737568,367337
1687737568,370647
1687737568,378709
1687737568,388264
1687737568,425136
1687737568,450649
1687737568,461479
1687737568,470155
1687737568,478060
1687737568,487224
1687737568,499801
1687737568,513764
1687737568,519363
1687737568,545893
1687737568,551579
1687737568,563347
1687737568,572425
1687737568,581426
1687737568,595035
1687737568,598556
1687737568,602337
1687737568,628864
1687737568,629969
1687737568,638359
1687737568,640147
1687737568,643759
1687737568,647781
1687737568,659035
1687737568,661446
1687737569,244684
1687737569,246850
1687737569,247055
1687737569,252064
1687737569,319644
1687737569,331364
1687737569,334997
1687737569,335274
1687737569,342549
1687737569,344207
1687737569,344948
1687737569,346564
1687737569,356166
1687737569,358635
1687737569,361432
1687737569,366245
1687737569,367254
1687737569,368419
1687737569,371491
1687737569,378293
1687737569,378870
1687737569,385082
1687737569,396980
1687737569,400974
1687737569,420186
1687737569,425592
1687737569,438419
1687737569,444756
1687737569,457896
1687737569,479449
1687737569,497773
1687737569,499110
1687737569,525085
1687737569,531426
1687737569,548655
1687737569,552843
1687737569,570877
1687737569,587061
1687737569,602645
1687737569,607022
1687737569,607123
1687737569,607365
1687737569,607413
1687737569,623685
1687737569,624696
1687737569,628296
1687737569,648811
1687737569,649048
1687737569,652846
1687737570,243992
1687737570,246155
1687737570,247711
1687737570,251608
1687737570,253123
1687737570,313310
1687737570,313759
1687737570,321352
1687737570,321463
1687737570,328730
1687737570,334407
1687737570,346982
1687737570,360340
1687737570,364212
1687737570,370767
1687737570,381790
1687737570,384529
1687737570,395924
1687737570,426885
1687737570,428554
1687737570,446900
1687737570,452889
1687737570,465466
1687737570,466465
1687737570,471460
1687737570,480931
1687737570,481706
1687737570,491118
1687737570,498680
1687737570,518910
1687737570,530682
1687737570,534395
1687737570,535724
1687737570,536985
1687737570,549209
1687737570,565295
1687737570,574884
1687737570,574985
1687737570,606629
1687737570,614422
1687737570,624962
1687737570,625247
1687737570,629029
1687737570,632030
1687737570,639616
1687737570,645776
1687737570,657000
1687737570,663697
1687737571,247011
1687737571,247849
1687737571,250524
1687737571,251247
1687737571,317452
1687737571,332235
1687737571,336396
1687737571,337078
1687737571,344254
1687737571,346444
1687737571,356067
1687737571,362691
1687737571,391606
1687737571,394309
1687737571,418404
1687737571,421363
1687737571,429392
1687737571,449284
1687737571,471136
1687737571,487941
1687737571,499369
1687737571,513074
1687737571,521519
1687737571,525553
1687737571,526838
1687737571,531275
1687737571,561536
1687737571,578609
1687737571,588598
1687737571,595776
1687737571,599190
1687737571,601048
1687737571,604016
1687737571,613936
1687737571,618991
1687737571,628550
1687737571,637376
1687737571,637857
1687737571,646484
1687737571,648257
1687737571,659642
1687737572,244889
1687737572,247474
1687737572,249840
1687737572,250941
1687737572,251461
1687737572,252042
1687737572,311957
1687737572,313075
1687737572,324932
1687737572,328712
1687737572,330577
1687737572,332542
1687737572,335064
1687737572,338068
1687737572,339644
1687737572,341800
1687737572,342373
1687737572,343244
1687737572,343446
1687737572,362082
1687737572,363701
1687737572,366494
1687737572,386326
1687737572,392715
1687737572,393804
1687737572,401748
1687737572,406931
1687737572,417938
1687737572,433025
1687737572,434772
1687737572,447478
1687737572,448871
1687737572,449907
1687737572,466802
1687737572,477110
1687737572,494940
1687737572,494968
1687737572,502136
1687737572,504778
1687737572,508853
1687737572,512327
1687737572,519026
1687737572,540287
1687737572,549855
1687737572,554810
1687737572,555053
1687737572,555383
1687737572,571653
1687737572,587292
1687737572,590117
1687737572,616316
1687737572,626329
1687737572,629548
1687737572,632267
1687737572,640493
1687737572,653791
1687737572,656361
1687737573,247209
1687737573,251206
1687737573,254494
1687737573,323088
1687737573,327886
1687737573,329948
1687737573,332905
1687737573,338308
1687737573,341977
1687737573,351038
1687737573,368897
1687737573,370956
1687737573,375925
1687737573,380429
1687737573,384670
1687737573,385282
1687737573,393328
1687737573,398389
1687737573,408633
1687737573,412748
1687737573,420686
1687737573,458974
1687737573,475043
1687737573,489271
1687737573,497777
1687737573,508748
1687737573,516227
1687737573,525129
1687737573,528268
1687737573,544156
1687737573,566940
1687737573,574190
1687737573,581082
1687737573,592780
1687737573,596161
1687737573,598786
1687737573,602007
1687737573,616200
1687737573,618158
1687737573,621607
1687737573,626924
1687737573,632837
1687737573,637151
1687737573,640768
1687737573,641907
1687737573,658578
1687737573,660986
1687737573,667111
1687737574,217255
1687737574,234627
1687737574,250337
1687737574,250949
1687737574,251412
1687737574,252584
1687737574,252731
1687737574,253380
1687737574,256572
1687737574,276615
1687737574,304529
1687737574,311887
1687737574,312697
1687737574,317942
1687737574,320687
1687737574,331232
1687737574,332409
1687737574,333624
1687737574,334029
1687737574,340034
1687737574,340177
1687737574,343263
1687737574,350605
1687737574,364083
1687737574,366975
1687737574,371381
1687737574,380201
1687737574,382069
1687737574,402627
1687737574,403005
1687737574,417579
1687737574,428324
1687737574,449046
1687737574,453521
1687737574,455456
1687737574,471845
1687737574,477763
1687737574,494235
1687737574,508860
1687737574,512170
1687737574,513587
1687737574,530477
1687737574,550820
1687737574,555531
1687737574,577791
1687737574,580395
1687737574,585275
1687737574,595461
1687737574,614884
1687737574,625189
1687737574,626334
1687737574,639755
1687737574,640854
1687737574,648179
1687737574,653072
1687737575,153532
1687737575,155947
1687737575,164875
1687737575,174928
1687737575,182698
1687737575,195555
1687737575,241968
1687737575,249141
1687737575,251368
1687737575,254022
1687737575,255662
1687737575,257831
1687737575,312125
1687737575,322724
1687737575,329315
1687737575,335359
1687737575,341134
1687737575,344849
1687737575,350979
1687737575,366186
1687737575,376237
1687737575,384718
1687737575,414735
1687737575,418640
1687737575,430666
1687737575,442709
1687737575,462333
1687737575,469002
1687737575,480216
1687737575,481002
1687737575,490209
1687737575,523751
1687737575,543806
1687737575,561860
1687737575,561981
1687737575,573674
1687737575,573899
1687737575,582817
1687737575,584697
1687737575,599681
1687737575,603674
1687737575,616893
1687737575,626278
1687737575,634114
1687737575,637146
1687737575,637897
1687737575,644117
1687737575,647429
1687737575,664028
1687737575,667727
1687737576,141698
1687737576,142555
1687737576,149235
1687737576,250602
1687737576,255283
1687737576,256293
1687737576,313582
1687737576,327165
1687737576,327596
1687737576,333954
1687737576,335969
1687737576,339212
1687737576,339250
1687737576,339551
1687737576,341008
1687737576,353438
1687737576,363418
1687737576,366801
1687737576,392181
1687737576,392438
1687737576,398812
1687737576,400637
1687737576,406399
1687737576,408695
1687737576,415385
1687737576,436715
1687737576,438311
1687737576,456416
1687737576,483518
1687737576,492544
1687737576,500148
1687737576,504408
1687737576,505319
1687737576,510215
1687737576,513351
1687737576,518123
1687737576,543228
1687737576,549393
1687737576,551476
1687737576,570267
1687737576,570553
1687737576,573258
1687737576,593030
1687737576,600077
1687737576,612194
1687737576,615812
1687737576,618075
1687737576,619782
1687737576,628266
1687737576,629368
1687737576,645755
1687737576,653654
1687737576,657740
1687737576,660975
1687737577,139085
1687737577,139506
1687737577,140260
1687737577,140751
1687737577,142501
1687737577,143999
1687737577,253556
1687737577,258004
1687737577,258252
1687737577,258387
1687737577,259863
1687737577,310895
1687737577,322275
1687737577,328150
1687737577,328387
1687737577,332828
1687737577,333402
1687737577,337445
1687737577,337505
1687737577,343620
1687737577,345924
1687737577,346940
1687737577,365755
1687737577,370686
1687737577,371262
1687737577,381108
1687737577,399526
1687737577,410213
1687737577,414433
1687737577,420039
1687737577,420591
1687737577,422993
1687737577,423495
1687737577,459018
1687737577,459137
1687737577,513857
1687737577,514888
1687737577,514999
1687737577,520453
1687737577,525124
1687737577,548027
1687737577,555304
1687737577,567711
1687737577,582360
1687737577,588236
1687737577,588835
1687737577,591814
1687737577,596492
1687737577,600053
1687737577,600702
1687737577,622747
1687737577,627610
1687737577,627840
1687737577,630521
1687737577,631112
1687737577,633791
1687737577,645082
1687737577,648856
1687737577,671364
1687737578,146999
1687737578,148784
1687737578,150105
1687737578,155354
1687737578,256799
1687737578,257419
1687737578,258662
1687737578,262071
1687737578,314555
1687737578,315307
1687737578,319522
1687737578,323396
1687737578,324744
1687737578,326340
1687737578,342065
1687737578,349065
1687737578,352384
1687737578,358806
1687737578,364388
1687737578,371841
1687737578,382505
1687737578,383912
1687737578,385060
1687737578,411101
1687737578,412093
1687737578,417629
1687737578,446814
1687737578,453960
1687737578,458107
1687737578,468609
1687737578,474014
1687737578,475532
1687737578,476942
1687737578,478401
1687737578,521025
1687737578,522920
1687737578,553066
1687737578,555165
1687737578,561568
1687737578,567471
1687737578,568984
1687737578,583221
1687737578,583946
1687737578,595835
1687737578,624431
1687737578,630330
1687737578,630592
1687737578,636924
1687737578,643820
1687737578,652452
1687737578,656657
1687737578,657978
1687737579,157605
1687737579,158546
1687737579,161778
1687737579,169272
1687737579,169661
1687737579,257937
1687737579,258345
1687737579,260646
1687737579,261012
1687737579,262839
1687737579,309711
1687737579,315078
1687737579,317299
1687737579,321723
1687737579,332504
1687737579,332705
1687737579,333589
1687737579,334996
1687737579,341533
1687737579,357503
1687737579,364382
1687737579,368227
1687737579,384487
1687737579,397362
1687737579,404925
1687737579,444083
1687737579,454475
1687737579,488237
1687737579,498974
1687737579,499515
1687737579,512465
1687737579,521764
1687737579,532531
1687737579,541652
1687737579,546079
1687737579,547595
1687737579,554362
1687737579,575761
1687737579,591522
1687737579,602001
1687737579,604066
1687737579,604829
1687737579,610747
1687737579,613752
1687737579,631639
1687737579,632829
1687737579,639580
1687737579,646101
1687737579,646957
1687737579,670686
1687737580,177250
1687737580,181927
1687737580,181929
1687737580,182972
1687737580,260602
1687737580,261139
1687737580,262994
1687737580,264873
1687737580,265432
1687737580,323983
1687737580,333938
1687737580,337632
1687737580,345212
1687737580,357960
1687737580,358494
1687737580,361057
1687737580,361291
1687737580,364836
1687737580,387310
1687737580,392796
1687737580,417683
1687737580,441837
1687737580,443702
1687737580,448528
1687737580,453681
1687737580,465256
1687737580,515640
1687737580,523323
1687737580,534327
1687737580,560678
1687737580,561271
1687737580,583419
1687737580,588292
1687737580,589896
1687737580,590771
1687737580,603604
1687737580,611305
1687737580,614133
1687737580,621364
1687737580,627765
1687737580,631087
1687737580,633168
1687737580,635243
1687737580,638111
1687737580,641303
1687737580,643691
1687737580,645166
1687737580,648661
1687737580,652550
1687737581,191229
1687737581,195526
1687737581,196681
1687737581,203535
1687737581,209280
1687737581,263648
1687737581,265017
1687737581,265030
1687737581,265252
1687737581,267326
1687737581,308733
1687737581,315043
1687737581,323626
1687737581,324147
1687737581,327990
1687737581,331823
1687737581,334777
1687737581,337087
1687737581,341083
1687737581,342895
1687737581,344707
1687737581,366596
1687737581,373508
1687737581,376015
1687737581,386076
1687737581,386767
1687737581,387700
1687737581,394161
1687737581,405675
1687737581,427731
1687737581,453722
1687737581,454048
1687737581,469176
1687737581,479316
1687737581,483749
1687737581,492207
1687737581,494257
1687737581,510961
1687737581,536254
1687737581,552222
1687737581,563286
1687737581,566120
1687737581,566799
1687737581,570825
1687737581,597894
1687737581,603339
1687737581,617780
1687737581,629500
1687737581,654349
1687737581,660987
1687737582,191484
1687737582,202629
1687737582,211625
1687737582,212803
1687737582,254293
1687737582,267560
1687737582,268172
1687737582,268560
1687737582,269799
1687737582,270403
1687737582,309597
1687737582,320800
1687737582,324830
1687737582,334787
1687737582,337242
1687737582,348774
1687737582,367411
1687737582,369370
1687737582,373980
1687737582,376805
1687737582,415678
1687737582,417495
1687737582,420747
1687737582,425295
1687737582,457624
1687737582,466919
1687737582,467323
1687737582,469095
1687737582,501726
1687737582,509799
1687737582,511276
1687737582,526194
1687737582,526443
1687737582,526466
1687737582,535824
1687737582,536840
1687737582,552948
1687737582,573840
1687737582,581859
1687737582,586096
1687737582,593596
1687737582,602102
1687737582,609810
1687737582,613648
1687737582,616936
1687737582,623615
1687737582,623918
1687737582,624543
1687737582,630167
1687737582,634813
1687737582,638307
1687737582,638681
1687737582,648682
1687737582,660829
1687737583,143045
1687737583,209217
1687737583,219652
1687737583,223871
1687737583,225409
1687737583,270703
1687737583,271024
1687737583,272357
1687737583,273770
1687737583,274329
1687737583,307969
1687737583,312886
1687737583,322410
1687737583,323851
1687737583,332654
1687737583,334331
1687737583,334335
1687737583,337797
1687737583,338137
1687737583,344756
1687737583,351842
1687737583,351935
1687737583,353694
1687737583,359884
1687737583,374690
1687737583,376296
1687737583,383818
1687737583,394353
1687737583,398168
1687737583,423929
1687737583,427144
1687737583,438674
1687737583,446505
1687737583,473283
1687737583,474277
1687737583,486076
1687737583,488534
1687737583,508406
1687737583,522635
1687737583,532335
1687737583,546356
1687737583,551649
1687737583,573251
1687737583,577967
1687737583,593335
1687737583,593904
1687737583,603621
1687737583,613803
1687737583,628653
1687737583,631445
1687737583,647100
1687737583,648107
1687737583,660989
1687737583,664152
1687737584,220788
1687737584,225263
1687737584,225315
1687737584,228308
1687737584,236001
1687737584,274650
1687737584,274993
1687737584,275752
1687737584,279556
1687737584,305365
1687737584,328019
1687737584,328220
1687737584,331607
1687737584,332274
1687737584,336801
1687737584,346530
1687737584,359352
1687737584,363948
1687737584,385209
1687737584,389201
1687737584,410922
1687737584,414422
1687737584,419409
1687737584,439409
1687737584,443710
1687737584,452611
1687737584,476181
1687737584,482131
1687737584,483550
1687737584,484070
1687737584,495197
1687737584,501993
1687737584,510920
1687737584,547195
1687737584,567057
1687737584,568284
1687737584,570557
1687737584,572365
1687737584,584683
1687737584,585278
1687737584,603868
1687737584,611520
1687737584,618065
1687737584,625358
1687737584,626052
1687737584,626428
1687737584,629850
1687737584,630146
1687737584,630698
1687737584,641569
1687737584,642641
1687737584,643142
1687737584,649840
1687737584,654686
1687737584,659925
1687737585,231571
1687737585,234847
1687737585,235590
1687737585,236350
1687737585,239234
1687737585,278190
1687737585,278598
1687737585,279844
1687737585,315250
1687737585,323415
1687737585,332454
1687737585,332756
1687737585,332857
1687737585,344634
1687737585,344768
1687737585,346285
1687737585,348353
1687737585,361474
1687737585,365119
1687737585,377699
1687737585,399073
1687737585,407094
1687737585,421451
1687737585,427954
1687737585,428352
1687737585,437317
1687737585,454206
1687737585,494741
1687737585,495900
1687737585,526780
1687737585,527001
1687737585,529693
1687737585,552920
1687737585,554048
1687737585,558620
1687737585,577186
1687737585,583820
1687737585,585990
1687737585,603994
1687737585,615347
1687737585,621491
1687737585,625997
1687737585,630281
1687737585,649423
1687737585,649606
1687737585,666243
1687737586,235426
1687737586,239210
1687737586,243623
1687737586,244422
1687737586,245513
1687737586,247791
1687737586,308751
1687737586,314853
1687737586,326571
1687737586,328969
1687737586,333181
1687737586,346024
1687737586,346440
1687737586,352878
1687737586,356103
1687737586,365125
1687737586,369775
1687737586,389810
1687737586,398419
1687737586,414818
1687737586,414819
1687737586,414911
1687737586,440178
1687737586,450021
1687737586,454559
1687737586,461395
1687737586,483127
1687737586,486919
1687737586,489327
1687737586,511262
1687737586,517079
1687737586,547619
1687737586,551302
1687737586,572313
1687737586,586642
1687737586,586819
1687737586,599545
1687737586,602854
1687737586,611058
1687737586,612400
1687737586,615141
1687737586,618293
1687737586,619383
1687737586,625474
1687737586,627970
1687737586,637734
1687737586,643150
1687737586,645587
1687737586,651979
1687737587,169906
1687737587,238532
1687737587,240021
1687737587,244002
1687737587,248010
1687737587,260114
1687737587,266067
1687737587,297997
1687737587,312916
1687737587,330983
1687737587,333597
1687737587,333856
1687737587,337250
1687737587,338409
1687737587,342106
1687737587,345393
1687737587,353085
1687737587,371875
1687737587,377511
1687737587,378601
1687737587,418681
1687737587,422106
1687737587,422482
1687737587,440633
1687737587,460139
1687737587,472941
1687737587,489196
1687737587,508396
1687737587,520566
1687737587,520685
1687737587,527022
1687737587,527065
1687737587,542429
1687737587,549580
1687737587,564920
1687737587,578877
1687737587,592996
1687737587,599028
1687737587,604495
1687737587,614778
1687737587,617367
1687737587,629410
1687737587,632403
1687737587,650278
1687737587,657182
1687737587,667773
1687737588,242122
1687737588,245912
1687737588,247093
1687737588,247313
1687737588,248829
1687737588,312493
1687737588,318143
1687737588,318289
1687737588,319387
1687737588,324822
1687737588,326576
1687737588,340325
1687737588,341199
1687737588,343880
1687737588,356547
1687737588,361995
1687737588,362623
1687737588,367696
1687737588,376883
1687737588,378893
1687737588,390055
1687737588,391030
1687737588,395334
1687737588,423018
1687737588,423019
1687737588,448591
1687737588,459895
1687737588,463497
1687737588,471847
1687737588,480317
1687737588,489269
1687737588,502193
1687737588,512046
1687737588,520942
1687737588,547299
1687737588,549525
1687737588,565092
1687737588,570444
1687737588,582708
1687737588,596091
1687737588,600023
1687737588,600828
1687737588,628709
1687737588,629767
1687737588,632392
1687737588,638815
1687737588,641396
1687737588,643927
1687737588,647160
1687737588,660886
1687737588,662620
1687737589,244528
1687737589,246856
1687737589,247230
1687737589,252182
1687737589,252893
1687737589,331269
1687737589,334822
1687737589,335310
1687737589,341704
1687737589,344106
1687737589,345809
1687737589,346581
1687737589,347942
1687737589,355620
1687737589,357335
1687737589,361486
1687737589,366045
1687737589,366337
1687737589,368433
1687737589,370099
1687737589,377027
1687737589,380205
1687737589,385882
1687737589,398935
1687737589,422206
1687737589,436284
1687737589,456063
1687737589,477490
1687737589,495860
1687737589,497207
1687737589,526839
1687737589,529655
1687737589,536538
1687737589,550056
1687737589,551069
1687737589,585496
1687737589,603598
1687737589,605907
1687737589,606396
1687737589,607681
1687737589,608058
1687737589,623551
1687737589,627115
1687737589,647790
1687737589,649335
1687737589,652353
1687737589,659780
1687737590,243994
1687737590,246258
1687737590,247479
1687737590,251347
1687737590,253311
1687737590,313461
1687737590,321988
1687737590,322072
1687737590,328956
1687737590,334521
1687737590,359017
1687737590,360384
1687737590,362559
1687737590,371947
1687737590,382972
1687737590,383837
1687737590,386431
1687737590,428105
1687737590,429188
1687737590,429426
1687737590,442896
1687737590,447308
1687737590,450920
1687737590,450937
1687737590,463266
1687737590,467197
1687737590,473677
1687737590,482958
1687737590,483635
1687737590,493267
1687737590,499102
1687737590,518868
1687737590,528603
1687737590,528820
1687737590,533755
1687737590,538957
1687737590,547381
1687737590,563144
1687737590,566812
1687737590,573233
1687737590,583916
1687737590,607463
1687737590,615411
1687737590,623669
1687737590,623800
1687737590,631932
1687737590,647185
1687737590,657228
1687737590,663778
1687737591,247261
1687737591,247824
1687737591,250593
1687737591,251103
1687737591,313727
1687737591,317186
1687737591,332600
1687737591,336978
1687737591,345185
1687737591,345397
1687737591,355037
1687737591,364244
1687737591,390073
1687737591,396454
1687737591,416264
1687737591,423510
1687737591,427079
1687737591,473088
1687737591,486077
1687737591,497426
1687737591,510480
1687737591,513358
1687737591,521481
1687737591,523445
1687737591,532777
1687737591,580504
1687737591,587082
1687737591,593972
1687737591,594498
1687737591,600180
1687737591,605136
1687737591,614760
1687737591,620027
1687737591,629740
1687737591,637503
1687737591,638391
1687737591,639175
1687737591,645714
1687737591,648719
1687737591,659012
1687737592,244838
1687737592,247670
1687737592,249615
1687737592,250983
1687737592,251429
1687737592,252164
1687737592,311906
1687737592,313115
1687737592,325075
1687737592,329395
1687737592,330373
1687737592,334169
1687737592,337619
1687737592,340024
1687737592,340631
1687737592,343097
1687737592,344379
1687737592,362364
1687737592,362686
1687737592,369884
1687737592,395844
1687737592,403630
1687737592,405263
1687737592,416155
1687737592,432653
1687737592,436781
1687737592,447945
1687737592,448389
1687737592,449691
1687737592,464957
1687737592,476774
1687737592,492830
1687737592,494779
1687737592,504297
1687737592,504385
1687737592,510846
1687737592,547735
1687737592,552965
1687737592,553358
1687737592,556777
1687737592,572225
1687737592,573165
1687737592,587881
1687737592,588749
1687737592,602142
1687737592,615348
1687737592,625005
1687737592,630585
1687737592,632389
1687737592,639200
1687737592,653336
1687737592,657194
1687737593,247154
1687737593,251187
1687737593,254529
1687737593,312033
1687737593,322699
1687737593,327593
1687737593,330001
1687737593,332426
1687737593,338596
1687737593,343122
1687737593,350311
1687737593,374318
1687737593,378734
1687737593,391798
1687737593,400559
1687737593,406622
1687737593,412492
1687737593,422895
1687737593,425555
1687737593,446350
1687737593,472782
1687737593,499453
1687737593,510910
1687737593,514611
1687737593,526974
1687737593,529918
1687737593,542186
1687737593,542273
1687737593,565297
1687737593,575552
1687737593,579523
1687737593,597347
1687737593,599737
1687737593,603096
1687737593,615101
1687737593,617173
1687737593,622559
1687737593,625612
1687737593,632180
1687737593,637550
1687737593,639842
1687737593,642825
1687737593,659163
1687737593,666625
1687737594,216772
1687737594,234303
1687737594,250391
1687737594,251033
1687737594,251343
1687737594,252384
1687737594,252404
1687737594,253501
1687737594,256579
1687737594,276056
1687737594,303960
1687737594,312898
1687737594,313259
1687737594,317578
1687737594,321151
1687737594,331135
1687737594,331529
1687737594,334993
1687737594,340481
1687737594,342622
1687737594,351715
1687737594,365283
1687737594,382165
1687737594,397230
1687737594,401297
1687737594,404707
1687737594,419910
1687737594,430103
1687737594,451498
1687737594,453321
1687737594,492415
1687737594,510573
1687737594,514344
1687737594,532582
1687737594,549127
1687737594,553507
1687737594,579446
1687737594,586506
1687737594,596730
1687737594,624688
1687737594,627141
1687737594,640958
1687737594,648468
1687737594,650390
1687737594,652347
1687737595,153405
1687737595,155819
1687737595,164719
1687737595,174762
1687737595,182549
1687737595,195263
1687737595,251264
1687737595,254191
1687737595,254320
1687737595,255534
1687737595,257799
1687737595,311854
1687737595,321832
1687737595,322775
1687737595,328911
1687737595,329552
1687737595,332873
1687737595,334803
1687737595,342000
1687737595,345769
1687737595,351912
1687737595,362392
1687737595,364802
1687737595,367408
1687737595,374458
1687737595,383170
1687737595,416619
1687737595,420895
1687737595,428516
1687737595,445165
1687737595,466968
1687737595,478700
1687737595,482203
1687737595,488511
1687737595,525484
1687737595,541753
1687737595,560266
1687737595,563430
1687737595,572541
1687737595,582592
1687737595,584167
1687737595,600645
1687737595,615614
1687737595,618233
1687737595,627113
1687737595,632611
1687737595,633441
1687737595,636719
1687737595,636721
1687737595,644797
1687737595,664451
1687737596,141685
1687737596,142463
1687737596,143027
1687737596,149200
1687737596,250648
1687737596,252750
1687737596,256316
1687737596,313542
1687737596,319039
1687737596,327429
1687737596,328061
1687737596,334925
1687737596,338154
1687737596,339806
1687737596,340143
1687737596,352537
1687737596,365216
1687737596,384752
1687737596,390668
1687737596,394240
1687737596,408312
1687737596,410771
1687737596,413485
1687737596,438821
1687737596,454670
1687737596,481656
1687737596,494259
1687737596,502956
1687737596,507639
1687737596,508489
1687737596,511387
1687737596,520064
1687737596,545199
1687737596,549559
1687737596,551526
1687737596,568994
1687737596,571722
1687737596,571764
1687737596,591587
1687737596,601486
1687737596,612127
1687737596,613238
1687737596,614061
1687737596,618749
1687737596,620873
1687737596,627108
1687737596,628637
1687737596,646145
1687737596,653793
1687737596,658447
1687737596,660630
1687737597,138991
1687737597,139585
1687737597,140291
1687737597,140853
1687737597,142399
1687737597,144077
1687737597,253574
1687737597,257991
1687737597,258263
1687737597,258369
1687737597,259921
1687737597,311130
1687737597,322139
1687737597,327461
1687737597,332923
1687737597,333831
1687737597,336409
1687737597,338627
1687737597,344814
1687737597,345979
1687737597,367625
1687737597,369165
1687737597,369411
1687737597,401917
1687737597,408241
1687737597,416489
1687737597,418596
1687737597,421117
1687737597,422015
1687737597,425363
1687737597,456544
1687737597,457155
1687737597,516043
1687737597,516585
1687737597,516714
1687737597,521117
1687737597,522292
1687737597,523489
1687737597,553609
1687737597,565518
1687737597,589481
1687737597,590250
1687737597,590702
1687737597,597622
1687737597,601248
1687737597,601858
1687737597,626909
1687737597,630873
1687737597,631144
1687737597,632612
1687737597,645615
1687737597,647723
1687737598,146988
1687737598,148802
1687737598,150198
1687737598,155500
1687737598,256649
1687737598,257522
1687737598,257983
1687737598,258743
1687737598,261986
1687737598,314303
1687737598,315685
1687737598,320121
1687737598,322873
1687737598,324002
1687737598,326288
1687737598,342603
1687737598,342804
1687737598,348188
1687737598,353451
1687737598,363418
1687737598,373209
1687737598,380833
1687737598,382358
1687737598,387051
1687737598,413303
1687737598,414230
1687737598,415653
1687737598,444804
1687737598,456311
1687737598,470853
1687737598,473623
1687737598,475158
1687737598,475848
1687737598,480540
1687737598,490217
1687737598,518886
1687737598,522912
1687737598,553337
1687737598,554555
1687737598,559825
1687737598,565837
1687737598,570487
1687737598,581792
1687737598,585027
1687737598,623565
1687737598,629254
1687737598,631718
1687737598,635701
1687737598,643983
1687737598,652172
1687737598,657394
1687737599,157567
1687737599,158565
1687737599,161951
1687737599,169336
1687737599,169652
1687737599,182002
1687737599,258341
1687737599,260634
1687737599,260980
1687737599,262905
1687737599,309892
1687737599,315641
1687737599,321626
1687737599,331863
1687737599,332695
1687737599,333519
1687737599,335528
1687737599,358934
1687737599,365752
1687737599,366584
1687737599,382796
1687737599,395562
1687737599,407013
1687737599,452804
1687737599,455972
1687737599,475480
1687737599,486341
1687737599,496949
1687737599,501874
1687737599,514474
1687737599,515280
1687737599,523946
1687737599,530705
1687737599,543191
1687737599,544222
1687737599,545506
1687737599,552507
1687737599,577328
1687737599,589447
1687737599,591879
1687737599,603048
1687737599,603838
1687737599,604675
1687737599,611397
1687737599,615000
1687737599,630219
1687737599,632851
1687737599,638128
1687737599,646717
1687737599,648192
1687737599,657208
1687737599,671039
1687737600,177455
1687737600,181841
1687737600,183103
1687737600,260684
1687737600,261090
1687737600,263004
1687737600,264816
1687737600,265539
1687737600,316855
1687737600,323669
1687737600,333408
1687737600,339040
1687737600,342210
1687737600,345883
1687737600,356627
1687737600,356866
1687737600,360087
1687737600,362050
1687737600,363053
1687737600,370367
1687737600,383922
1687737600,389059
1687737600,394826
1687737600,419812
1687737600,439483
1687737600,441725
1687737600,455900
1687737600,463239
1687737600,479934
1687737600,487140
1687737600,525265
1687737600,532567
1687737600,559286
1687737600,562585
1687737600,581248
1687737600,589686
1687737600,591256
1687737600,604540
1687737600,610149
1687737600,620564
1687737600,628449
1687737600,632123
1687737600,632134
1687737600,636491
1687737600,638353
1687737600,641739
1687737600,644398
1687737600,644412
1687737600,649173
1687737601,191373
1687737601,191820
1687737601,195538
1687737601,196560
1687737601,209070
1687737601,263784
1687737601,264948
1687737601,264995
1687737601,265253
1687737601,267309
1687737601,308894
1687737601,314709
1687737601,321539
1687737601,323407
1687737601,324296
1687737601,328390
1687737601,331815
1687737601,335310
1687737601,336706
1687737601,340359
1687737601,343547
1687737601,365747
1687737601,368236
1687737601,371690
1687737601,374398
1687737601,385582
1687737601,386134
1687737601,388043
1687737601,396099
1687737601,430190
1687737601,447125
1687737601,452016
1687737601,455354
1687737601,466912
1687737601,477712
1687737601,485640
1687737601,496569
1687737601,537755
1687737601,550421
1687737601,561748
1687737601,565155
1687737601,567608
1687737601,568877
1687737601,599340
1687737601,604224
1687737601,616952
1687737601,628319
1687737601,632645
1687737601,639685
1687737601,653408
1687737601,661889
1687737602,203038
1687737602,203041
1687737602,212718
1687737602,267677
1687737602,268264
1687737602,268548
1687737602,269852
1687737602,270393
1687737602,309895
1687737602,313114
1687737602,320185
1687737602,324873
1687737602,336072
1687737602,337377
1687737602,345323
1687737602,349597
1687737602,370334
1687737602,372756
1687737602,375396
1687737602,413986
1687737602,419614
1687737602,421367
1687737602,422641
1687737602,427772
1687737602,465364
1687737602,466760
1687737602,469423
1687737602,503644
1687737602,508189
1687737602,524370
1687737602,528340
1687737602,528546
1687737602,537898
1687737602,539070
1687737602,551200
1687737602,571938
1687737602,583236
1687737602,587362
1687737602,592083
1687737602,603384
1687737602,610823
1687737602,614501
1687737602,618122
1687737602,622298
1687737602,622977
1687737602,625403
1687737602,628752
1687737602,629854
1687737602,635582
1687737602,637573
1687737602,638396
1687737602,649034
1687737602,660851
1687737603,169939
1687737603,209502
1687737603,219475
1687737603,223592
1687737603,225747
1687737603,270689
1687737603,270947
1687737603,272348
1687737603,273827
1687737603,274445
1687737603,307745
1687737603,322850
1687737603,323350
1687737603,327124
1687737603,332692
1687737603,333193
1687737603,334481
1687737603,335363
1687737603,336729
1687737603,338959
1687737603,346119
1687737603,350784
1687737603,350823
1687737603,355195
1687737603,358414
1687737603,376525
1687737603,378201
1687737603,382232
1687737603,392820
1687737603,400332
1687737603,421802
1687737603,425251
1687737603,440382
1687737603,444482
1687737603,472275
1687737603,484250
1687737603,490570
1687737603,509997
1687737603,524297
1687737603,530536
1687737603,544847
1687737603,549655
1687737603,571548
1687737603,579743
1687737603,591391
1687737603,594853
1687737603,604636
1687737603,627241
1687737603,628529
1687737603,648445
1687737603,648454
1687737603,660450
1687737603,664245
1687737604,220420
1687737604,225405
1687737604,225711
1687737604,228352
1687737604,235888
1687737604,274645
1687737604,274988
1687737604,275677
1687737604,279601
1687737604,305383
1687737604,328274
1687737604,331403
1687737604,336547
1687737604,347338
1687737604,359920
1687737604,362379
1687737604,383641
1687737604,387725
1687737604,412746
1687737604,416402
1687737604,441603
1687737604,445887
1687737604,450416
1687737604,474072
1687737604,481736
1687737604,482157
1687737604,484254
1687737604,493162
1687737604,503625
1687737604,513081
1687737604,548761
1687737604,551957
1687737604,565630
1687737604,568807
1687737604,569936
1687737604,570388
1687737604,585943
1687737604,586804
1687737604,605077
1687737604,609775
1687737604,619205
1687737604,625647
1687737604,626211
1687737604,627057
1687737604,629111
1687737604,631021
1687737604,640523
1687737604,642707
1687737604,643740
1687737604,649035
1687737604,654921
1687737604,660534
1687737604,665814
1687737605,231347
1687737605,234682
1687737605,236361
1687737605,239585
1687737605,255424
1687737605,278187
1687737605,278635
1687737605,279951
1687737605,283054
1687737605,283097
1687737605,315011
1687737605,315541
1687737605,322572
1687737605,323937
1687737605,331569
1687737605,332846
1687737605,332980
1687737605,337987
1687737605,343722
1687737605,345909
1687737605,347182
1687737605,349760
1687737605,363071
1687737605,363708
1687737605,376360
1687737605,378270
1687737605,397438
1687737605,405249
1687737605,423457
1687737605,427079
1687737605,429651
1687737605,439754
1687737605,452250
1687737605,492664
1687737605,494109
1687737605,525349
1687737605,528643
1687737605,544075
1687737605,555092
1687737605,578617
1687737605,582334
1687737605,584309
1687737605,604968
1687737605,613714
1687737605,616705
1687737605,622264
1687737605,625511
1687737605,629014
1687737605,631320
1687737605,649752
1687737606,235318
1687737606,235846
1687737606,239382
1687737606,243546
1687737606,244165
1687737606,245797
1687737606,281285
1687737606,285908
1687737606,286058
1687737606,287046
1687737606,308531
1687737606,327334
1687737606,328713
1687737606,332079
1687737606,345312
1687737606,347457
1687737606,353739
1687737606,357617
1687737606,363476
1687737606,388132
1687737606,389380
1687737606,400211
1687737606,412759
1687737606,413092
1687737606,417186
1687737606,442184
1687737606,442278
1687737606,447998
1687737606,456868
1687737606,463806
1687737606,481206
1687737606,489053
1687737606,491000
1687737606,512854
1687737606,515401
1687737606,549344
1687737606,549550
1687737606,570929
1687737606,587976
1687737606,588374
1687737606,600513
1687737606,611882
1687737606,613495
1687737606,615004
1687737606,618366
1687737606,626284
1687737606,643207
1687737606,646826
1687737606,651153
1687737606,659216
1687737607,238809
1687737607,239835
1687737607,243856
1687737607,248201
1687737607,260363
1687737607,265493
1687737607,287340
1687737607,289990
1687737607,290353
1687737607,292294
1687737607,292749
1687737607,296161
1687737607,299035
1687737607,311842
1687737607,313087
1687737607,317723
1687737607,330767
1687737607,333454
1687737607,334154
1687737607,336790
1687737607,339412
1687737607,341089
1687737607,344202
1687737607,352319
1687737607,362941
1687737607,368337
1687737607,373351
1687737607,377216
1687737607,378992
1687737607,379401
1687737607,416599
1687737607,420163
1687737607,424529
1687737607,425052
1687737607,438456
1687737607,458202
1687737607,471216
1687737607,491289
1687737607,506494
1687737607,518677
1687737607,518913
1687737607,528891
1687737607,529277
1687737607,540475
1687737607,547767
1687737607,566258
1687737607,576841
1687737607,591771
1687737607,597587
1687737607,605354
1687737607,615518
1687737607,618571
1687737607,629203
1687737607,630986
1687737607,650649
1687737607,667780
1687737608,242279
1687737608,245917
1687737608,247550
1687737608,248509
1687737608,295632
1687737608,295947
1687737608,312225
1687737608,320069
1687737608,326703
1687737608,329726
1687737608,340036
1687737608,341073
1687737608,357287
1687737608,360959
1687737608,369477
1687737608,391876
1687737608,393693
1687737608,403607
1687737608,420908
1687737608,446521
1687737608,462148
1687737608,465521
1687737608,473526
1687737608,482561
1687737608,504626
1687737608,508988
1687737608,510349
1687737608,522509
1687737608,547458
1687737608,548710
1687737608,566863
1687737608,568488
1687737608,583993
1687737608,597088
1687737608,599307
1687737608,601431
1687737608,612100
1687737608,627448
1687737608,630670
1687737608,634622
1687737608,639214
1687737608,642610
1687737608,644034
1687737608,646514
1687737608,651879
1687737608,660297
1687737608,662245
1687737609,244374
1687737609,246843
1687737609,247401
1687737609,252290
1687737609,318469
1687737609,331178
1687737609,334388
1687737609,340863
1687737609,344039
1687737609,344421
1687737609,346645
1687737609,346710
1687737609,356010
1687737609,361562
1687737609,364893
1687737609,366472
1687737609,368703
1687737609,375198
1687737609,382122
1687737609,386719
1687737609,396868
1687737609,424209
1687737609,431952
1687737609,434148
1687737609,454237
1687737609,461073
1687737609,475505
1687737609,493858
1687737609,495348
1687737609,495394
1687737609,512858
1687737609,517198
1687737609,527914
1687737609,528550
1687737609,538663
1687737609,540900
1687737609,549280
1687737609,551431
1687737609,567135
1687737609,604569
1687737609,604770
1687737609,605387
1687737609,608222
1687737609,608689
1687737609,622374
1687737609,625900
1687737609,646739
1687737609,649593
1687737609,651784
1687737609,660456
1687737610,244001
1687737610,246343
1687737610,251057
1687737610,253463
1687737610,313220
1687737610,322613
1687737610,322707
1687737610,329147
1687737610,334720
1687737610,357687
1687737610,360947
1687737610,361998
1687737610,373197
1687737610,384870
1687737610,385888
1687737610,388350
1687737610,429786
1687737610,440993
1687737610,447678
1687737610,448947
1687737610,467934
1687737610,475910
1687737610,484956
1687737610,485529
1687737610,499506
1687737610,518834
1687737610,527005
1687737610,530342
1687737610,531759
1687737610,545542
1687737610,564745
1687737610,568331
1687737610,571456
1687737610,585477
1687737610,608320
1687737610,616413
1687737610,622312
1687737610,622333
1687737610,631816
1687737610,638742
1687737610,644861
1687737610,648585
1687737610,657418
1687737610,663802
1687737611,247514
1687737611,247796
1687737611,250646
1687737611,250964
1687737611,314172
1687737611,316890
1687737611,330094
1687737611,332993
1687737611,333270
1687737611,337197
1687737611,337595
1687737611,344390
1687737611,346115
1687737611,353998
1687737611,365845
1687737611,383204
1687737611,388491
1687737611,398655
1687737611,414181
1687737611,424760
1687737611,425640
1687737611,452560
1687737611,475075
1687737611,484157
1687737611,488256
1687737611,508624
1687737611,513622
1687737611,518731
1687737611,521374
1687737611,521431
1687737611,534286
1687737611,551645
1687737611,582373
1687737611,585551
1687737611,592132
1687737611,593167
1687737611,601123
1687737611,606239
1687737611,615605
1687737611,621080
1687737611,630981
1687737611,637118
1687737611,639394
1687737611,649161
1687737611,658369
1687737612,212193
1687737612,244792
1687737612,247880
1687737612,249387
1687737612,251024
1687737612,251386
1687737612,252267
1687737612,311897
1687737612,313174
1687737612,325272
1687737612,330170
1687737612,339469
1687737612,340360
1687737612,343805
1687737612,345558
1687737612,361059
1687737612,363275
1687737612,368851
1687737612,397900
1687737612,403589
1687737612,405507
1687737612,414399
1687737612,425109
1687737612,432265
1687737612,438781
1687737612,445986
1687737612,447909
1687737612,451836
1687737612,463100
1687737612,476459
1687737612,494580
1687737612,495488
1687737612,504031
1687737612,506423
1687737612,512882
1687737612,545591
1687737612,550578
1687737612,558736
1687737612,574661
1687737612,585633
1687737612,590161
1687737612,603194
1687737612,614390
1687737612,623681
1687737612,631619
1687737612,632460
1687737612,637894
1687737612,652875
1687737612,657918
1687737613,247079
1687737613,251174
1687737613,254561
1687737613,312171
1687737613,322337
1687737613,327313
1687737613,330111
1687737613,331991
1687737613,338918
1687737613,344297
1687737613,349594
1687737613,371896
1687737613,372763
1687737613,377051
1687737613,390314
1687737613,402753
1687737613,404632
1687737613,412224
1687737613,427464
1687737613,444169
1687737613,470583
1687737613,482102
1687737613,501123
1687737613,512965
1687737613,513077
1687737613,516924
1687737613,528841
1687737613,531262
1687737613,531553
1687737613,540372
1687737613,560278
1687737613,563695
1687737613,576921
1687737613,577929
1687737613,598510
1687737613,600624
1687737613,601338
1687737613,604173
1687737613,614036
1687737613,616180
1687737613,623502
1687737613,624231
1687737613,631539
1687737613,637927
1687737613,638235
1687737613,638897
1687737613,643670
1687737613,656993
1687737613,666067
1687737614,194972
1687737614,216296
1687737614,233981
1687737614,247580
1687737614,250464
1687737614,251136
1687737614,251279
1687737614,252051
1687737614,252217
1687737614,253638
1687737614,256582
1687737614,275519
1687737614,303378
1687737614,313110
1687737614,317212
1687737614,318467
1687737614,321676
1687737614,330644
1687737614,331000
1687737614,340956
1687737614,342041
1687737614,352823
1687737614,363630
1687737614,384136
1687737614,395664
1687737614,399555
1687737614,406790
1687737614,422252
1687737614,431881
1687737614,445208
1687737614,449458
1687737614,451201
1687737614,490564
1687737614,516433
1687737614,527190
1687737614,534675
1687737614,547457
1687737614,551417
1687737614,581077
1687737614,587734
1687737614,597956
1687737614,624124
1687737614,638487
1687737614,642142
1687737614,648697
1687737614,651133
1687737614,651581
1687737615,153257
1687737615,155713
1687737615,164573
1687737615,174591
1687737615,182372
1687737615,247191
1687737615,251186
1687737615,254319
1687737615,254364
1687737615,255402
1687737615,257770
1687737615,311613
1687737615,322903
1687737615,329799
1687737615,332116
1687737615,334310
1687737615,342891
1687737615,346734
1687737615,352847
1687737615,355043
1687737615,363421
1687737615,368416
1687737615,372655
1687737615,381608
1687737615,411599
1687737615,418478
1687737615,423146
1687737615,426411
1687737615,447571
1687737615,464949
1687737615,476395
1687737615,484191
1687737615,486794
1687737615,539683
1687737615,558665
1687737615,571210
1687737615,573900
1687737615,580438
1687737615,585521
1687737615,601581
1687737615,616347
1687737615,619596
1687737615,627878
1687737615,627927
1687737615,627930
1687737615,631073
1687737615,635530
1687737615,636236
1687737615,645419
1687737615,660211
1687737615,664862
1687737616,141665
1687737616,142366
1687737616,142998
1687737616,149168
1687737616,250711
1687737616,252615
1687737616,256350
1687737616,313522
1687737616,327295
1687737616,328992
1687737616,335636
1687737616,335960
1687737616,337136
1687737616,340387
1687737616,340767
1687737616,348919
1687737616,351685
1687737616,363630
1687737616,388933
1687737616,396374
1687737616,410225
1687737616,412833
1687737616,430590
1687737616,440898
1687737616,452848
1687737616,479776
1687737616,495981
1687737616,501487
1687737616,506792
1687737616,509390
1687737616,509957
1687737616,521994
1687737616,547164
1687737616,547605
1687737616,553639
1687737616,570159
1687737616,573255
1687737616,602873
1687737616,610380
1687737616,612293
1687737616,614282
1687737616,619410
1687737616,621979
1687737616,625940
1687737616,646541
1687737616,653907
1687737616,659094
1687737617,138883
1687737617,139660
1687737617,140324
1687737617,140966
1687737617,142282
1687737617,144158
1687737617,150266
1687737617,253605
1687737617,258267
1687737617,258320
1687737617,259966
1687737617,311384
1687737617,322040
1687737617,326530
1687737617,333001
1687737617,334329
1687737617,336926
1687737617,338511
1687737617,339873
1687737617,343762
1687737617,345055
1687737617,367580
1687737617,367681
1687737617,369501
1687737617,404357
1687737617,406300
1687737617,416639
1687737617,418576
1687737617,419228
1687737617,423995
1687737617,427233
1687737617,454062
1687737617,455136
1687737617,518235
1687737617,518265
1687737617,518424
1687737617,521872
1687737617,551913
1687737617,563330
1687737617,589561
1687737617,590697
1687737617,591618
1687737617,598739
1687737617,602410
1687737617,602914
1687737617,625940
1687737617,630659
1687737617,631447
1687737617,631763
1687737617,646107
1687737617,646571
1687737618,146992
1687737618,148814
1687737618,155658
1687737618,247244
1687737618,256500
1687737618,257615
1687737618,258828
1687737618,261916
1687737618,314045
1687737618,316077
1687737618,320710
1687737618,322365
1687737618,323260
1687737618,326231
1687737618,341594
1687737618,343520
1687737618,362455
1687737618,374643
1687737618,379231
1687737618,380850
1687737618,389008
1687737618,416389
1687737618,442785
1687737618,454511
1687737618,457994
1687737618,471711
1687737618,473106
1687737618,473378
1687737618,477646
1687737618,482675
1687737618,524778
1687737618,551518
1687737618,556032
1687737618,558056
1687737618,564172
1687737618,571998
1687737618,579617
1687737618,586842
1687737618,622687
1687737618,628189
1687737618,629072
1687737618,632833
1687737618,634462
1687737618,644157
1687737618,651839
1687737618,658065
1687737619,157537
1687737619,158573
1687737619,162140
1687737619,169384
1687737619,169649
1687737619,169987
1687737619,182082
1687737619,258030
1687737619,258350
1687737619,260617
1687737619,260957
1687737619,262973
1687737619,310100
1687737619,316228
1687737619,321566
1687737619,331256
1687737619,332716
1687737619,333473
1687737619,336092
1687737619,360433
1687737619,364926
1687737619,367212
1687737619,381176
1687737619,393761
1687737619,409097
1687737619,440499
1687737619,451130
1687737619,477706
1687737619,484414
1687737619,490702
1687737619,494877
1687737619,504229
1687737619,516496
1687737619,518756
1687737619,524111
1687737619,528880
1687737619,542406
1687737619,544711
1687737619,550639
1687737619,578885
1687737619,587343
1687737619,602820
1687737619,604086
1687737619,605261
1687737619,612090
1687737619,628750
1687737619,632858
1687737619,647316
1687737619,649421
1687737619,656368
1687737620,177677
1687737620,181760
1687737620,183248
1687737620,255595
1687737620,257959
1687737620,260765
1687737620,261044
1687737620,263005
1687737620,264756
1687737620,265640
1687737620,316436
1687737620,323422
1687737620,332937
1687737620,346562
1687737620,355259
1687737620,355324
1687737620,361288
1687737620,362855
1687737620,369901
1687737620,383177
1687737620,396864
1687737620,421973
1687737620,439763
1687737620,458105
1687737620,461220
1687737620,485046
1687737620,527231
1687737620,530832
1687737620,557286
1687737620,564458
1687737620,579130
1687737620,591089
1687737620,592569
1687737620,592978
1687737620,605464
1687737620,609018
1687737620,619766
1687737620,629098
1687737620,631039
1687737620,633205
1687737620,637740
1687737620,638582
1687737620,642175
1687737620,643567
1687737620,645131
1687737620,649655
1687737620,661817
1687737621,191502
1687737621,192165
1687737621,195555
1687737621,196434
1687737621,208841
1687737621,263905
1687737621,264975
1687737621,265246
1687737621,267288
1687737621,309054
1687737621,314390
1687737621,321282
1687737621,322685
1687737621,324963
1687737621,328844
1687737621,331822
1687737621,335888
1687737621,335964
1687737621,336332
1687737621,339669
1687737621,344216
1687737621,360767
1687737621,364117
1687737621,369897
1687737621,372807
1687737621,384382
1687737621,384594
1687737621,390002
1687737621,398071
1687737621,401554
1687737621,432626
1687737621,449951
1687737621,457012
1687737621,464688
1687737621,476102
1687737621,487516
1687737621,507003
1687737621,539258
1687737621,548626
1687737621,560263
1687737621,563471
1687737621,569092
1687737621,583906
1687737621,605115
1687737621,609988
1687737621,616094
1687737621,627124
1687737621,632889
1687737622,202569
1687737622,203463
1687737622,212684
1687737622,267795
1687737622,268352
1687737622,268523
1687737622,269914
1687737622,270361
1687737622,310243
1687737622,319612
1687737622,324946
1687737622,337405
1687737622,345960
1687737622,350460
1687737622,367445
1687737622,373968
1687737622,412297
1687737622,421727
1687737622,423320
1687737622,424576
1687737622,430239
1687737622,463837
1687737622,505533
1687737622,506576
1687737622,512308
1687737622,522559
1687737622,530174
1687737622,530627
1687737622,539927
1687737622,541288
1687737622,549428
1687737622,564863
1687737622,570063
1687737622,584552
1687737622,588590
1687737622,590129
1687737622,590556
1687737622,604628
1687737622,611818
1687737622,615382
1687737622,619333
1687737622,620648
1687737622,622322
1687737622,626286
1687737622,627292
1687737622,636355
1687737622,636791
1687737622,638074
1687737622,649358
1687737622,660792
1687737623,209841
1687737623,219265
1687737623,223277
1687737623,226075
1687737623,270676
1687737623,270875
1687737623,272332
1687737623,273900
1687737623,274561
1687737623,307523
1687737623,313360
1687737623,322851
1687737623,323337
1687737623,326232
1687737623,332745
1687737623,334110
1687737623,334626
1687737623,335673
1687737623,336400
1687737623,339820
1687737623,347520
1687737623,349727
1687737623,349807
1687737623,356727
1687737623,356961
1687737623,378431
1687737623,380128
1687737623,380668
1687737623,391291
1687737623,402576
1687737623,418392
1687737623,419679
1687737623,423398
1687737623,442108
1687737623,442447
1687737623,470234
1687737623,482431
1687737623,492599
1687737623,511586
1687737623,525946
1687737623,528713
1687737623,543305
1687737623,547618
1687737623,569802
1687737623,571552
1687737623,589399
1687737623,595779
1687737623,605624
1687737623,625780
1687737623,628214
1687737623,649800
1687737623,659868
1687737623,664316
1687737624,220074
1687737624,225587
1687737624,226090
1687737624,228397
1687737624,235724
1687737624,274653
1687737624,274983
1687737624,275609
1687737624,279654
1687737624,305454
1687737624,328335
1687737624,336345
1687737624,348164
1687737624,360487
1687737624,360866
1687737624,382130
1687737624,386284
1687737624,387750
1687737624,414572
1687737624,443837
1687737624,448059
1687737624,448218
1687737624,471987
1687737624,479917
1687737624,480250
1687737624,486376
1687737624,491095
1687737624,505233
1687737624,515233
1687737624,549880
1687737624,550292
1687737624,564235
1687737624,567086
1687737624,568473
1687737624,587178
1687737624,588297
1687737624,606228
1687737624,608030
1687737624,612065
1687737624,620320
1687737624,624827
1687737624,627050
1687737624,628068
1687737624,628387
1687737624,631319
1687737624,639453
1687737624,642282
1687737624,644826
1687737624,648213
1687737624,655117
1687737624,661082
1687737625,231149
1687737625,234488
1687737625,236356
1687737625,239927
1687737625,278175
1687737625,278650
1687737625,280070
1687737625,283084
1687737625,283122
1687737625,315181
1687737625,315885
1687737625,321775
1687737625,323074
1687737625,330694
1687737625,331239
1687737625,332810
1687737625,333241
1687737625,342747
1687737625,347202
1687737625,348123
1687737625,351187
1687737625,362326
1687737625,364654
1687737625,375029
1687737625,379693
1687737625,395830
1687737625,403412
1687737625,410607
1687737625,425431
1687737625,425765
1687737625,431326
1687737625,442154
1687737625,450256
1687737625,490613
1687737625,492329
1687737625,513729
1687737625,523748
1687737625,530459
1687737625,545988
1687737625,557228
1687737625,580041
1687737625,580805
1687737625,582633
1687737625,590046
1687737625,605914
1687737625,623054
1687737625,625048
1687737625,627112
1687737625,627731
1687737625,650065
1687737625,651184
1687737625,665373
1687737626,235252
1687737626,236099
1687737626,239532
1687737626,243449
1687737626,243933
1687737626,246080
1687737626,281311
1687737626,285925
1687737626,285981
1687737626,287092
1687737626,308346
1687737626,328147
1687737626,328489
1687737626,331043
1687737626,340148
1687737626,344595
1687737626,348449
1687737626,354543
1687737626,359184
1687737626,361865
1687737626,386372
1687737626,402004
1687737626,411377
1687737626,414594
1687737626,419554
1687737626,445985
1687737626,459166
1687737626,466173
1687737626,479278
1687737626,491133
1687737626,492669
1687737626,514474
1687737626,532826
1687737626,547751
1687737626,551036
1687737626,561951
1687737626,569549
1687737626,589085
1687737626,599782
1687737626,601400
1687737626,612767
1687737626,614664
1687737626,614784
1687737626,615091
1687737626,617322
1687737626,638701
1687737626,643262
1687737626,650305
1687737626,656685
1687737626,659222
1687737627,239113
1687737627,239644
1687737627,243679
1687737627,247383
1687737627,248404
1687737627,260646
1687737627,264973
1687737627,287456
1687737627,290033
1687737627,290395
1687737627,292269
1687737627,292784
1687737627,296222
1687737627,300082
1687737627,310787
1687737627,312956
1687737627,317180
1687737627,318800
1687737627,330581
1687737627,333352
1687737627,334469
1687737627,336321
1687737627,340437
1687737627,343027
1687737627,351596
1687737627,366893
1687737627,374878
1687737627,375864
1687737627,381331
1687737627,418228
1687737627,426564
1687737627,436249
1687737627,456254
1687737627,469537
1687737627,504562
1687737627,516801
1687737627,517126
1687737627,530719
1687737627,531456
1687737627,538499
1687737627,545962
1687737627,567610
1687737627,574764
1687737627,590560
1687737627,596083
1687737627,606232
1687737627,616266
1687737627,619762
1687737627,628981
1687737627,629543
1687737627,651009
1687737627,667721
1687737628,212726
1687737628,242449
1687737628,245928
1687737628,247311
1687737628,247783
1687737628,248161
1687737628,264883
1687737628,295670
1687737628,295895
1687737628,311954
1687737628,320764
1687737628,326883
1687737628,330547
1687737628,338926
1687737628,341847
1687737628,354446
1687737628,357938
1687737628,359336
1687737628,363905
1687737628,367394
1687737628,371285
1687737628,378986
1687737628,393753
1687737628,418834
1687737628,427068
1687737628,429342
1687737628,444458
1687737628,464411
1687737628,467548
1687737628,475204
1687737628,484790
1687737628,493304
1687737628,507049
1687737628,508680
1687737628,524077
1687737628,545405
1687737628,550121
1687737628,566517
1687737628,568587
1687737628,575551
1687737628,582319
1687737628,585252
1687737628,597763
1687737628,598058
1687737628,602808
1687737628,626191
1687737628,631584
1687737628,635793
1687737628,639587
1687737628,643786
1687737628,644103
1687737628,645777
1687737628,651129
1687737628,659727
1687737629,244207
1687737629,246827
1687737629,247573
1687737629,252376
1687737629,317944
1687737629,331083
1687737629,333955
1687737629,335965
1687737629,340038
1687737629,343978
1687737629,345011
1687737629,346744
1687737629,347618
1687737629,349900
1687737629,354667
1687737629,361680
1687737629,363798
1687737629,366621
1687737629,367309
1687737629,373368
1687737629,384029
1687737629,387586
1687737629,392030
1687737629,394799
1687737629,426192
1687737629,432016
1687737629,433063
1687737629,434432
1687737629,452438
1687737629,473475
1687737629,493579
1687737629,497513
1687737629,514458
1687737629,526190
1687737629,530229
1687737629,540769
1687737629,547474
1687737629,552835
1687737629,565258
1687737629,603620
1687737629,604352
1687737629,605554
1687737629,609286
1687737629,621171
1687737629,624650
1687737629,645664
1687737629,649812
1687737629,661103
1687737630,244034
1687737630,246398
1687737630,250785
1687737630,253588
1687737630,313050
1687737630,323266
1687737630,323343
1687737630,329328
1687737630,334990
1687737630,356360
1687737630,359350
1687737630,363664
1687737630,374493
1687737630,386844
1687737630,387925
1687737630,390239
1687737630,422477
1687737630,430379
1687737630,439111
1687737630,446946
1687737630,448071
1687737630,458876
1687737630,468687
1687737630,478201
1687737630,482192
1687737630,486932
1687737630,487360
1687737630,499897
1687737630,518819
1687737630,525192
1687737630,529775
1687737630,532054
1687737630,542817
1687737630,543709
1687737630,566294
1687737630,569642
1687737630,569848
1687737630,587027
1687737630,609169
1687737630,617436
1687737630,620788
1687737630,620959
1687737630,631658
1687737630,638308
1687737630,648769
1687737630,649945
1687737630,657556
1687737630,663760
1687737631,247005
1687737631,247765
1687737631,247782
1687737631,250679
1687737631,250843
1687737631,314620
1687737631,316536
1687737631,333397
1687737631,336816
1687737631,338257
1687737631,343409
1687737631,347032
1687737631,352985
1687737631,367502
1687737631,381643
1687737631,386867
1687737631,400929
1687737631,412159
1687737631,412677
1687737631,427761
1687737631,454181
1687737631,477083
1687737631,486357
1687737631,493561
1687737631,506757
1687737631,513916
1687737631,518593
1687737631,519339
1687737631,521375
1687737631,535806
1687737631,549915
1687737631,583988
1687737631,584193
1687737631,590274
1687737631,591803
1687737631,602027
1687737631,607334
1687737631,616476
1687737631,622138
1687737631,632251
1687737631,636723
1687737631,640330
1687737631,649559
1687737631,657705
1687737632,244759
1687737632,248111
1687737632,249154
1687737632,251084
1687737632,251330
1687737632,252352
1687737632,313247
1687737632,325503
1687737632,329943
1687737632,330821
1687737632,338312
1687737632,340497
1687737632,340675
1687737632,344532
1687737632,346795
1687737632,348888
1687737632,363863
1687737632,382436
1687737632,399985
1687737632,401915
1687737632,407368
1687737632,431873
1687737632,440744
1687737632,444062
1687737632,447424
1687737632,461246
1687737632,476157
1687737632,488555
1687737632,494359
1687737632,503695
1687737632,508525
1687737632,514972
1687737632,543499
1687737632,548217
1687737632,560660
1687737632,576165
1687737632,583374
1687737632,591537
1687737632,604227
1687737632,613429
1687737632,632458
1687737632,632566
1687737632,632617
1687737632,636557
1687737632,652380
1687737632,658569
1687737633,233648
1687737633,251166
1687737633,254588
1687737633,312292
1687737633,322016
1687737633,327022
1687737633,330276
1687737633,331592
1687737633,339254
1687737633,345493
1687737633,359788
1687737633,371222
1687737633,373503
1687737633,375387
1687737633,388892
1687737633,402692
1687737633,404976
1687737633,411952
1687737633,427333
1687737633,433677
1687737633,442035
1687737633,444198
1687737633,468427
1687737633,484262
1687737633,502766
1687737633,511330
1687737633,515260
1687737633,518508
1687737633,530676
1687737633,533167
1687737633,538470
1687737633,562129
1687737633,576369
1687737633,578257
1687737633,582722
1687737633,599633
1687737633,601457
1687737633,605273
1687737633,612986
1687737633,615193
1687737633,622812
1687737633,624453
1687737633,630927
1687737633,637919
1687737633,638272
1687737633,644458
1687737633,648044
1687737633,665458
1687737634,215828
1687737634,250526
1687737634,251230
1687737634,251256
1687737634,251718
1687737634,252048
1687737634,253784
1687737634,256575
1687737634,274973
1687737634,302794
1687737634,313328
1687737634,316827
1687737634,322250
1687737634,329784
1687737634,330831
1687737634,336944
1687737634,341449
1687737634,341496
1687737634,353907
1687737634,359174
1687737634,362041
1687737634,386108
1687737634,394078
1687737634,397781
1687737634,408848
1687737634,424618
1687737634,443263
1687737634,447416
1687737634,449088
1687737634,488699
1687737634,518452
1687737634,536748
1687737634,545844
1687737634,549260
1687737634,588968
1687737634,599118
1687737634,623513
1687737634,628669
1687737634,637264
1687737634,643351
1687737634,648864
1687737634,650786
1687737634,651851
1687737635,153062
1687737635,155608
1687737635,164379
1687737635,174402
1687737635,182215
1687737635,194688
1687737635,251098
1687737635,254311
1687737635,254539
1687737635,255267
1687737635,257750
1687737635,311407
1687737635,323073
1687737635,330056
1687737635,331367
1687737635,333835
1687737635,343821
1687737635,347754
1687737635,353763
1687737635,362040
1687737635,370833
1687737635,380060
1687737635,420357
1687737635,424363
1687737635,425385
1687737635,449876
1687737635,462917
1687737635,474084
1687737635,485098
1687737635,486149
1687737635,514033
1687737635,528884
1687737635,537651
1687737635,557053
1687737635,566313
1687737635,569853
1687737635,578292
1687737635,586844
1687737635,588649
1687737635,602522
1687737635,608789
1687737635,617076
1687737635,620959
1687737635,627081
1687737635,628706
1687737635,629566
1687737635,634321
1687737635,635734
1687737635,645993
1687737636,141636
1687737636,142282
1687737636,142968
1687737636,149158
1687737636,250779
1687737636,252472
1687737636,255783
1687737636,256414
1687737636,257912
1687737636,313507
1687737636,327193
1687737636,329928
1687737636,336138
1687737636,337053
1687737636,341001
1687737636,341414
1687737636,350885
1687737636,362001
1687737636,368385
1687737636,387220
1687737636,398544
1687737636,409720
1687737636,412139
1687737636,414886
1687737636,442940
1687737636,450978
1687737636,477869
1687737636,491753
1687737636,497730
1687737636,500020
1687737636,505114
1687737636,507374
1687737636,512265
1687737636,523928
1687737636,545629
1687737636,549063
1687737636,555688
1687737636,568584
1687737636,574765
1687737636,604197
1687737636,608592
1687737636,610448
1687737636,615346
1687737636,620069
1687737636,623115
1687737636,624765
1687737636,646920
1687737636,654004
1687737636,659694
1687737636,659738
1687737637,138764
1687737637,139737
1687737637,140356
1687737637,141076
1687737637,142166
1687737637,144221
1687737637,253649
1687737637,258240
1687737637,258263
1687737637,260009
1687737637,311659
1687737637,321987
1687737637,325611
1687737637,333097
1687737637,334878
1687737637,337482
1687737637,339064
1687737637,341184
1687737637,342763
1687737637,344169
1687737637,365777
1687737637,366232
1687737637,371387
1687737637,404402
1687737637,406842
1687737637,414737
1687737637,417326
1687737637,420699
1687737637,425953
1687737637,429099
1687737637,451578
1687737637,453082
1687737637,519933
1687737637,520123
1687737637,520213
1687737637,520423
1687737637,550202
1687737637,561129
1687737637,588387
1687737637,591864
1687737637,592909
1687737637,603515
1687737637,624944
1687737637,630256
1687737637,630423
1687737637,632387
1687737637,643965
1687737637,645390
1687737637,646535
1687737638,147007
1687737638,148819
1687737638,150318
1687737638,155815
1687737638,256334
1687737638,257698
1687737638,258923
1687737638,261857
1687737638,313782
1687737638,316504
1687737638,321301
1687737638,321885
1687737638,322506
1687737638,326183
1687737638,340581
1687737638,344231
1687737638,361489
1687737638,376162
1687737638,377656
1687737638,379404
1687737638,390933
1687737638,418548
1687737638,440760
1687737638,452696
1687737638,459983
1687737638,469824
1687737638,471595
1687737638,475406
1687737638,479407
1687737638,484837
1687737638,526607
1687737638,549700
1687737638,556297
1687737638,557513
1687737638,562504
1687737638,573522
1687737638,577454
1687737638,588602
1687737638,621782
1687737638,627121
1687737638,629615
1687737638,633217
1687737638,633933
1687737638,644317
1687737638,651437
1687737638,658664
1687737639,157505
1687737639,158549
1687737639,162334
1687737639,169420
1687737639,169652
1687737639,170058
1687737639,258075
1687737639,258360
1687737639,260597
1687737639,260933
1687737639,263067
1687737639,310333
1687737639,311891
1687737639,321531
1687737639,330689
1687737639,332790
1687737639,333487
1687737639,336669
1687737639,361995
1687737639,363257
1687737639,368741
1687737639,379585
1687737639,411188
1687737639,431233
1687737639,438760
1687737639,449419
1687737639,479918
1687737639,482478
1687737639,492771
1687737639,506567
1687737639,518509
1687737639,520297
1687737639,527043
1687737639,540615
1687737639,546231
1687737639,548793
1687737639,580445
1687737639,585222
1687737639,601748
1687737639,605071
1687737639,605842
1687737639,612822
1687737639,627266
1687737639,632863
1687737639,638749
1687737639,638977
1687737639,647919
1687737639,650582
1687737639,655524
1687737640,177889
1687737640,181681
1687737640,183405
1687737640,246987
1687737640,260860
1687737640,261001
1687737640,263000
1687737640,264699
1687737640,265732
1687737640,267266
1687737640,316026
1687737640,316800
1687737640,323244
1687737640,332513
1687737640,347232
1687737640,353682
1687737640,354074
1687737640,359609
1687737640,363689
1687737640,367846
1687737640,371594
1687737640,398906
1687737640,424148
1687737640,437805
1687737640,458667
1687737640,459222
1687737640,460287
1687737640,529099
1687737640,529177
1687737640,555278
1687737640,566303
1687737640,577059
1687737640,592476
1687737640,593868
1687737640,594044
1687737640,606382
1687737640,607877
1687737640,629733
1687737640,629954
1687737640,634306
1687737640,642558
1687737640,642671
1687737640,645834
1687737640,650107
1687737640,661308
1687737641,191642
1687737641,192528
1687737641,195572
1687737641,196296
1687737641,208593
1687737641,264024
1687737641,264821
1687737641,264961
1687737641,265215
1687737641,309229
1687737641,314090
1687737641,321044
1687737641,321964
1687737641,325632
1687737641,329345
1687737641,331841
1687737641,335953
1687737641,336534
1687737641,339003
1687737641,344901
1687737641,362486
1687737641,368134
1687737641,371227
1687737641,383032
1687737641,383171
1687737641,391963
1687737641,399554
1687737641,400069
1687737641,435000
1687737641,447933
1687737641,453934
1687737641,462519
1687737641,474466
1687737641,482899
1687737641,489395
1687737641,505004
1687737641,540776
1687737641,546814
1687737641,558784
1687737641,561746
1687737641,570529
1687737641,605971
1687737641,607802
1687737641,615219
1687737641,622382
1687737641,625879
1687737641,633105
1687737641,665207
1687737642,202137
1687737642,203880
1687737642,212671
1687737642,267922
1687737642,268432
1687737642,268489
1687737642,269993
1687737642,270297
1687737642,310626
1687737642,319080
1687737642,325052
1687737642,338806
1687737642,346643
1687737642,351359
1687737642,372533
1687737642,410610
1687737642,423849
1687737642,425287
1687737642,426500
1687737642,432698
1687737642,462301
1687737642,504937
1687737642,507383
1687737642,516055
1687737642,520699
1687737642,531972
1687737642,532661
1687737642,541940
1687737642,543460
1687737642,547652
1687737642,568143
1687737642,585836
1687737642,588995
1687737642,589809
1687737642,605852
1687737642,606647
1687737642,612824
1687737642,616305
1687737642,618993
1687737642,620584
1687737642,621646
1687737642,625795
1687737642,626546
1687737642,627098
1687737642,635974
1687737642,637084
1687737642,637679
1687737642,649678
1687737642,660687
1687737643,219044
1687737643,222941
1687737643,226422
1687737643,270676
1687737643,270811
1687737643,272316
1687737643,273982
1687737643,274686
1687737643,307347
1687737643,313602
1687737643,322367
1687737643,323855
1687737643,325361
1687737643,332837
1687737643,334618
1687737643,334730
1687737643,337451
1687737643,340694
1687737643,348710
1687737643,348820
1687737643,348980
1687737643,355562
1687737643,358272
1687737643,379108
1687737643,380392
1687737643,382071
1687737643,389757
1687737643,404865
1687737643,416406
1687737643,417597
1687737643,420361
1687737643,421574
1687737643,440415
1687737643,443832
1687737643,468197
1687737643,480623
1687737643,494636
1687737643,513178
1687737643,526887
1687737643,527617
1687737643,541716
1687737643,545578
1687737643,568036
1687737643,596715
1687737643,650508
1687737643,664369
1687737644,219777
1687737644,225772
1687737644,226436
1687737644,228447
1687737644,235530
1687737644,274670
1687737644,274995
1687737644,275548
1687737644,279709
1687737644,305592
1687737644,335032
1687737644,349020
1687737644,380701
1687737644,446036
1687737644,446099
1687737644,469901
1687737644,478089
1687737644,478380
1687737644,488467
1687737644,506824
1687737644,517387
1687737644,547825
1687737644,551796
1687737644,562827
1687737644,565382
1687737644,566537
1687737644,573141
1687737644,581427
1687737644,588378
1687737644,589723
1687737644,606356
1687737644,607338
1687737644,621372
1687737644,623975
1687737644,627670
1687737644,627861
1687737644,629087
1687737644,631574
1687737644,638313
1687737644,641857
1687737644,645911
1687737644,647342
1687737644,655255
1687737644,661537
1687737645,231001
1687737645,236334
1687737645,278155
1687737645,278652
1687737645,280173
1687737645,283112
1687737645,283152
1687737645,315369
1687737645,316279
1687737645,321028
1687737645,322253
1687737645,329799
1687737645,331105
1687737645,332753
1687737645,333536
1687737645,341800
1687737645,348549
1687737645,349111
1687737645,352680
1687737645,360965
1687737645,366231
1687737645,373717
1687737645,381170
1687737645,386132
1687737645,394257
1687737645,401550
1687737645,424414
1687737645,427409
1687737645,432995
1687737645,444492
1687737645,446227
1687737645,448215
1687737645,488589
1687737645,490566
1687737645,522145
1687737645,532228
1687737645,547925
1687737645,579249
1687737645,581000
1687737645,606842
1687737645,613434
1687737645,623848
1687737645,624307
1687737645,624566
1687737645,626425
1687737645,627942
1687737645,650363
1687737646,235210
1687737646,239667
1687737646,243353
1687737646,243679
1687737646,246341
1687737646,281331
1687737646,285918
1687737646,285962
1687737646,287133
1687737646,287570
1687737646,308200
1687737646,328308
1687737646,329020
1687737646,330064
1687737646,332351
1687737646,349426
1687737646,360285
1687737646,360799
1687737646,383279
1687737646,384560
1687737646,391995
1687737646,409599
1687737646,412613
1687737646,443979
1687737646,461452
1687737646,468515
1687737646,477317
1687737646,493231
1687737646,494327
1687737646,502585
1687737646,516124
1687737646,534355
1687737646,545946
1687737646,552686
1687737646,563650
1687737646,568140
1687737646,590183
1687737646,591663
1687737646,594549
1687737646,598213
1687737646,603944
1687737646,613698
1687737646,614482
1687737646,615897
1687737646,616256
1687737646,639118
1687737646,643293
1687737646,649435
1687737646,656291
1687737646,659206
1687737647,182178
1687737647,239438
1687737647,239473
1687737647,243467
1687737647,247167
1687737647,248600
1687737647,260985
1687737647,264470
1687737647,290069
1687737647,290429
1687737647,292233
1687737647,292818
1687737647,296276
1687737647,301140
1687737647,309716
1687737647,312876
1687737647,316661
1687737647,319164
1687737647,330445
1687737647,333271
1687737647,334797
1687737647,335846
1687737647,339271
1687737647,341464
1687737647,341888
1687737647,365467
1687737647,374528
1687737647,376431
1687737647,416336
1687737647,428578
1687737647,454301
1687737647,467889
1687737647,514949
1687737647,515332
1687737647,532556
1687737647,543361
1687737647,544128
1687737647,568984
1687737647,572701
1687737647,589337
1687737647,602209
1687737647,607121
1687737647,617012
1687737647,624931
1687737647,628734
1687737647,651325
1687737648,242647
1687737648,245938
1687737648,247427
1687737648,247805
1687737648,247993
1687737648,295707
1687737648,295858
1687737648,311708
1687737648,321475
1687737648,327097
1687737648,331379
1687737648,337872
1687737648,346878
1687737648,353836
1687737648,357807
1687737648,358485
1687737648,364889
1687737648,367278
1687737648,368328
1687737648,373082
1687737648,395666
1687737648,416752
1687737648,429070
1687737648,442419
1687737648,450646
1687737648,466653
1687737648,469587
1687737648,476878
1687737648,486997
1687737648,489591
1687737648,495360
1687737648,507033
1687737648,509456
1687737648,525659
1687737648,551572
1687737648,564507
1687737648,570300
1687737648,577167
1687737648,580701
1687737648,586484
1687737648,596192
1687737648,598997
1687737648,604145
1687737648,609361
1687737648,609886
1687737648,632488
1687737648,636984
1687737648,639919
1687737648,644089
1687737648,644922
1687737648,644983
1687737648,650439
1687737648,659173
1687737649,213248
1687737649,244046
1687737649,246809
1687737649,247753
1687737649,252448
1687737649,317438
1687737649,330982
1687737649,336295
1687737649,339256
1687737649,342003
1687737649,343910
1687737649,345646
1687737649,348509
1687737649,350885
1687737649,353329
1687737649,361818
1687737649,362769
1687737649,365927
1687737649,366827
1687737649,371524
1687737649,385964
1687737649,388464
1687737649,390346
1687737649,392752
1687737649,428169
1687737649,429914
1687737649,435502
1687737649,436896
1687737649,471392
1687737649,491847
1687737649,499617
1687737649,524458
1687737649,531901
1687737649,542870
1687737649,545638
1687737649,554263
1687737649,563378
1687737649,602474
1687737649,603312
1687737649,606559
1687737649,619930
1687737649,623329
1687737649,644564
1687737649,650019
1687737649,661702
1687737650,244097
1687737650,246472
1687737650,250545
1687737650,253669
1687737650,312925
1687737650,323935
1687737650,323993
1687737650,329470
1687737650,333527
1687737650,335324
1687737650,355043
1687737650,357776
1687737650,365369
1687737650,375888
1687737650,388889
1687737650,389951
1687737650,392095
1687737650,420213
1687737650,430976
1687737650,437225
1687737650,444869
1687737650,448467
1687737650,469432
1687737650,480521
1687737650,488892
1687737650,489146
1687737650,491654
1687737650,500296
1687737650,518820
1687737650,523443
1687737650,527813
1687737650,533777
1687737650,541798
1687737650,544730
1687737650,567829
1687737650,567851
1687737650,571345
1687737650,588522
1687737650,599831
1687737650,610062
1687737650,618488
1687737650,619260
1687737650,619543
1687737650,631473
1687737650,637838
1687737650,641226
1687737650,643028
1687737650,649053
1687737650,649249
1687737650,651298
1687737650,657642
1687737650,663669
1687737651,246777
1687737651,247739
1687737651,248052
1687737651,250699
1687737651,250744
1687737651,315083
1687737651,316170
1687737651,328392
1687737651,333828
1687737651,336475
1687737651,337174
1687737651,338925
1687737651,340959
1687737651,342490
1687737651,347954
1687737651,351984
1687737651,359399
1687737651,369212
1687737651,380118
1687737651,385190
1687737651,403256
1687737651,410211
1687737651,410993
1687737651,429926
1687737651,455831
1687737651,479117
1687737651,480215
1687737651,484476
1687737651,504897
1687737651,514201
1687737651,517295
1687737651,518480
1687737651,521316
1687737651,525910
1687737651,537302
1687737651,582386
1687737651,585974
1687737651,588385
1687737651,590407
1687737651,592879
1687737651,602886
1687737651,608418
1687737651,617339
1687737651,623179
1687737651,633538
1687737651,636280
1687737651,649936
1687737651,657005
1687737652,234282
1687737652,236353
1687737652,244748
1687737652,248341
1687737652,248902
1687737652,251153
1687737652,251281
1687737652,252416
1687737652,311902
1687737652,313369
1687737652,325742
1687737652,326702
1687737652,329705
1687737652,331591
1687737652,345255
1687737652,358521
1687737652,364460
1687737652,369707
1687737652,381722
1687737652,400250
1687737652,402067
1687737652,409251
1687737652,431453
1687737652,442142
1687737652,442684
1687737652,446960
1687737652,459371
1687737652,475802
1687737652,486380
1687737652,494114
1687737652,503373
1687737652,510574
1687737652,517068
1687737652,541389
1687737652,545907
1687737652,548199
1687737652,562591
1687737652,577626
1687737652,581141
1687737652,605243
1687737652,612482
1687737652,632384
1687737652,633610
1687737652,635187
1687737652,651863
1687737652,659166
1687737653,233300
1687737653,246907
1687737653,251156
1687737653,254591
1687737653,312411
1687737653,321724
1687737653,330489
1687737653,331254
1687737653,339595
1687737653,346734
1687737653,348084
1687737653,348212
1687737653,366836
1687737653,373719
1687737653,375127
1687737653,387497
1687737653,400738
1687737653,407253
1687737653,411673
1687737653,429543
1687737653,439948
1687737653,466357
1687737653,486395
1687737653,504409
1687737653,509671
1687737653,517453
1687737653,520069
1687737653,532472
1687737653,534811
1687737653,536594
1687737653,560548
1687737653,574847
1687737653,579583
1687737653,584363
1687737653,600743
1687737653,602255
1687737653,606324
1687737653,611962
1687737653,614235
1687737653,618968
1687737653,625366
1687737653,630308
1687737653,636888
1687737653,638554
1687737653,645136
1687737653,664788
1687737654,215352
1687737654,240249
1687737654,251193
1687737654,251374
1687737654,251396
1687737654,251903
1687737654,253941
1687737654,256559
1687737654,274423
1687737654,302211
1687737654,313537
1687737654,316465
1687737654,322830
1687737654,328899
1687737654,330656
1687737654,337936
1687737654,340951
1687737654,341951
1687737654,354923
1687737654,357624
1687737654,360484
1687737654,388079
1687737654,392504
1687737654,396001
1687737654,403822
1687737654,410913
1687737654,426991
1687737654,435466
1687737654,441357
1687737654,445405
1687737654,446989
1687737654,471798
1687737654,486831
1687737654,520402
1687737654,538799
1687737654,544259
1687737654,547060
1687737654,576109
1687737654,590217
1687737654,600256
1687737654,622854
1687737654,628042
1687737654,629358
1687737654,636032
1687737654,644568
1687737654,649053
1687737654,649962
1687737654,652512
1687737654,665507
1687737655,152842
1687737655,155504
1687737655,164183
1687737655,174177
1687737655,182098
1687737655,194390
1687737655,250998
1687737655,254295
1687737655,254725
1687737655,255144
1687737655,257731
1687737655,311238
1687737655,323294
1687737655,330295
1687737655,330606
1687737655,333367
1687737655,344775
1687737655,348823
1687737655,354708
1687737655,360670
1687737655,369044
1687737655,378531
1687737655,378912
1687737655,407815
1687737655,422244
1687737655,422367
1687737655,427649
1687737655,452138
1687737655,460903
1687737655,483379
1687737655,488111
1687737655,498535
1687737655,515706
1687737655,530571
1687737655,535652
1687737655,555445
1687737655,567752
1687737655,587123
1687737655,588141
1687737655,603490
1687737655,617814
1687737655,622284
1687737655,623573
1687737655,626246
1687737655,629472
1687737655,633105
1687737655,635219
1687737655,646579
1687737656,141604
1687737656,142219
1687737656,142948
1687737656,149170
1687737656,250863
1687737656,252336
1687737656,255966
1687737656,256502
1687737656,257864
1687737656,258143
1687737656,258249
1687737656,313495
1687737656,324679
1687737656,327126
1687737656,330931
1687737656,335145
1687737656,338192
1687737656,341660
1687737656,342116
1687737656,350102
1687737656,360354
1687737656,385522
1687737656,400729
1687737656,414039
1687737656,416915
1687737656,444929
1687737656,449072
1687737656,475952
1687737656,499473
1687737656,503443
1687737656,505354
1687737656,514559
1687737656,525844
1687737656,543628
1687737656,550852
1687737656,557674
1687737656,567002
1687737656,576257
1687737656,605475
1687737656,606795
1687737656,608528
1687737656,616513
1687737656,620709
1687737656,624237
1687737656,646944
1687737656,654086
1687737656,659249
1687737656,660261
1687737657,138661
1687737657,139830
1687737657,140387
1687737657,141192
1687737657,142035
1687737657,144306
1687737657,253717
1687737657,256177
1687737657,260049
1687737657,311968
1687737657,321987
1687737657,333207
1687737657,335464
1687737657,338083
1687737657,339662
1687737657,341813
1687737657,342563
1687737657,343314
1687737657,364012
1687737657,364848
1687737657,373288
1687737657,402517
1687737657,409338
1687737657,412893
1687737657,415386
1687737657,422799
1687737657,427875
1687737657,430959
1687737657,449133
1687737657,451028
1687737657,518498
1687737657,521564
1687737657,521797
1687737657,522583
1687737657,527649
1687737657,548453
1687737657,558932
1687737657,587156
1687737657,592982
1687737657,594132
1687737657,600872
1687737657,604584
1687737657,621065
1687737657,623910
1687737657,629034
1687737657,630192
1687737657,633003
1687737657,644206
1687737658,147023
1687737658,148822
1687737658,150364
1687737658,155988
1687737658,210244
1687737658,257759
1687737658,259022
1687737658,261786
1687737658,313494
1687737658,316959
1687737658,321414
1687737658,321749
1687737658,321902
1687737658,326148
1687737658,330189
1687737658,332913
1687737658,339577
1687737658,344968
1687737658,360520
1687737658,376128
1687737658,377754
1687737658,378023
1687737658,392842
1687737658,420735
1687737658,438723
1687737658,450890
1687737658,461936
1687737658,467950
1687737658,469806
1687737658,477738
1687737658,481144
1687737658,487053
1687737658,528449
1687737658,538856
1687737658,547831
1687737658,554587
1687737658,558996
1687737658,560826
1687737658,575048
1687737658,575317
1687737658,590330
1687737658,620827
1687737658,626007
1687737658,630155
1687737658,631945
1687737658,635061
1687737658,650964
1687737658,651698
1687737658,659198
1687737659,157484
1687737659,158507
1687737659,162532
1687737659,169443
1687737659,169655
1687737659,170135
1687737659,258119
1687737659,258386
1687737659,260563
1687737659,260908
1687737659,263157
1687737659,310621
1687737659,321500
1687737659,333536
1687737659,337268
1687737659,343573
1687737659,361566
1687737659,363614
1687737659,364549
1687737659,370318
1687737659,378047
1687737659,390247
1687737659,413278
1687737659,433119
1687737659,437021
1687737659,447722
1687737659,455985
1687737659,480532
1687737659,482114
1687737659,490615
1687737659,508885
1687737659,520524
1687737659,521830
1687737659,525207
1687737659,546969
1687737659,547733
1687737659,581992
1687737659,583099
1687737659,600658
1687737659,606066
1687737659,606406
1687737659,613552
1687737659,625781
1687737659,632855
1687737659,648469
1687737659,654651
1687737660,178093
1687737660,181607
1687737660,182265
1687737660,183575
1687737660,195582
1687737660,260956
1687737660,260969
1687737660,262996
1687737660,264651
1687737660,265808
1687737660,315663
1687737660,317371
1687737660,323087
1687737660,332112
1687737660,347915
1687737660,352125
1687737660,352852
1687737660,357989
1687737660,373312
1687737660,400948
1687737660,426340
1687737660,435860
1687737660,457223
1687737660,462477
1687737660,527371
1687737660,531085
1687737660,542314
1687737660,553265
1687737660,559990
1687737660,568149
1687737660,568468
1687737660,575027
1687737660,593861
1687737660,595074
1687737660,606724
1687737660,607258
1687737660,618181
1687737660,628850
1687737660,630326
1687737660,635435
1687737660,640217
1687737660,641687
1687737660,642905
1687737660,646502
1687737660,649830
1687737660,650539
1687737660,660769
1687737661,191783
1687737661,192915
1687737661,196160
1687737661,208340
1687737661,250585
1687737661,264160
1687737661,264760
1687737661,264966
1687737661,265150
1687737661,267231
1687737661,268457
1687737661,309414
1687737661,313814
1687737661,320830
1687737661,321257
1687737661,326327
1687737661,329874
1687737661,331892
1687737661,337230
1687737661,338359
1687737661,345601
1687737661,366397
1687737661,369662
1687737661,381467
1687737661,381943
1687737661,393922
1687737661,397630
1687737661,402089
1687737661,437349
1687737661,445940
1687737661,460353
1687737661,460367
1687737661,472803
1687737661,480727
1687737661,491275
1687737661,503022
1687737661,545032
1687737661,557322
1687737661,571936
1687737661,605578
1687737661,606784
1687737661,614337
1687737661,624604
1687737661,633318
1687737662,201737
1687737662,204286
1687737662,212688
1687737662,213741
1687737662,218784
1687737662,268045
1687737662,268498
1687737662,270087
1687737662,270211
1687737662,311061
1687737662,318591
1687737662,325173
1687737662,331441
1687737662,340251
1687737662,347370
1687737662,352309
1687737662,360847
1687737662,371064
1687737662,408903
1687737662,425999
1687737662,427290
1687737662,428457
1687737662,435136
1687737662,460733
1687737662,503245
1687737662,509195
1687737662,517628
1687737662,518858
1687737662,533776
1687737662,534654
1687737662,543920
1687737662,545585
1687737662,545851
1687737662,566225
1687737662,587114
1687737662,587398
1687737662,590955
1687737662,607047
1687737662,613864
1687737662,617223
1687737662,617331
1687737662,620935
1687737662,621349
1687737662,621840
1687737662,624246
1687737662,624830
1687737662,627861
1687737662,635149
1687737662,637230
1687737662,637792
1687737662,647240
1687737662,649313
1687737662,649971
1687737662,660503
1687737663,210660
1687737663,222582
1687737663,226803
1687737663,270688
1687737663,270760
1687737663,272294
1687737663,274059
1687737663,274799
1687737663,307186
1687737663,313830
1687737663,321879
1687737663,324380
1687737663,324531
1687737663,332962
1687737663,333605
1687737663,334797
1687737663,338520
1687737663,341580
1687737663,347736
1687737663,347855
1687737663,350472
1687737663,354204
1687737663,359860
1687737663,377541
1687737663,382423
1687737663,384081
1687737663,388258
1687737663,407199
1687737663,415536
1687737663,418224
1687737663,419776
1687737663,422336
1687737663,438392
1687737663,445552
1687737663,466158
1687737663,478786
1687737663,496718
1687737663,514790
1687737663,529301
1687737663,540095
1687737663,543499
1687737663,566272
1687737663,597637
1687737663,605003
1687737663,607671
1687737663,622833
1687737663,664391
1687737664,219495
1687737664,225973
1687737664,226724
1687737664,228490
1687737664,235303
1687737664,274697
1687737664,275028
1687737664,275491
1687737664,279754
1687737664,305807
1687737664,328448
1687737664,335967
1687737664,349864
1687737664,357970
1687737664,379318
1687737664,448392
1687737664,467847
1687737664,476219
1687737664,476506
1687737664,488824
1687737664,490528
1687737664,508401
1687737664,519552
1687737664,553243
1687737664,561435
1687737664,563701
1687737664,564605
1687737664,574722
1687737664,582767
1687737664,589567
1687737664,591132
1687737664,604697
1687737664,608380
1687737664,622356
1687737664,623108
1687737664,626962
1687737664,628675
1687737664,630080
1687737664,631790
1687737664,637114
1687737664,641394
1687737664,644489
1687737664,646430
1687737664,647006
1687737664,655376
1687737664,661906
1687737665,230872
1687737665,234073
1687737665,236591
1687737665,278131
1687737665,278652
1687737665,280259
1687737665,283132
1687737665,283181
1687737665,315565
1687737665,316680
1687737665,320344
1687737665,321473
1687737665,328910
1687737665,330982
1687737665,332677
1687737665,333863
1687737665,340919
1687737665,349937
1687737665,350111
1687737665,354189
1687737665,359653
1687737665,362432
1687737665,367825
1687737665,372434
1687737665,382684
1687737665,384489
1687737665,392702
1687737665,399649
1687737665,423049
1687737665,429363
1687737665,434647
1687737665,446119
1687737665,446776
1687737665,448248
1687737665,486573
1687737665,520506
1687737665,533997
1687737665,545776
1687737665,549829
1687737665,565365
1687737665,577702
1687737665,579384
1687737665,593239
1687737665,607790
1687737665,624138
1687737665,624616
1687737665,625107
1687737665,650582
1687737666,235193
1687737666,239797
1687737666,243283
1687737666,243401
1687737666,246572
1687737666,281352
1687737666,285857
1687737666,286005
1687737666,287185
1687737666,308085
1687737666,328145
1687737666,329164
1687737666,329950
1687737666,335153
1687737666,350423
1687737666,358770
1687737666,382741
1687737666,405610
1687737666,407785
1687737666,410635
1687737666,442006
1687737666,463701
1687737666,470861
1687737666,475339
1687737666,495335
1687737666,495982
1687737666,513567
1687737666,535857
1687737666,544155
1687737666,554308
1687737666,566714
1687737666,570654
1687737666,591245
1687737666,595153
1687737666,596635
1687737666,602923
1687737666,611720
1687737666,614145
1687737666,614691
1687737666,615204
1687737666,617134
1687737666,638858
1687737666,639467
1687737666,643311
1687737666,655809
1687737666,659163
1687737667,239301
1687737667,239780
1687737667,243215
1687737667,246946
1687737667,248778
1687737667,261342
1687737667,263991
1687737667,287658
1687737667,290109
1687737667,290458
1687737667,292179
1687737667,292854
1687737667,296340
1687737667,302221
1687737667,308649
1687737667,312835
1687737667,316171
1687737667,319541
1687737667,330378
1687737667,333213
1687737667,335369
1687737667,338413
1687737667,340801
1687737667,342519
1687737667,356317
1687737667,364048
1687737667,373236
1687737667,378049
1687737667,385288
1687737667,414427
1687737667,430593
1687737667,452328
1687737667,513108
1687737667,534380
1687737667,541316
1687737667,542286
1687737667,570344
1687737667,588118
1687737667,608029
1687737667,617745
1687737667,628476
1687737667,650420
1687737667,651627
1687737668,242868
1687737668,245945
1687737668,247441
1687737668,247551
1687737668,248157
1687737668,295779
1687737668,295807
1687737668,311496
1687737668,322205
1687737668,327332
1687737668,332191
1687737668,336855
1687737668,353262
1687737668,358958
1687737668,365926
1687737668,367105
1687737668,368227
1687737668,374877
1687737668,378782
1687737668,414665
1687737668,431082
1687737668,440389
1687737668,468859
1687737668,471611
1687737668,478580
1687737668,487392
1687737668,489169
1687737668,497413
1687737668,505388
1687737668,527219
1687737668,553014
1687737668,562492
1687737668,571983
1687737668,578769
1687737668,579031
1687737668,587686
1687737668,594564
1687737668,599906
1687737668,609932
1687737668,623653
1687737668,633377
1687737668,638178
1687737668,640224
1687737668,643996
1687737668,644127
1687737668,646018
1687737668,649670
1687737668,658585
1687737669,243890
1687737669,246781
1687737669,247952
1687737669,252505
1687737669,316980
1687737669,330913
1687737669,333140
1687737669,335567
1687737669,336633
1687737669,338485
1687737669,346329
1687737669,349390
1687737669,351893
1687737669,352003
1687737669,361962
1687737669,364543
1687737669,367080
1687737669,369685
1687737669,387930
1687737669,388670
1687737669,389388
1687737669,390751
1687737669,427837
1687737669,430200
1687737669,437922
1687737669,439288
1687737669,448865
1687737669,469256
1687737669,490087
1687737669,522704
1687737669,533567
1687737669,543770
1687737669,544959
1687737669,555676
1687737669,601342
1687737669,602234
1687737669,607587
1687737669,610471
1687737669,618655
1687737669,621952
1687737669,650180
1687737670,240586
1687737670,244179
1687737670,246578
1687737670,250303
1687737670,253730
1687737670,312835
1687737670,324616
1687737670,324661
1687737670,329583
1687737670,353745
1687737670,356226
1687737670,367117
1687737670,370967
1687737670,390949
1687737670,391987
1687737670,393918
1687737670,431530
1687737670,435336
1687737670,442766
1687737670,448833
1687737670,470160
1687737670,478253
1687737670,489723
1687737670,490818
1687737670,490921
1687737670,500677
1687737670,501717
1687737670,518836
1687737670,521760
1687737670,525054
1687737670,525852
1687737670,535459
1687737670,539851
1687737670,546651
1687737670,566025
1687737670,569336
1687737670,572824
1687737670,589954
1687737670,610980
1687737670,617727
1687737670,618124
1687737670,619557
1687737670,631286
1687737670,637320
1687737670,642001
1687737670,657683
1687737670,663510
1687737671,246526
1687737671,247728
1687737671,248312
1687737671,250662
1687737671,250690
1687737671,315557
1687737671,315762
1687737671,329493
1687737671,334291
1687737671,336069
1687737671,339617
1687737671,341257
1687737671,341638
1687737671,348872
1687737671,350995
1687737671,383475
1687737671,398619
1687737671,405636
1687737671,408316
1687737671,409317
1687737671,417957
1687737671,432071
1687737671,443911
1687737671,457502
1687737671,481167
1687737671,503045
1687737671,514476
1687737671,515244
1687737671,518364
1687737671,521248
1687737671,538779
1687737671,580761
1687737671,588987
1687737671,603695
1687737671,609488
1687737671,618197
1687737671,624196
1687737671,634792
1687737671,635812
1687737671,650263
1687737672,236306
1687737672,248573
1687737672,248627
1687737672,251226
1687737672,251242
1687737672,252444
1687737672,311925
1687737672,313494
1687737672,325978
1687737672,332386
1687737672,346019
1687737672,349412
1687737672,357255
1687737672,381005
1687737672,411130
1687737672,430988
1687737672,440236
1687737672,444623
1687737672,446526
1687737672,457497
1687737672,475404
1687737672,484196
1687737672,493805
1687737672,503070
1687737672,512579
1687737672,517765
1687737672,519179
1687737672,539296
1687737672,543626
1687737672,546490
1687737672,578931
1687737672,579076
1687737672,594186
1687737672,603027
1687737672,606253
1687737672,611535
1687737672,619756
1687737672,632274
1687737672,633801
1687737672,651276
1687737672,659751
1687737673,246844
1687737673,251145
1687737673,254579
1687737673,301650
1687737673,312559
1687737673,321489
1687737673,330748
1687737673,330956
1687737673,339952
1687737673,347565
1687737673,348024
1687737673,365810
1687737673,368209
1687737673,372056
1687737673,376811
1687737673,386109
1687737673,398807
1687737673,409588
1687737673,411378
1687737673,431735
1687737673,437881
1687737673,464337
1687737673,488480
1687737673,506043
1687737673,519651
1687737673,521601
1687737673,534270
1687737673,534715
1687737673,536437
1687737673,558989
1687737673,573314
1687737673,580860
1687737673,586015
1687737673,592987
1687737673,607370
1687737673,613293
1687737673,626278
1687737673,628778
1687737673,629686
1687737673,635792
1687737673,638776
1687737673,645746
1687737674,214868
1687737674,250635
1687737674,251067
1687737674,251163
1687737674,251476
1687737674,251777
1687737674,256533
1687737674,273860
1687737674,313758
1687737674,316128
1687737674,323432
1687737674,328033
1687737674,330474
1687737674,338936
1687737674,340430
1687737674,342453
1687737674,355845
1687737674,356139
1687737674,358969
1687737674,390045
1687737674,390924
1687737674,394225
1687737674,412994
1687737674,429351
1687737674,437240
1687737674,439484
1687737674,443396
1687737674,484956
1687737674,500609
1687737674,522296
1687737674,540832
1687737674,542696
1687737674,544824
1687737674,567042
1687737674,573945
1687737674,591447
1687737674,601342
1687737674,622125
1687737674,629996
1687737674,634745
1687737674,645778
1687737674,649109
1687737674,649231
1687737674,653123
1687737674,665719
1687737675,152621
1687737675,155408
1687737675,164006
1687737675,173966
1687737675,181989
1687737675,194071
1687737675,250914
1687737675,254274
1687737675,254886
1687737675,255030
1687737675,257709
1687737675,311100
1687737675,323546
1687737675,329858
1687737675,330518
1687737675,332915
1687737675,345754
1687737675,355643
1687737675,359330
1687737675,367269
1687737675,377043
1687737675,405901
1687737675,420416
1687737675,424117
1687737675,429923
1687737675,444929
1687737675,446908
1687737675,454383
1687737675,458904
1687737675,469506
1687737675,490055
1687737675,517365
1687737675,532274
1687737675,533683
1687737675,553837
1687737675,569184
1687737675,585569
1687737675,589374
1687737675,604501
1687737675,606542
1687737675,618599
1687737675,625405
1687737675,626504
1687737675,630192
1687737675,631845
1687737675,634697
1687737675,647168
1687737675,647523
1687737676,141562
1687737676,142168
1687737676,142960
1687737676,149181
1687737676,250968
1687737676,252216
1687737676,256137
1687737676,256589
1687737676,257830
1687737676,258050
1687737676,312293
1687737676,313496
1687737676,323743
1687737676,327077
1687737676,331978
1687737676,334176
1687737676,339384
1687737676,342328
1687737676,342866
1687737676,343824
1687737676,349327
1687737676,349928
1687737676,358678
1687737676,383839
1687737676,402959
1687737676,415947
1687737676,418992
1687737676,474029
1687737676,481659
1687737676,501244
1687737676,501746
1687737676,503276
1687737676,516847
1687737676,527747
1687737676,541594
1687737676,546658
1687737676,552609
1687737676,559616
1687737676,565392
1687737676,577724
1687737676,604957
1687737676,606725
1687737676,617722
1687737676,621380
1687737676,622361
1687737676,625358
1687737676,654148
1687737676,658714
1687737676,660799
1687737677,138567
1687737677,139956
1687737677,140411
1687737677,141310
1687737677,141913
1687737677,144411
1687737677,253785
1687737677,256028
1687737677,258234
1687737677,260088
1687737677,322014
1687737677,333348
1687737677,338737
1687737677,340322
1687737677,340924
1687737677,342491
1687737677,343989
1687737677,362280
1687737677,363514
1687737677,375233
1687737677,400645
1687737677,411126
1687737677,411837
1687737677,413417
1687737677,424880
1687737677,429772
1687737677,432847
1687737677,446743
1687737677,449002
1687737677,466289
1687737677,516761
1687737677,523206
1687737677,523469
1687737677,524729
1687737677,529357
1687737677,556759
1687737677,585889
1687737677,594063
1687737677,595304
1687737677,601880
1687737677,605641
1687737677,622849
1687737677,627751
1687737677,629921
1687737677,633546
1687737677,642118
1687737677,643029
1687737677,644631
1687737677,647343
1687737678,147034
1687737678,148822
1687737678,150435
1687737678,156173
1687737678,257826
1687737678,259134
1687737678,261686
1687737678,313217
1687737678,317439
1687737678,321004
1687737678,321010
1687737678,322516
1687737678,326101
1687737678,333081
1687737678,338601
1687737678,345751
1687737678,359563
1687737678,374628
1687737678,376651
1687737678,379429
1687737678,394719
1687737678,422929
1687737678,436710
1687737678,449036
1687737678,466088
1687737678,468025
1687737678,480068
1687737678,482871
1687737678,489291
1687737678,530302
1687737678,537124
1687737678,545908
1687737678,552897
1687737678,559092
1687737678,560464
1687737678,573248
1687737678,576533
1687737678,592003
1687737678,606071
1687737678,607060
1687737678,619819
1687737678,619874
1687737678,630663
1687737678,630686
1687737678,636169
1687737678,650477
1687737678,659642
1687737679,157467
1687737679,158460
1687737679,162734
1687737679,169444
1687737679,169657
1687737679,170224
1687737679,258148
1687737679,258416
1687737679,260530
1687737679,260852
1687737679,263224
1687737679,310937
1687737679,321474
1687737679,329743
1687737679,330567
1687737679,333614
1687737679,337873
1687737679,345205
1687737679,359850
1687737679,365262
1687737679,371975
1687737679,376580
1687737679,388525
1687737679,403023
1687737679,404141
1687737679,415370
1687737679,435017
1687737679,435308
1687737679,446020
1687737679,463874
1687737679,478564
1687737679,484329
1687737679,488437
1687737679,511165
1687737679,522500
1687737679,523331
1687737679,523345
1687737679,545074
1687737679,549240
1687737679,580972
1687737679,583520
1687737679,596405
1687737679,599569
1687737679,607016
1687737679,614323
1687737679,624277
1687737679,632822
1687737679,638923
1687737679,649016
1687737679,652752
1687737679,653765
1687737680,178291
1687737680,181528
1687737680,182334
1687737680,183753
1687737680,196037
1687737680,254096
1687737680,260923
1687737680,261069
1687737680,262992
1687737680,264619
1687737680,265868
1687737680,267191
1687737680,315322
1687737680,317933
1687737680,320584
1687737680,322935
1687737680,326399
1687737680,331775
1687737680,348615
1687737680,350622
1687737680,351665
1687737680,356429
1687737680,365454
1687737680,375050
1687737680,428535
1687737680,433906
1687737680,455236
1687737680,462070
1687737680,464670
1687737680,525626
1687737680,532960
1687737680,551271
1687737680,558207
1687737680,569998
1687737680,573011
1687737680,595234
1687737680,596108
1687737680,605552
1687737680,607551
1687737680,608090
1687737680,617383
1687737680,627726
1687737680,630910
1687737680,636548
1687737680,640606
1687737680,641469
1687737680,643222
1687737680,647158
1687737680,648522
1687737680,649156
1687737680,650980
1687737680,660174
1687737681,191925
1687737681,193319
1687737681,208044
1687737681,232978
1687737681,244761
1687737681,264281
1687737681,264699
1687737681,264985
1687737681,265064
1687737681,268418
1687737681,309605
1687737681,320629
1687737681,327049
1687737681,330425
1687737681,331951
1687737681,335197
1687737681,337752
1687737681,338009
1687737681,346319
1687737681,364686
1687737681,368118
1687737681,380710
1687737681,395780
1687737681,395860
1687737681,404143
1687737681,443980
1687737681,458232
1687737681,478508
1687737681,493139
1687737681,501035
1687737681,543225
1687737681,543822
1687737681,555838
1687737681,573291
1687737681,603370
1687737681,613481
1687737681,623295
1687737681,624835
1687737681,633539
1687737682,195580
1687737682,201360
1687737682,204691
1687737682,212714
1687737682,214187
1687737682,268546
1687737682,270112
1687737682,270168
1687737682,311537
1687737682,318108
1687737682,325301
1687737682,341743
1687737682,348170
1687737682,353242
1687737682,359232
1687737682,369568
1687737682,407196
1687737682,418010
1687737682,428155
1687737682,429293
1687737682,430447
1687737682,437563
1687737682,439673
1687737682,459117
1687737682,496995
1687737682,501503
1687737682,510984
1687737682,517006
1687737682,519186
1687737682,535584
1687737682,536610
1687737682,544010
1687737682,545883
1687737682,547692
1687737682,564283
1687737682,585771
1687737682,588383
1687737682,592024
1687737682,608217
1687737682,614943
1687737682,615660
1687737682,618146
1687737682,620194
1687737682,622672
1687737682,623087
1687737682,623106
1687737682,628645
1687737682,634266
1687737682,636769
1687737682,638476
1687737682,649562
1687737682,650246
1687737682,660236
1687737682,664383
1687737683,211111
1687737683,218497
1687737683,222224
1687737683,227201
1687737683,270708
1687737683,270712
1687737683,272265
1687737683,274120
1687737683,274896
1687737683,307067
1687737683,314030
1687737683,321378
1687737683,323728
1687737683,324942
1687737683,332615
1687737683,333095
1687737683,334834
1687737683,339621
1687737683,342504
1687737683,346814
1687737683,346912
1687737683,347066
1687737683,352024
1687737683,352890
1687737683,361442
1687737683,375975
1687737683,384506
1687737683,386116
1687737683,386760
1687737683,409564
1687737683,413489
1687737683,420090
1687737683,424274
1687737683,436373
1687737683,447165
1687737683,447253
1687737683,464134
1687737683,476955
1687737683,492574
1687737683,498812
1687737683,516406
1687737683,523189
1687737683,530972
1687737683,538400
1687737683,541419
1687737683,564493
1687737683,598587
1687737683,608702
1687737683,621364
1687737683,640896
1687737684,219232
1687737684,226190
1687737684,226992
1687737684,228544
1687737684,235050
1687737684,240923
1687737684,274729
1687737684,275071
1687737684,275451
1687737684,279781
1687737684,306093
1687737684,336952
1687737684,350716
1687737684,378002
1687737684,450702
1687737684,465797
1687737684,474337
1687737684,474617
1687737684,509966
1687737684,521730
1687737684,554675
1687737684,560040
1687737684,562014
1687737684,562676
1687737684,576273
1687737684,577743
1687737684,584109
1687737684,590695
1687737684,592494
1687737684,603072
1687737684,609377
1687737684,622246
1687737684,623295
1687737684,626223
1687737684,629526
1687737684,632022
1687737684,635881
1687737684,645495
1687737684,648089
1687737684,655491
1687737684,662263
1687737685,230756
1687737685,233870
1687737685,235197
1687737685,236273
1687737685,236835
1687737685,243135
1687737685,278104
1687737685,278648
1687737685,280361
1687737685,283122
1687737685,283195
1687737685,315776
1687737685,317092
1687737685,319721
1687737685,320729
1687737685,328029
1687737685,328491
1687737685,330862
1687737685,332563
1687737685,334223
1687737685,340101
1687737685,351139
1687737685,351348
1687737685,355749
1687737685,358371
1687737685,364096
1687737685,369411
1687737685,371143
1687737685,382843
1687737685,384243
1687737685,391158
1687737685,397785
1687737685,421632
1687737685,431298
1687737685,436286
1687737685,443995
1687737685,449027
1687737685,450229
1687737685,484581
1687737685,487047
1687737685,518852
1687737685,519402
1687737685,535793
1687737685,543693
1687737685,551699
1687737685,576119
1687737685,594767
1687737685,608793
1687737685,623711
1687737685,623754
1687737685,625371
1687737685,650752
1687737686,243216
1687737686,246777
1687737686,281373
1687737686,286047
1687737686,287239
1687737686,307959
1687737686,327981
1687737686,328324
1687737686,330882
1687737686,333179
1687737686,335527
1687737686,351432
1687737686,357279
1687737686,380898
1687737686,405970
1687737686,407415
1687737686,408679
1687737686,440022
1687737686,465899
1687737686,473178
1687737686,473358
1687737686,497458
1687737686,497632
1687737686,511801
1687737686,537314
1687737686,542355
1687737686,555913
1687737686,565240
1687737686,567105
1687737686,568579
1687737686,591360
1687737686,595061
1687737686,603611
1687737686,609981
1687737686,613758
1687737686,615701
1687737686,618393
1687737686,629607
1687737686,639786
1687737686,643323
1687737686,647591
1687737686,651573
1687737686,655282
1687737686,659101
1687737687,239158
1687737687,240141
1687737687,242942
1687737687,246694
1687737687,248915
1687737687,261746
1687737687,263531
1687737687,287734
1687737687,290162
1687737687,290481
1687737687,292117
1687737687,292889
1687737687,296401
1687737687,303313
1687737687,307569
1687737687,312821
1687737687,313557
1687737687,315708
1687737687,319942
1687737687,330367
1687737687,334900
1687737687,337596
1687737687,339720
1687737687,343592
1687737687,362649
1687737687,366999
1687737687,379731
1687737687,412559
1687737687,432603
1687737687,450352
1687737687,464699
1687737687,471144
1687737687,498686
1687737687,511251
1687737687,536152
1687737687,540432
1687737687,571700
1687737687,586894
1687737687,600777
1687737687,608986
1687737687,618518
1687737687,622342
1687737687,628198
1687737687,651909
1687737688,243107
1687737688,245945
1687737688,247062
1687737688,247688
1687737688,248282
1687737688,295747
1687737688,295869
1687737688,311305
1687737688,322953
1687737688,327596
1687737688,332979
1687737688,335876
1687737688,352684
1687737688,354916
1687737688,356597
1687737688,359377
1687737688,366879
1687737688,368100
1687737688,376687
1687737688,378601
1687737688,379919
1687737688,412611
1687737688,433103
1687737688,438429
1687737688,441858
1687737688,471046
1687737688,473625
1687737688,480305
1687737688,485173
1687737688,491321
1687737688,499429
1687737688,503782
1687737688,528784
1687737688,539224
1687737688,554480
1687737688,557093
1687737688,560493
1687737688,573616
1687737688,577330
1687737688,580352
1687737688,588889
1687737688,592899
1687737688,601786
1687737688,610538
1687737688,634294
1687737688,639377
1687737688,640520
1687737688,643214
1687737688,643869
1687737688,647044
1687737688,648850
1687737688,657937
1687737689,243750
1687737689,246733
1687737689,248168
1687737689,250059
1687737689,252536
1687737689,268146
1687737689,316544
1687737689,330868
1687737689,332791
1687737689,336972
1687737689,337758
1687737689,343747
1687737689,347060
1687737689,350267
1687737689,350673
1687737689,352880
1687737689,363143
1687737689,367344
1687737689,367875
1687737689,387028
1687737689,388807
1687737689,389918
1687737689,390324
1687737689,425806
1687737689,432282
1687737689,440322
1687737689,441621
1687737689,447109
1687737689,467086
1687737689,488345
1687737689,520957
1687737689,535270
1687737689,541886
1687737689,546987
1687737689,600204
1687737689,608624
1687737689,611069
1687737689,617371
1687737689,620517
1687737689,650324
1687737690,244276
1687737690,246689
1687737690,253770
1687737690,312766
1687737690,325326
1687737690,325348
1687737690,329668
1687737690,352463
1687737690,354686
1687737690,368894
1687737690,381724
1687737690,394031
1687737690,395707
1687737690,432093
1687737690,433507
1687737690,440641
1687737690,449192
1687737690,470912
1687737690,476276
1687737690,492638
1687737690,492715
1687737690,501063
1687737690,503856
1687737690,518863
1687737690,520082
1687737690,523914
1687737690,537084
1687737690,537878
1687737690,548583
1687737690,564200
1687737690,570804
1687737690,574303
1687737690,591349
1687737690,611929
1687737690,616199
1687737690,616719
1687737690,620637
1687737690,631091
1687737690,636731
1687737690,640950
1687737690,642982
1687737690,657700
1687737690,663300
1687737691,246278
1687737691,247721
1687737691,248557
1687737691,250603
1687737691,250670
1687737691,315352
1687737691,316045
1687737691,329280
1687737691,329692
1687737691,334732
1687737691,334982
1687737691,336058
1687737691,340337
1687737691,340843
1687737691,341554
1687737691,349805
1687737691,350035
1687737691,372753
1687737691,396973
1687737691,406478
1687737691,407656
1687737691,408041
1687737691,434230
1687737691,459217
1687737691,483193
1687737691,487778
1687737691,501167
1687737691,513175
1687737691,514740
1687737691,518263
1687737691,521180
1687737691,540248
1687737691,579128
1687737691,587500
1687737691,604453
1687737691,610533
1687737691,618408
1687737691,619058
1687737691,625166
1687737691,631073
1687737691,635316
1687737691,636024
1687737691,650522
1687737692,248352
1687737692,248783
1687737692,251223
1687737692,251291
1687737692,252444
1687737692,311969
1687737692,313621
1687737692,326195
1687737692,333218
1687737692,346828
1687737692,350795
1687737692,355973
1687737692,366730
1687737692,380306
1687737692,406228
1687737692,413021
1687737692,430500
1687737692,438312
1687737692,446106
1687737692,446588
1687737692,455604
1687737692,474973
1687737692,482021
1687737692,493442
1687737692,502769
1687737692,521307
1687737692,537229
1687737692,541330
1687737692,544807
1687737692,576700
1687737692,580526
1687737692,592300
1687737692,595481
1687737692,603772
1687737692,607289
1687737692,610583
1687737692,632115
1687737692,632377
1687737692,650647
1687737692,660326
1687737693,239927
1687737693,246803
1687737693,251125
1687737693,254224
1687737693,254559
1687737693,285793
1687737693,301120
1687737693,312709
1687737693,321277
1687737693,326091
1687737693,330720
1687737693,331048
1687737693,340314
1687737693,346959
1687737693,349371
1687737693,364772
1687737693,370402
1687737693,378559
1687737693,384762
1687737693,411087
1687737693,411964
1687737693,433891
1687737693,435832
1687737693,462350
1687737693,490590
1687737693,507650
1687737693,521864
1687737693,523107
1687737693,532844
1687737693,536043
1687737693,557400
1687737693,571788
1687737693,582117
1687737693,608443
1687737693,612337
1687737693,614146
1687737693,627174
1687737693,629044
1687737693,634603
1687737693,638944
1687737693,646266
1687737694,214358
1687737694,232655
1687737694,250670
1687737694,250738
1687737694,251129
1687737694,251580
1687737694,251650
1687737694,256502
1687737694,313988
1687737694,315840
1687737694,324064
1687737694,327185
1687737694,330303
1687737694,339967
1687737694,342951
1687737694,351084
1687737694,354688
1687737694,357486
1687737694,371945
1687737694,387316
1687737694,389330
1687737694,392007
1687737694,392447
1687737694,415108
1687737694,437675
1687737694,438983
1687737694,441432
1687737694,467209
1687737694,479911
1687737694,483121
1687737694,524184
1687737694,541184
1687737694,542571
1687737694,565570
1687737694,571780
1687737694,592674
1687737694,602386
1687737694,602774
1687737694,618381
1687737694,621371
1687737694,630567
1687737694,633435
1687737694,646989
1687737694,648229
1687737694,649418
1687737694,653650
1687737695,152415
1687737695,155294
1687737695,163821
1687737695,173757
1687737695,181890
1687737695,193754
1687737695,250808
1687737695,254262
1687737695,254935
1687737695,255063
1687737695,257686
1687737695,311005
1687737695,323786
1687737695,330744
1687737695,332479
1687737695,346741
1687737695,356610
1687737695,357957
1687737695,365479
1687737695,375627
1687737695,421091
1687737695,426010
1687737695,432171
1687737695,442871
1687737695,448881
1687737695,456627
1687737695,456858
1687737695,491981
1687737695,495394
1687737695,518991
1687737695,533970
1687737695,552223
1687737695,570631
1687737695,584026
1687737695,590529
1687737695,605544
1687737695,619454
1687737695,624539
1687737695,630533
1687737695,630884
1687737695,647743
1687737695,647765
1687737696,141527
1687737696,142141
1687737696,142976
1687737696,149176
1687737696,251074
1687737696,252114
1687737696,256315
1687737696,257818
1687737696,257949
1687737696,312640
1687737696,313530
1687737696,322067
1687737696,322825
1687737696,327031
1687737696,333047
1687737696,333205
1687737696,340609
1687737696,343042
1687737696,357016
1687737696,362106
1687737696,382168
1687737696,417828
1687737696,445246
1687737696,472100
1687737696,500005
1687737696,501194
1687737696,503007
1687737696,529629
1687737696,539507
1687737696,554344
1687737696,561561
1687737696,563763
1687737696,579167
1687737696,601155
1687737696,603106
1687737696,604516
1687737696,618980
1687737696,621127
1687737696,622028
1687737696,626505
1687737696,654182
1687737696,658136
1687737697,138483
1687737697,140098
1687737697,140431
1687737697,141418
1687737697,141788
1687737697,144520
1687737697,244798
1687737697,253874
1687737697,257912
1687737697,258221
1687737697,259250
1687737697,260155
1687737697,333480
1687737697,339408
1687737697,340079
1687737697,341025
1687737697,341722
1687737697,345425
1687737697,360571
1687737697,377204
1687737697,393072
1687737697,398811
1687737697,409368
1687737697,414366
1687737697,415732
1687737697,426934
1687737697,431643
1687737697,434710
1687737697,446976
1687737697,514983
1687737697,524826
1687737697,525108
1687737697,526887
1687737697,531045
1687737697,544813
1687737697,551214
1687737697,584598
1687737697,595109
1687737697,596413
1687737697,602898
1687737697,606655
1687737697,621751
1687737697,623610
1687737697,626419
1687737697,629619
1687737697,634021
1687737697,644733
1687737697,647704
1687737698,147040
1687737698,148820
1687737698,156357
1687737698,261559
1687737698,312959
1687737698,317921
1687737698,320278
1687737698,320633
1687737698,323177
1687737698,326047
1687737698,329384
1687737698,333347
1687737698,346572
1687737698,346878
1687737698,358603
1687737698,373162
1687737698,375324
1687737698,396615
1687737698,425128
1687737698,434702
1687737698,464222
1687737698,466261
1687737698,482383
1687737698,484563
1687737698,532091
1687737698,535410
1687737698,543944
1687737698,557333
1687737698,561909
1687737698,571304
1687737698,577972
1687737698,607182
1687737698,608023
1687737698,618796
1687737698,629365
1687737698,631196
1687737698,637280
1687737698,649954
1687737698,660058
1687737699,157448
1687737699,158414
1687737699,162931
1687737699,169436
1687737699,169657
1687737699,170315
1687737699,255886
1687737699,258187
1687737699,258448
1687737699,260484
1687737699,260787
1687737699,263275
1687737699,311274
1687737699,321450
1687737699,333731
1687737699,338488
1687737699,347255
1687737699,354964
1687737699,358145
1687737699,366377
1687737699,366933
1687737699,373685
1687737699,375178
1687737699,386845
1687737699,417468
1687737699,433562
1687737699,436919
1687737699,444364
1687737699,465799
1687737699,476563
1687737699,486261
1687737699,486552
1687737699,513427
1687737699,514568
1687737699,521480
1687737699,524422
1687737699,524827
1687737699,538028
1687737699,543153
1687737699,550742
1687737699,578863
1687737699,585017
1687737699,597627
1687737699,598447
1687737699,607643
1687737699,615084
1687737699,622764
1687737699,632766
1687737699,637646
1687737699,638961
1687737699,649508
1687737700,178485
1687737700,181439
1687737700,182381
1687737700,183922
1687737700,195569
1687737700,260896
1687737700,261176
1687737700,262991
1687737700,264597
1687737700,265932
1687737700,273284
1687737700,309810
1687737700,313349
1687737700,314987
1687737700,318499
1687737700,322818
1687737700,331523
1687737700,349142
1687737700,349327
1687737700,350496
1687737700,362963
1687737700,376801
1687737700,405121
1687737700,430696
1687737700,431960
1687737700,453288
1687737700,463801
1687737700,466872
1687737700,469470
1687737700,523895
1687737700,534796
1687737700,545334
1687737700,549268
1687737700,556428
1687737700,570986
1687737700,571881
1687737700,596534
1687737700,597086
1687737700,604332
1687737700,608953
1687737700,616586
1687737700,626585
1687737700,631503
1687737700,639448
1687737700,642727
1687737700,643512
1687737700,647839
1687737700,648495
1687737700,651378
1687737700,659547
1687737701,192086
1687737701,193724
1687737701,205096
1687737701,207731
1687737701,264422
1687737701,264629
1687737701,264963
1687737701,265017
1687737701,268370
1687737701,319921
1687737701,320429
1687737701,327801
1687737701,330989
1687737701,332022
1687737701,334830
1687737701,337210
1687737701,338836
1687737701,347054
1687737701,366580
1687737701,379507
1687737701,394006
1687737701,397798
1687737701,406181
1687737701,441946
1687737701,442054
1687737701,456115
1687737701,476277
1687737701,494997
1687737701,499019
1687737701,538482
1687737701,541416
1687737701,554358
1687737701,574577
1687737701,587673
1687737701,601136
1687737701,608290
1687737701,612598
1687737701,621934
1687737701,633755
1687737702,201039
1687737702,212769
1687737702,214592
1687737702,218168
1687737702,268239
1687737702,268587
1687737702,270009
1687737702,270249
1687737702,312051
1687737702,317622
1687737702,325453
1687737702,343292
1687737702,349019
1687737702,354176
1687737702,357625
1687737702,368045
1687737702,405482
1687737702,430291
1687737702,431317
1687737702,432431
1687737702,439944
1687737702,457458
1687737702,499690
1687737702,512757
1687737702,515170
1687737702,520675
1687737702,537377
1687737702,542179
1687737702,547875
1687737702,549747
1687737702,562263
1687737702,584144
1687737702,589657
1687737702,593082
1687737702,609393
1687737702,613977
1687737702,616066
1687737702,619081
1687737702,619458
1687737702,621082
1687737702,624342
1687737702,629390
1687737702,633319
1687737702,636265
1687737702,639121
1687737702,649812
1687737702,650505
1687737702,659913
1687737702,664320
1687737703,211567
1687737703,218986
1687737703,221873
1687737703,227617
1687737703,270667
1687737703,270741
1687737703,272233
1687737703,274174
1687737703,274990
1687737703,279796
1687737703,307001
1687737703,314249
1687737703,320883
1687737703,322965
1687737703,325496
1687737703,328533
1687737703,331666
1687737703,333278
1687737703,334809
1687737703,340747
1687737703,343453
1687737703,345898
1687737703,345980
1687737703,351614
1687737703,353596
1687737703,355255
1687737703,363017
1687737703,374405
1687737703,385300
1687737703,386636
1687737703,388183
1687737703,403998
1687737703,411470
1687737703,411941
1687737703,416274
1687737703,426188
1687737703,434348
1687737703,439846
1687737703,448935
1687737703,462149
1687737703,475120
1687737703,500872
1687737703,517998
1687737703,521320
1687737703,532637
1687737703,536613
1687737703,539343
1687737703,562711
1687737703,599518
1687737703,609748
1687737703,619930
1687737704,226423
1687737704,227237
1687737704,228620
1687737704,234792
1687737704,241252
1687737704,274763
1687737704,275120
1687737704,275418
1687737704,306439
1687737704,317522
1687737704,337632
1687737704,338011
1687737704,376704
1687737704,411425
1687737704,421977
1687737704,433230
1687737704,453015
1687737704,463719
1687737704,472449
1687737704,472741
1687737704,482598
1687737704,511558
1687737704,523903
1687737704,556092
1687737704,558640
1687737704,560291
1687737704,560750
1687737704,576109
1687737704,577788
1687737704,585419
1687737704,591764
1687737704,593829
1687737704,601491
1687737704,610363
1687737704,621373
1687737704,624175
1687737704,625479
1687737704,630387
1687737704,632044
1687737704,632275
1687737704,634602
1687737704,640377
1687737704,644533
1687737704,649131
1687737704,655570
1687737704,662589
1687737705,150512
1687737705,230632
1687737705,233673
1687737705,236233
1687737705,237085
1687737705,242862
1687737705,278070
1687737705,278646
1687737705,280454
1687737705,283084
1687737705,283197
1687737705,316003
1687737705,319149
1687737705,320017
1687737705,327172
1687737705,330764
1687737705,332443
1687737705,334587
1687737705,339286
1687737705,352167
1687737705,352789
1687737705,357125
1687737705,357389
1687737705,369862
1687737705,371013
1687737705,378405
1687737705,381224
1687737705,385870
1687737705,389613
1687737705,395964
1687737705,420194
1687737705,437910
1687737705,441842
1687737705,451261
1687737705,452210
1687737705,485283
1687737705,517158
1687737705,520979
1687737705,537601
1687737705,541617
1687737705,553528
1687737705,574490
1687737705,593329
1687737705,596251
1687737705,609759
1687737705,613327
1687737705,622383
1687737705,623229
1687737705,626105
1687737705,650878
1687737706,235230
1687737706,240045
1687737706,243157
1687737706,246954
1687737706,256661
1687737706,281396
1687737706,285705
1687737706,286098
1687737706,287292
1687737706,307861
1687737706,327521
1687737706,327864
1687737706,329139
1687737706,331811
1687737706,352490
1687737706,355847
1687737706,365796
1687737706,379076
1687737706,404122
1687737706,406758
1687737706,409240
1687737706,438052
1687737706,468085
1687737706,471331
1687737706,475512
1687737706,499256
1687737706,499596
1687737706,538747
1687737706,540531
1687737706,557527
1687737706,563721
1687737706,566518
1687737706,568844
1687737706,589720
1687737706,593485
1687737706,604252
1687737706,608222
1687737706,616738
1687737706,619648
1687737706,630430
1687737706,640055
1687737706,643314
1687737706,646612
1687737706,652694
1687737706,654727
1687737706,658998
1687737707,239029
1687737707,240491
1687737707,242668
1687737707,246452
1687737707,249003
1687737707,262223
1687737707,263078
1687737707,287806
1687737707,290227
1687737707,290507
1687737707,292054
1687737707,292935
1687737707,296446
1687737707,304393
1687737707,306475
1687737707,312823
1687737707,315292
1687737707,320339
1687737707,330424
1687737707,333179
1687737707,334440
1687737707,336816
1687737707,338656
1687737707,344720
1687737707,361245
1687737707,370649
1687737707,381449
1687737707,389373
1687737707,410719
1687737707,434611
1687737707,436503
1687737707,448386
1687737707,463071
1687737707,496740
1687737707,501481
1687737707,509400
1687737707,537120
1687737707,537928
1687737707,573057
1687737707,585593
1687737707,609955
1687737707,613128
1687737707,619290
1687737707,627908
1687737707,652159
1687737708,195936
1687737708,243378
1687737708,245967
1687737708,246697
1687737708,247836
1687737708,248360
1687737708,267153
1687737708,295691
1687737708,295976
1687737708,311143
1687737708,323734
1687737708,333739
1687737708,334956
1687737708,352132
1687737708,353585
1687737708,359765
1687737708,366660
1687737708,367931
1687737708,378373
1687737708,378496
1687737708,410589
1687737708,435135
1687737708,473181
1687737708,475615
1687737708,482018
1687737708,482982
1687737708,493417
1687737708,502234
1687737708,530411
1687737708,538550
1687737708,555949
1687737708,558482
1687737708,575227
1687737708,575614
1687737708,581909
1687737708,590075
1687737708,591196
1687737708,601592
1687737708,611185
1687737708,635233
1687737708,640579
1687737708,640800
1687737708,642287
1687737708,643697
1687737708,647983
1687737708,648012
1687737708,657213
1687737709,243608
1687737709,246637
1687737709,248405
1687737709,249811
1687737709,252557
1687737709,316097
1687737709,330832
1687737709,332449
1687737709,337034
1687737709,337358
1687737709,343685
1687737709,347488
1687737709,347822
1687737709,349353
1687737709,351165
1687737709,351179
1687737709,353818
1687737709,361742
1687737709,362254
1687737709,366077
1687737709,367648
1687737709,385407
1687737709,386876
1687737709,391898
1687737709,395240
1687737709,423799
1687737709,434412
1687737709,442670
1687737709,443914
1687737709,445340
1687737709,447147
1687737709,464952
1687737709,486538
1687737709,519214
1687737709,536990
1687737709,539984
1687737709,548989
1687737709,599034
1687737709,600057
1687737709,609616
1687737709,611684
1687737709,616075
1687737709,619034
1687737709,621369
1687737709,634184
1687737709,650437
1687737710,244374
1687737710,246802
1687737710,253790
1687737710,312713
1687737710,326049
1687737710,326078
1687737710,329704
1687737710,353185
1687737710,370674
1687737710,379935
1687737710,391284
1687737710,396091
1687737710,397506
1687737710,413522
1687737710,431679
1687737710,432655
1687737710,438523
1687737710,449557
1687737710,471694
1687737710,474284
1687737710,494312
1687737710,494590
1687737710,494599
1687737710,501440
1687737710,505959
1687737710,518424
1687737710,518891
1687737710,521979
1687737710,535915
1687737710,538706
1687737710,550517
1687737710,562400
1687737710,572249
1687737710,575783
1687737710,592720
1687737710,612924
1687737710,614662
1687737710,615308
1687737710,621727
1687737710,630902
1687737710,634742
1687737710,636081
1687737710,639858
1687737710,643801
1687737710,657676
1687737710,663051
1687737711,244853
1687737711,246054
1687737711,247715
1687737711,248800
1687737711,250554
1687737711,250646
1687737711,314968
1687737711,316534
1687737711,328860
1687737711,329097
1687737711,333943
1687737711,335163
1687737711,340125
1687737711,341085
1687737711,341839
1687737711,349118
1687737711,350750
1687737711,374589
1687737711,395319
1687737711,404705
1687737711,405996
1687737711,410495
1687737711,436392
1687737711,460950
1687737711,474487
1687737711,485191
1687737711,485802
1687737711,499281
1687737711,511103
1687737711,514949
1687737711,518143
1687737711,521132
1687737711,541695
1687737711,577468
1687737711,586002
1687737711,605167
1687737711,611543
1687737711,619919
1687737711,626119
1687737711,637283
1687737711,650742
1687737712,248076
1687737712,248995
1687737712,251222
1687737712,251350
1687737712,252436
1687737712,312024
1687737712,313759
1687737712,326403
1687737712,334088
1687737712,347664
1687737712,352186
1687737712,354675
1687737712,365278
1687737712,379642
1687737712,408301
1687737712,414924
1687737712,430026
1687737712,436390
1687737712,445687
1687737712,448567
1687737712,453723
1687737712,479820
1687737712,493087
1687737712,502493
1687737712,516542
1687737712,523403
1687737712,535153
1687737712,539027
1687737712,539588
1687737712,543101
1687737712,574493
1687737712,581977
1687737712,596748
1687737712,604505
1687737712,609591
1687737712,630961
1687737712,631921
1687737712,639085
1687737712,649953
1687737712,660830
1687737713,246795
1687737713,250391
1687737713,251101
1687737713,254349
1687737713,254529
1687737713,272696
1687737713,300605
1687737713,312857
1687737713,321074
1687737713,325761
1687737713,330521
1687737713,331395
1687737713,340693
1687737713,346371
1687737713,350748
1687737713,363731
1687737713,368735
1687737713,380351
1687737713,383423
1687737713,410777
1687737713,414380
1687737713,433799
1687737713,436031
1687737713,440700
1687737713,460416
1687737713,492724
1687737713,509259
1687737713,510030
1687737713,524072
1687737713,524610
1687737713,530983
1687737713,537804
1687737713,555778
1687737713,570227
1687737713,583365
1687737713,609530
1687737713,611383
1687737713,628057
1687737713,628375
1687737713,633369
1687737714,213843
1687737714,232331
1687737714,250719
1687737714,251102
1687737714,251528
1687737714,251668
1687737714,256461
1687737714,314220
1687737714,315615
1687737714,324726
1687737714,326327
1687737714,330136
1687737714,335915
1687737714,341039
1687737714,343452
1687737714,352283
1687737714,353299
1687737714,356019
1687737714,387724
1687737714,390665
1687737714,393955
1687737714,417237
1687737714,435956
1687737714,439500
1687737714,464916
1687737714,478143
1687737714,481320
1687737714,526078
1687737714,539694
1687737714,540307
1687737714,564108
1687737714,569573
1687737714,589358
1687737714,593845
1687737714,603392
1687737714,603756
1687737714,616878
1687737714,620627
1687737714,620996
1687737714,631090
1687737714,632073
1687737714,647345
1687737714,648169
1687737714,649602
1687737714,654110
1687737715,152216
1687737715,155198
1687737715,163664
1687737715,173568
1687737715,181788
1687737715,193429
1687737715,250728
1687737715,254229
1687737715,254828
1687737715,255274
1687737715,257633
1687737715,310951
1687737715,324063
1687737715,327846
1687737715,328431
1687737715,330980
1687737715,332098
1687737715,347758
1687737715,356577
1687737715,357623
1687737715,363669
1687737715,374258
1687737715,427877
1687737715,434393
1687737715,440808
1687737715,450837
1687737715,454785
1687737715,458897
1687737715,493745
1687737715,493901
1687737715,520598
1687737715,531472
1687737715,535662
1687737715,550590
1687737715,572073
1687737715,582486
1687737715,591635
1687737715,606591
1687737715,620330
1687737715,623653
1687737715,629218
1687737715,631562
1687737715,633619
1687737715,647974
1687737715,648270
1687737716,141498
1687737716,142115
1687737716,142986
1687737716,149130
1687737716,251219
1687737716,252023
1687737716,256473
1687737716,257821
1687737716,312973
1687737716,313600
1687737716,321921
1687737716,326994
1687737716,332245
1687737716,334161
1687737716,341915
1687737716,343802
1687737716,355403
1687737716,379188
1687737716,380505
1687737716,402112
1687737716,419685
1687737716,443305
1687737716,470171
1687737716,498223
1687737716,499110
1687737716,504744
1687737716,537403
1687737716,556062
1687737716,558466
1687737716,562069
1687737716,563489
1687737716,580548
1687737716,601193
1687737716,602485
1687737716,619865
1687737716,622663
1687737716,627656
1687737716,654177
1687737716,657530
1687737717,138395
1687737717,140245
1687737717,140458
1687737717,141526
1687737717,141662
1687737717,144620
1687737717,253968
1687737717,257848
1687737717,258207
1687737717,260229
1687737717,312698
1687737717,322151
1687737717,333599
1687737717,336719
1687737717,339276
1687737717,340114
1687737717,340977
1687737717,341795
1687737717,346876
1687737717,358857
1687737717,397001
1687737717,407610
1687737717,409419
1687737717,416919
1687737717,428980
1687737717,433508
1687737717,436556
1687737717,444959
1687737717,513156
1687737717,526423
1687737717,526723
1687737717,529031
1687737717,532694
1687737717,549495
1687737717,583285
1687737717,596143
1687737717,597512
1687737717,603908
1687737717,607640
1687737717,620626
1687737717,622374
1687737717,629286
1687737717,634436
1687737717,644827
1687737717,648066
1687737718,147041
1687737718,148815
1687737718,150598
1687737718,156537
1687737718,258015
1687737718,258238
1687737718,318380
1687737718,319580
1687737718,320273
1687737718,323886
1687737718,325997
1687737718,329115
1687737718,347421
1687737718,351577
1687737718,357607
1687737718,371728
1687737718,374023
1687737718,398524
1687737718,427340
1687737718,432694
1687737718,445231
1687737718,462367
1687737718,464504
1687737718,484664
1687737718,486264
1687737718,533651
1687737718,533841
1687737718,541924
1687737718,555538
1687737718,563364
1687737718,569448
1687737718,579405
1687737718,608310
1687737718,608995
1687737718,617026
1687737718,617785
1687737718,628016
1687737718,631697
1687737718,638375
1687737718,649382
1687737718,660471
1687737719,157431
1687737719,158392
1687737719,163118
1687737719,169428
1687737719,169652
1687737719,170385
1687737719,258491
1687737719,260438
1687737719,260719
1687737719,263319
1687737719,311626
1687737719,321438
1687737719,333667
1687737719,333867
1687737719,339125
1687737719,348608
1687737719,353580
1687737719,368610
1687737719,375445
1687737719,385186
1687737719,407236
1687737719,419554
1687737719,431797
1687737719,438815
1687737719,442734
1687737719,467733
1687737719,484094
1687737719,488801
1687737719,515688
1687737719,519646
1687737719,526287
1687737719,526343
1687737719,541199
1687737719,552216
1687737719,586435
1687737719,597338
1687737719,597809
1687737719,598810
1687737719,608252
1687737719,608323
1687737719,615817
1687737719,621253
1687737719,632666
1687737719,638988
1687737719,643990
1687737719,646678
1687737719,649944
1687737720,178671
1687737720,181331
1687737720,182408
1687737720,184083
1687737720,195552
1687737720,260883
1687737720,261299
1687737720,262993
1687737720,264578
1687737720,266002
1687737720,313159
1687737720,314689
1687737720,319086
1687737720,322721
1687737720,347680
1687737720,347823
1687737720,349352
1687737720,350071
1687737720,361234
1687737720,378578
1687737720,430019
1687737720,432880
1687737720,451340
1687737720,465560
1687737720,467763
1687737720,474026
1687737720,522194
1687737720,536609
1687737720,547251
1687737720,554666
1687737720,568970
1687737720,598025
1687737720,603105
1687737720,609816
1687737720,615790
1687737720,625435
1687737720,632063
1687737720,638208
1687737720,643788
1687737720,647828
1687737720,651708
1687737721,192223
1687737721,194153
1687737721,195857
1687737721,200781
1687737721,207424
1687737721,256731
1687737721,264549
1687737721,264554
1687737721,264887
1687737721,265056
1687737721,267121
1687737721,268326
1687737721,317129
1687737721,319299
1687737721,320273
1687737721,328551
1687737721,331605
1687737721,332112
1687737721,334508
1687737721,339742
1687737721,365062
1687737721,378332
1687737721,399738
1687737721,408185
1687737721,440120
1687737721,444215
1687737721,454005
1687737721,455748
1687737721,539572
1687737721,540333
1687737721,552885
1687737721,575881
1687737721,611692
1687737721,620249
1687737721,620578
1687737721,633956
1687737722,205502
1687737722,212853
1687737722,214950
1687737722,217805
1687737722,268298
1687737722,268617
1687737722,269901
1687737722,270326
1687737722,274235
1687737722,312605
1687737722,320380
1687737722,325626
1687737722,344873
1687737722,349906
1687737722,356039
1687737722,366480
1687737722,368121
1687737722,376901
1687737722,403754
1687737722,432427
1687737722,433364
1687737722,434417
1687737722,497836
1687737722,513387
1687737722,514521
1687737722,522113
1687737722,539199
1687737722,540298
1687737722,549884
1687737722,560249
1687737722,582509
1687737722,590916
1687737722,594085
1687737722,610581
1687737722,612265
1687737722,618743
1687737722,619600
1687737722,619990
1687737722,630134
1687737722,632318
1687737722,635735
1687737722,639731
1687737722,650041
1687737722,650750
1687737722,659540
1687737723,212041
1687737723,218742
1687737723,221512
1687737723,228010
1687737723,270624
1687737723,270770
1687737723,272199
1687737723,275096
1687737723,306993
1687737723,314469
1687737723,322233
1687737723,326034
1687737723,328599
1687737723,330754
1687737723,333489
1687737723,334744
1687737723,341909
1687737723,345037
1687737723,350366
1687737723,353930
1687737723,355187
1687737723,364612
1687737723,372784
1687737723,383864
1687737723,388825
1687737723,390255
1687737723,409484
1687737723,423206
1687737723,428121
1687737723,432334
1687737723,437880
1687737723,450608
1687737723,460207
1687737723,473310
1687737723,496609
1687737723,502926
1687737723,519572
1687737723,534281
1687737723,534762
1687737723,537245
1687737723,557252
1687737723,560923
1687737723,600409
1687737723,610766
1687737723,618498
1687737723,620495
1687737723,655629
1687737724,226697
1687737724,227454
1687737724,234499
1687737724,241596
1687737724,274790
1687737724,275173
1687737724,275378
1687737724,278034
1687737724,279805
1687737724,306828
1687737724,339158
1687737724,352445
1687737724,356436
1687737724,375409
1687737724,379622
1687737724,418725
1687737724,423873
1687737724,435163
1687737724,455322
1687737724,461635
1687737724,470540
1687737724,470867
1687737724,513166
1687737724,515411
1687737724,539425
1687737724,542927
1687737724,557470
1687737724,558542
1687737724,558827
1687737724,574457
1687737724,579254
1687737724,586705
1687737724,592815
1687737724,595135
1687737724,599891
1687737724,611329
1687737724,624718
1687737724,625030
1687737724,625044
1687737724,631249
1687737724,632533
1687737724,632973
1687737724,633298
1687737724,639795
1687737724,643569
1687737724,650133
1687737724,662903
1687737725,230502
1687737725,233475
1687737725,236195
1687737725,237342
1687737725,242592
1687737725,261434
1687737725,278645
1687737725,280576
1687737725,283036
1687737725,283165
1687737725,316246
1687737725,317966
1687737725,318599
1687737725,319342
1687737725,326367
1687737725,330691
1687737725,332306
1687737725,334994
1687737725,338497
1687737725,353189
1687737725,354247
1687737725,355917
1687737725,359085
1687737725,368577
1687737725,372606
1687737725,387546
1687737725,388043
1687737725,394189
1687737725,439517
1687737725,439692
1687737725,453499
1687737725,454171
1687737725,480616
1687737725,483524
1687737725,522522
1687737725,539561
1687737725,555309
1687737725,562180
1687737725,572790
1687737725,594302
1687737725,597669
1687737725,610735
1687737725,621008
1687737725,622712
1687737725,626811
1687737725,650929
1687737726,235278
1687737726,240155
1687737726,243096
1687737726,281420
1687737726,285622
1687737726,286144
1687737726,287342
1687737726,307782
1687737726,326765
1687737726,327786
1687737726,332721
1687737726,353579
1687737726,354461
1687737726,367536
1687737726,377241
1687737726,402253
1687737726,404885
1687737726,411057
1687737726,436133
1687737726,469274
1687737726,470277
1687737726,477883
1687737726,500834
1687737726,501748
1687737726,508268
1687737726,536686
1687737726,538662
1687737726,540184
1687737726,559145
1687737726,564470
1687737726,570576
1687737726,588058
1687737726,591875
1687737726,604921
1687737726,606405
1687737726,612841
1687737726,617815
1687737726,620924
1687737726,631279
1687737726,640269
1687737726,643276
1687737726,645591
1687737726,653774
1687737726,654087
1687737726,658839
1687737727,238902
1687737727,240854
1687737727,242377
1687737727,246253
1687737727,249056
1687737727,262669
1687737727,262759
1687737727,287907
1687737727,290301
1687737727,290531
1687737727,291983
1687737727,292987
1687737727,296487
1687737727,305369
1687737727,305473
1687737727,312830
1687737727,314907
1687737727,320733
1687737727,330535
1687737727,333202
1687737727,333965
1687737727,336074
1687737727,336282
1687737727,337585
1687737727,345903
1687737727,359829
1687737727,369342
1687737727,383225
1687737727,391481
1687737727,408894
1687737727,434615
1687737727,436623
1687737727,446409
1687737727,461403
1687737727,494784
1687737727,503501
1687737727,507562
1687737727,534970
1687737727,539660
1687737727,556484
1687737727,574392
1687737727,584271
1687737727,610921
1687737727,612123
1687737727,619626
1687737727,620075
1687737727,627608
1687737727,648518
1687737727,652379
1687737728,243670
1687737728,246007
1687737728,246331
1687737728,248018
1687737728,248410
1687737728,295636
1687737728,296099
1687737728,310017
1687737728,311011
1687737728,324536
1687737728,328099
1687737728,334075
1687737728,334502
1687737728,351609
1687737728,352263
1687737728,360152
1687737728,366451
1687737728,367705
1687737728,378099
1687737728,380336
1687737728,408624
1687737728,437162
1687737728,477596
1687737728,480822
1687737728,483754
1687737728,495481
1687737728,496805
1687737728,500707
1687737728,532062
1687737728,546863
1687737728,557374
1687737728,576840
1687737728,583472
1687737728,589435
1687737728,591274
1687737728,602384
1687737728,608989
1687737728,611890
1687737728,636182
1687737728,641025
1687737728,641336
1687737728,641760
1687737728,643474
1687737728,647058
1687737728,648914
1687737728,656419
1687737729,243483
1687737729,246530
1687737729,248645
1687737729,249542
1687737729,252573
1687737729,315674
1687737729,330819
1687737729,332120
1687737729,336310
1687737729,337785
1687737729,343635
1687737729,347746
1687737729,348062
1687737729,348620
1687737729,352084
1687737729,354719
1687737729,360325
1687737729,362421
1687737729,364324
1687737729,367974
1687737729,383809
1687737729,384957
1687737729,392283
1687737729,393851
1687737729,397437
1687737729,421807
1687737729,433174
1687737729,436550
1687737729,443533
1687737729,444988
1687737729,446185
1687737729,462833
1687737729,484707
1687737729,517497
1687737729,538067
1687737729,538716
1687737729,550951
1687737729,559788
1687737729,573889
1687737729,597811
1687737729,598902
1687737729,610594
1687737729,612341
1687737729,614814
1687737729,617223
1687737729,617512
1687737729,630706
1687737729,650492
1687737730,244465
1687737730,246911
1687737730,253806
1687737730,255786
1687737730,312676
1687737730,326790
1687737730,326815
1687737730,329695
1687737730,349864
1687737730,351688
1687737730,372468
1687737730,398140
1687737730,399321
1687737730,411302
1687737730,429877
1687737730,436427
1687737730,449941
1687737730,472511
1687737730,495982
1687737730,501807
1687737730,508027
1687737730,518918
1687737730,520073
1687737730,534000
1687737730,540325
1687737730,552469
1687737730,573654
1687737730,577254
1687737730,594071
1687737730,613091
1687737730,613876
1687737730,613945
1687737730,622819
1687737730,635404
1687737730,638728
1687737730,657589
1687737730,662741
1687737731,244917
1687737731,245834
1687737731,247700
1687737731,249041
1687737731,250514
1687737731,250623
1687737731,314602
1687737731,317035
1687737731,328015
1687737731,328938
1687737731,332933
1687737731,335617
1687737731,339428
1687737731,341873
1687737731,342140
1687737731,348256
1687737731,351724
1687737731,376462
1687737731,393663
1687737731,403032
1687737731,404336
1687737731,412962
1687737731,438530
1687737731,462676
1687737731,483819
1687737731,487189
1687737731,496436
1687737731,497417
1687737731,502242
1687737731,509031
1687737731,515172
1687737731,518035
1687737731,521092
1687737731,543141
1687737731,575809
1687737731,584520
1687737731,605814
1687737731,612548
1687737731,615634
1687737731,620789
1687737731,627031
1687737731,634131
1687737731,638542
1687737731,650913
1687737732,247799
1687737732,249218
1687737732,251228
1687737732,251407
1687737732,252417
1687737732,259354
1687737732,312092
1687737732,313893
1687737732,326609
1687737732,334986
1687737732,348544
1687737732,353393
1687737732,353622
1687737732,363853
1687737732,378971
1687737732,410384
1687737732,416804
1687737732,429553
1687737732,434485
1687737732,445241
1687737732,450588
1687737732,451846
1687737732,474003
1687737732,477551
1687737732,492730
1687737732,518519
1687737732,525528
1687737732,533122
1687737732,536746
1687737732,541113
1687737732,541325
1687737732,572303
1687737732,583392
1687737732,597962
1687737732,605182
1687737732,608600
1687737732,609357
1687737732,629549
1687737732,631701
1687737732,646999
1687737732,649198
1687737732,661279
1687737733,213331
1687737733,228713
1687737733,246798
1687737733,247137
1687737733,251070
1687737733,251760
1687737733,254469
1687737733,254484
1687737733,272104
1687737733,300077
1687737733,313011
1687737733,320895
1687737733,325422
1687737733,330349
1687737733,331785
1687737733,341111
1687737733,345795
1687737733,352159
1687737733,362679
1687737733,367074
1687737733,382115
1687737733,382199
1687737733,410458
1687737733,416807
1687737733,431775
1687737733,442397
1687737733,458507
1687737733,494853
1687737733,510838
1687737733,526122
1687737733,526281
1687737733,529113
1687737733,539560
1687737733,554154
1687737733,568621
1687737733,584605
1687737733,610639
1687737733,627698
1687737733,628947
1687737733,632107
1687737733,639203
1687737734,193087
1687737734,232012
1687737734,250047
1687737734,250772
1687737734,251082
1687737734,251389
1687737734,256399
1687737734,314434
1687737734,315409
1687737734,325407
1687737734,325508
1687737734,329963
1687737734,342155
1687737734,343970
1687737734,351967
1687737734,354580
1687737734,386099
1687737734,388890
1687737734,395899
1687737734,419401
1687737734,434278
1687737734,437579
1687737734,462636
1687737734,476378
1687737734,479510
1687737734,527956
1687737734,538009
1687737734,538207
1687737734,562618
1687737734,567384
1687737734,590981
1687737734,594989
1687737734,604361
1687737734,604723
1687737734,615431
1687737734,619884
1687737734,630626
1687737734,631547
1687737734,646467
1687737734,649308
1687737734,654531
1687737735,152030
1687737735,155132
1687737735,163510
1687737735,173404
1687737735,181663
1687737735,250670
1687737735,254715
1687737735,255484
1687737735,256810
1687737735,257567
1687737735,310930
1687737735,324381
1687737735,331237
1687737735,331793
1687737735,348806
1687737735,353559
1687737735,355219
1687737735,358673
1687737735,361829
1687737735,372951
1687737735,429714
1687737735,436580
1687737735,438746
1687737735,452701
1687737735,452821
1687737735,461172
1687737735,492060
1687737735,495788
1687737735,522192
1687737735,537342
1687737735,548942
1687737735,573537
1687737735,580930
1687737735,592670
1687737735,600448
1687737735,607621
1687737735,621195
1687737735,621481
1687737735,622743
1687737735,627951
1687737735,628843
1687737735,632207
1687737735,633039
1687737735,648169
1687737735,648723
1687737735,656897
1687737736,141481
1687737736,142094
1687737736,142973
1687737736,149055
1687737736,251378
1687737736,251955
1687737736,256628
1687737736,257812
1687737736,313300
1687737736,313706
1687737736,321061
1687737736,322274
1687737736,326962
1687737736,331295
1687737736,343277
1687737736,344620
1687737736,353824
1687737736,378820
1687737736,400271
1687737736,425357
1687737736,441360
1687737736,468246
1687737736,496396
1687737736,497000
1687737736,506453
1687737736,535285
1687737736,557769
1687737736,560322
1687737736,565406
1687737736,581901
1687737736,599227
1687737736,608614
1687737736,618592
1687737736,623269
1687737737,138294
1687737737,140379
1687737737,140506
1687737737,141561
1687737737,141632
1687737737,144699
1687737737,254054
1687737737,255718
1687737737,257746
1687737737,258196
1687737737,260300
1687737737,312493
1687737737,333729
1687737737,335314
1687737737,335823
1687737737,338519
1687737737,340259
1687737737,340852
1687737737,342659
1687737737,348356
1687737737,357148
1687737737,369283
1687737737,381176
1687737737,395264
1687737737,405889
1687737737,407439
1687737737,419496
1687737737,431045
1687737737,435368
1687737737,438375
1687737737,442940
1687737737,511311
1687737737,528024
1687737737,528319
1687737737,531178
1687737737,534312
1687737737,540972
1687737737,547738
1687737737,581938
1687737737,597135
1687737737,598567
1687737737,604917
1687737737,619492
1687737737,621160
1687737737,623652
1687737737,628871
1687737737,634762
1687737737,644907
1687737737,648450
1687737737,654132
1687737738,147046
1687737738,148806
1687737738,150680
1687737738,156725
1687737738,258135
1687737738,261294
1687737738,318864
1687737738,318923
1687737738,319942
1687737738,324652
1687737738,325957
1687737738,328937
1687737738,348278
1687737738,354717
1687737738,356572
1687737738,370321
1687737738,372716
1687737738,378125
1687737738,400422
1687737738,429553
1687737738,430684
1687737738,443250
1687737738,460522
1687737738,462799
1687737738,472305
1687737738,475295
1687737738,486924
1687737738,487962
1687737738,531882
1687737738,535575
1687737738,539869
1687737738,553695
1687737738,564834
1687737738,567644
1687737738,580823
1687737738,609446
1687737738,609961
1687737738,616792
1687737738,626605
1687737738,632155
1687737738,639403
1687737738,648806
1687737738,660811
1687737739,157418
1687737739,158384
1687737739,163302
1687737739,169424
1687737739,169648
1687737739,170446
1687737739,258523
1687737739,260405
1687737739,260629
1687737739,263364
1687737739,311979
1687737739,321442
1687737739,334011
1687737739,334068
1687737739,339795
1687737739,350348
1687737739,352278
1687737739,370317
1687737739,375401
1687737739,377279
1687737739,383525
1687737739,409371
1687737739,421649
1687737739,430042
1687737739,440691
1687737739,441088
1687737739,469679
1687737739,481920
1687737739,491019
1687737739,516780
1687737739,517855
1687737739,517914
1687737739,527890
1687737739,528123
1687737739,539185
1687737739,553701
1687737739,587805
1687737739,596221
1687737739,599053
1687737739,599961
1687737739,608901
1687737739,616559
1687737739,619769
1687737739,632533
1687737739,636919
1687737739,639003
1687737739,650354
1687737740,178864
1687737740,181196
1687737740,182430
1687737740,184243
1687737740,195529
1687737740,260872
1687737740,261430
1687737740,262989
1687737740,264557
1687737740,266060
1687737740,312975
1687737740,314385
1687737740,319687
1687737740,322682
1687737740,346258
1687737740,348226
1687737740,350845
1687737740,359523
1687737740,380380
1687737740,428106
1687737740,435040
1687737740,438173
1687737740,449409
1687737740,466044
1687737740,467344
1687737740,520527
1687737740,538416
1687737740,545205
1687737740,552896
1687737740,566976
1687737740,598921
1687737740,601889
1687737740,610398
1687737740,610683
1687737740,614977
1687737740,624264
1687737740,632597
1687737740,644070
1687737740,645207
1687737740,647146
1687737740,649204
1687737740,649741
1687737740,652040
1687737741,192352
1687737741,194570
1687737741,195795
1687737741,207095
1687737741,264474
1687737741,264695
1687737741,264834
1687737741,265103
1687737741,267105
1687737741,268284
1687737741,316596
1687737741,318698
1687737741,320143
1687737741,329305
1687737741,332221
1687737741,332266
1687737741,334249
1687737741,340747
1687737741,348624
1687737741,363601
1687737741,364875
1687737741,377204
1687737741,401685
1687737741,410197
1687737741,438223
1687737741,446428
1687737741,451930
1687737741,471746
1687737741,498561
1687737741,537677
1687737741,538439
1687737741,548388
1687737741,551358
1687737741,577190
1687737741,609634
1687737741,610772
1687737741,618400
1687737741,619228
1687737741,634132
1687737742,200555
1687737742,205898
1687737742,212961
1687737742,215257
1687737742,217414
1687737742,254179
1687737742,268333
1687737742,268657
1687737742,269806
1687737742,270416
1687737742,274273
1687737742,313204
1687737742,325825
1687737742,346517
1687737742,350837
1687737742,354473
1687737742,402022
1687737742,434572
1687737742,435427
1687737742,453984
1687737742,495965
1687737742,511617
1687737742,516284
1687737742,523559
1687737742,541026
1687737742,542065
1687737742,551866
1687737742,558222
1687737742,580838
1687737742,592169
1687737742,595103
1687737742,611752
1687737742,617801
1687737742,618043
1687737742,620890
1687737742,630834
1687737742,631243
1687737742,635181
1687737742,640301
1687737742,644579
1687737742,650254
1687737742,651005
1687737742,659114
1687737743,212561
1687737743,218521
1687737743,221173
1687737743,228378
1687737743,270592
1687737743,270794
1687737743,272171
1687737743,275217
1687737743,307042
1687737743,314691
1687737743,319884
1687737743,321510
1687737743,326568
1687737743,328666
1687737743,329847
1687737743,333738
1687737743,334641
1687737743,343101
1687737743,344100
1687737743,349147
1687737743,352602
1687737743,356803
1687737743,366218
1687737743,371138
1687737743,382422
1687737743,391110
1687737743,392351
1687737743,407511
1687737743,430057
1687737743,430317
1687737743,435925
1687737743,436421
1687737743,452290
1687737743,458283
1687737743,471533
1687737743,498610
1687737743,504998
1687737743,521137
1687737743,532865
1687737743,533321
1687737743,535173
1687737743,535912
1687737743,559120
1687737743,601257
1687737743,610506
1687737743,611759
1687737743,617088
1687737744,226989
1687737744,227673
1687737744,234184
1687737744,274805
1687737744,275218
1687737744,275318
1687737744,279811
1687737744,307267
1687737744,327758
1687737744,340363
1687737744,353327
1687737744,374135
1687737744,386444
1687737744,425823
1687737744,437139
1687737744,457636
1687737744,459528
1687737744,468625
1687737744,469012
1687737744,478622
1687737744,513617
1687737744,514790
1687737744,555858
1687737744,556754
1687737744,556895
1687737744,558809
1687737744,572807
1687737744,580693
1687737744,587967
1687737744,593828
1687737744,596339
1687737744,598329
1687737744,619580
1687737744,623902
1687737744,625861
1687737744,632097
1687737744,632825
1687737744,633909
1687737744,639152
1687737744,642598
1687737744,651075
1687737744,655654
1687737745,230357
1687737745,233279
1687737745,236142
1687737745,237616
1687737745,242344
1687737745,278006
1687737745,278644
1687737745,280698
1687737745,282972
1687737745,283116
1687737745,310240
1687737745,316492
1687737745,318064
1687737745,318468
1687737745,318699
1687737745,325584
1687737745,330662
1687737745,332154
1687737745,337711
1687737745,354255
1687737745,355716
1687737745,360836
1687737745,367265
1687737745,374208
1687737745,378053
1687737745,392483
1687737745,417176
1687737745,441112
1687737745,455705
1687737745,456115
1687737745,481793
1687737745,524059
1687737745,557069
1687737745,560583
1687737745,571040
1687737745,595205
1687737745,611725
1687737745,619627
1687737745,622166
1687737745,627472
1687737745,650961
1687737746,235341
1687737746,240259
1687737746,243036
1687737746,247303
1687737746,281443
1687737746,285541
1687737746,286187
1687737746,287394
1687737746,307732
1687737746,326032
1687737746,327780
1687737746,333647
1687737746,336516
1687737746,353093
1687737746,354670
1687737746,369318
1687737746,375379
1687737746,400344
1687737746,403064
1687737746,412895
1687737746,434215
1687737746,467214
1687737746,472491
1687737746,480211
1687737746,502404
1687737746,506492
1687737746,534786
1687737746,536768
1687737746,541622
1687737746,560569
1687737746,560741
1687737746,572323
1687737746,586362
1687737746,590262
1687737746,604542
1687737746,605589
1687737746,612295
1687737746,618895
1687737746,622226
1687737746,632152
1687737746,640482
1687737746,643202
1687737746,653375
1687737746,658596
1687737747,238823
1687737747,241225
1687737747,242099
1687737747,246096
1687737747,249084
1687737747,262301
1687737747,263360
1687737747,290387
1687737747,290550
1687737747,291917
1687737747,293030
1687737747,296502
1687737747,304235
1687737747,306534
1687737747,312864
1687737747,314533
1687737747,321140
1687737747,330687
1687737747,333498
1687737747,335403
1687737747,336616
1687737747,347121
1687737747,358446
1687737747,385034
1687737747,393615
1687737747,407118
1687737747,432771
1687737747,438632
1687737747,444412
1687737747,492806
1687737747,505575
1687737747,505713
1687737747,532769
1687737747,541372
1687737747,575741
1687737747,582915
1687737747,611065
1687737747,611885
1687737747,618282
1687737747,620872
1687737747,627281
1687737747,649750
1687737747,652558
1687737748,228850
1687737748,243962
1687737748,245969
1687737748,246077
1687737748,248205
1687737748,248445
1687737748,259459
1687737748,295588
1687737748,296202
1687737748,310877
1687737748,325361
1687737748,328335
1687737748,333229
1687737748,335268
1687737748,350978
1687737748,351094
1687737748,353025
1687737748,358891
1687737748,360510
1687737748,366253
1687737748,367456
1687737748,377778
1687737748,382189
1687737748,406672
1687737748,438701
1687737748,439171
1687737748,441713
1687737748,478667
1687737748,479586
1687737748,485469
1687737748,497506
1687737748,499206
1687737748,533743
1687737748,541227
1687737748,554556
1687737748,558817
1687737748,584998
1687737748,603169
1687737748,612636
1687737748,637145
1687737748,640341
1687737748,641201
1687737748,643231
1687737748,646130
1687737749,243347
1687737749,246432
1687737749,248874
1687737749,249269
1687737749,252571
1687737749,253811
1687737749,315281
1687737749,327566
1687737749,330834
1687737749,331789
1687737749,338233
1687737749,343616
1687737749,346789
1687737749,348002
1687737749,349454
1687737749,355584
1687737749,362585
1687737749,362613
1687737749,368311
1687737749,383076
1687737749,393309
1687737749,395807
1687737749,399681
1687737749,419836
1687737749,447259
1687737749,448431
1687737749,460733
1687737749,515793
1687737749,536155
1687737749,540442
1687737749,552859
1687737749,561117
1687737749,572129
1687737749,596537
1687737749,597703
1687737749,611568
1687737749,613036
1687737749,613550
1687737749,615967
1687737749,630472
1687737749,650524
1687737750,244556
1687737750,247019
1687737750,247677
1687737750,250493
1687737750,312665
1687737750,327530
1687737750,329671
1687737750,348524
1687737750,350238
1687737750,374287
1687737750,400163
1687737750,401140
1687737750,409103
1687737750,421507
1687737750,428092
1687737750,433705
1687737750,434359
1687737750,473335
1687737750,497614
1687737750,502177
1687737750,510074
1687737750,518174
1687737750,518932
1687737750,532076
1687737750,541951
1687737750,554417
1687737750,575040
1687737750,578720
1687737750,595400
1687737750,611477
1687737750,612409
1687737750,614988
1687737750,623924
1687737750,634704
1687737750,645323
1687737750,657427
1687737750,662380
1687737751,245638
1687737751,249293
1687737751,250582
1687737751,314284
1687737751,317566
1687737751,327156
1687737751,328747
1687737751,336055
1687737751,338731
1687737751,342432
1687737751,342663
1687737751,347410
1687737751,352137
1687737751,352723
1687737751,376299
1687737751,378363
1687737751,391977
1687737751,401446
1687737751,402692
1687737751,415447
1687737751,440658
1687737751,464410
1687737751,470289
1687737751,481796
1687737751,489188
1687737751,495548
1687737751,506934
1687737751,515392
1687737751,517920
1687737751,521071
1687737751,544590
1687737751,558756
1687737751,574149
1687737751,583041
1687737751,599125
1687737751,606428
1687737751,613566
1687737751,614240
1687737751,621676
1687737751,627967
1687737751,633477
1687737751,639848
1687737751,651072
1687737752,241924
1687737752,247554
1687737752,249431
1687737752,251229
1687737752,251464
1687737752,252400
1687737752,312172
1687737752,314054
1687737752,326851
1687737752,331943
1687737752,335932
1687737752,355104
1687737752,362468
1687737752,378308
1687737752,410081
1687737752,412475
1687737752,418664
1687737752,429079
1687737752,432598
1687737752,444810
1687737752,449994
1687737752,452650
1687737752,473529
1687737752,475301
1687737752,492384
1687737752,501990
1687737752,520493
1687737752,527643
1687737752,531096
1687737752,534521
1687737752,539557
1687737752,542610
1687737752,570134
1687737752,584773
1687737752,605862
1687737752,607607
1687737752,610365
1687737752,628160
1687737752,631435
1687737752,647259
1687737752,648409
1687737752,661651
1687737753,246814
1687737753,249682
1687737753,251027
1687737753,254401
1687737753,254586
1687737753,258299
1687737753,271501
1687737753,288032
1687737753,299548
1687737753,315224
1687737753,320703
1687737753,325079
1687737753,330199
1687737753,332201
1687737753,341605
1687737753,345214
1687737753,349470
1687737753,353604
1687737753,361633
1687737753,365388
1687737753,380836
1687737753,384048
1687737753,419218
1687737753,429770
1687737753,435691
1687737753,440329
1687737753,444085
1687737753,456647
1687737753,477700
1687737753,496973
1687737753,512425
1687737753,527628
1687737753,528498
1687737753,541222
1687737753,552492
1687737753,567011
1687737753,585812
1687737753,611731
1687737753,627006
1687737753,629794
1687737753,630800
1687737753,639279
1687737753,649832
1687737754,181526
1687737754,192750
1687737754,212842
1687737754,231695
1687737754,250815
1687737754,251062
1687737754,251236
1687737754,256334
1687737754,314643
1687737754,324698
1687737754,326082
1687737754,329795
1687737754,343321
1687737754,344509
1687737754,350678
1687737754,353168
1687737754,384489
1687737754,387133
1687737754,397846
1687737754,421565
1687737754,431559
1687737754,432654
1687737754,460407
1687737754,474597
1687737754,529796
1687737754,535681
1687737754,536673
1687737754,561103
1687737754,565194
1687737754,592490
1687737754,592539
1687737754,596106
1687737754,605310
1687737754,605689
1687737754,613999
1687737754,629120
1687737754,631956
1687737754,645574
1687737754,650431
1687737754,654882
1687737755,151853
1687737755,155087
1687737755,163346
1687737755,173237
1687737755,250635
1687737755,254110
1687737755,254618
1687737755,255697
1687737755,256775
1687737755,256884
1687737755,257488
1687737755,310936
1687737755,324721
1687737755,327105
1687737755,331467
1687737755,331554
1687737755,336510
1687737755,349869
1687737755,353876
1687737755,354908
1687737755,359800
1687737755,359994
1687737755,371700
1687737755,423285
1687737755,436668
1687737755,438752
1687737755,450563
1687737755,454825
1687737755,463421
1687737755,490359
1687737755,497633
1687737755,515087
1687737755,523774
1687737755,539002
1687737755,547304
1687737755,567292
1687737755,575003
1687737755,579349
1687737755,593651
1687737755,608616
1687737755,621757
1687737755,622047
1687737755,622721
1687737755,626730
1687737755,632443
1687737755,632830
1687737755,648347
1687737755,649111
1687737755,654067
1687737755,656234
1687737756,141475
1687737756,142070
1687737756,142934
1687737756,148954
1687737756,251554
1687737756,251902
1687737756,257765
1687737756,313641
1687737756,313857
1687737756,320226
1687737756,322464
1687737756,326955
1687737756,330361
1687737756,344680
1687737756,352278
1687737756,377169
1687737756,398487
1687737756,404181
1687737756,427498
1687737756,439387
1687737756,466315
1687737756,494551
1687737756,494888
1687737756,533173
1687737756,535113
1687737756,558557
1687737756,559436
1687737756,583246
1687737756,597238
1687737756,598396
1687737756,617325
1687737756,623822
1687737756,648849
1687737757,138204
1687737757,140490
1687737757,140557
1687737757,141467
1687737757,141730
1687737757,144791
1687737757,254160
1687737757,255652
1687737757,257636
1687737757,258175
1687737757,260389
1687737757,312316
1687737757,333891
1687737757,334989
1687737757,337789
1687737757,339530
1687737757,341629
1687737757,343595
1687737757,349842
1687737757,355464
1687737757,383154
1687737757,393554
1687737757,405467
1687737757,422057
1687737757,433103
1687737757,437222
1687737757,440186
1687737757,440942
1687737757,509427
1687737757,529594
1687737757,529882
1687737757,533300
1687737757,535916
1687737757,539030
1687737757,545969
1687737757,580531
1687737757,598087
1687737757,605935
1687737757,609366
1687737757,609577
1687737757,618319
1687737757,619960
1687737757,622289
1687737757,628379
1687737757,630099
1687737757,637599
1687737757,644980
1687737758,147052
1687737758,148792
1687737758,150741
1687737758,156898
1687737758,169428
1687737758,244978
1687737758,258239
1687737758,261130
1687737758,318307
1687737758,319374
1687737758,319594
1687737758,325454
1687737758,325951
1687737758,349130
1687737758,353036
1687737758,355486
1687737758,368917
1687737758,371441
1687737758,402313
1687737758,428624
1687737758,431778
1687737758,441239
1687737758,450348
1687737758,458684
1687737758,461148
1687737758,489159
1687737758,489631
1687737758,530086
1687737758,537307
1687737758,537784
1687737758,551861
1687737758,565919
1687737758,566332
1687737758,582243
1687737758,610591
1687737758,610908
1687737758,615832
1687737758,625149
1687737758,632608
1687737758,640417
1687737758,648178
1687737758,661103
1687737759,157408
1687737759,158386
1687737759,163500
1687737759,169645
1687737759,170516
1687737759,258553
1687737759,260371
1687737759,260567
1687737759,263417
1687737759,312368
1687737759,321456
1687737759,334153
1687737759,334526
1687737759,340528
1687737759,352079
1687737759,372084
1687737759,379141
1687737759,381872
1687737759,411482
1687737759,423753
1687737759,428247
1687737759,439420
1687737759,442557
1687737759,471619
1687737759,479726
1687737759,493202
1687737759,516089
1687737759,520113
1687737759,529433
1687737759,529936
1687737759,537170
1687737759,555183
1687737759,589105
1687737759,595096
1687737759,600280
1687737759,601049
1687737759,609552
1687737759,617251
1687737759,618342
1687737759,632376
1687737759,635577
1687737759,638990
1687737759,650689
1687737760,179053
1687737760,181063
1687737760,182485
1687737760,184388
1687737760,195509
1687737760,260846
1687737760,261558
1687737760,262979
1687737760,264525
1687737760,266122
1687737760,312817
1687737760,314088
1687737760,320303
1687737760,322733
1687737760,344843
1687737760,347138
1687737760,351042
1687737760,351660
1687737760,357832
1687737760,373914
1687737760,382201
1687737760,412202
1687737760,426250
1687737760,437190
1687737760,447484
1687737760,449881
1687737760,464309
1687737760,469146
1687737760,518879
1687737760,527221
1687737760,540219
1687737760,543146
1687737760,549824
1687737760,551110
1687737760,565006
1687737760,599748
1687737760,600723
1687737760,611602
1687737760,614186
1687737760,623119
1687737760,633090
1687737760,644351
1687737760,646367
1687737760,646444
1687737760,649860
1687737760,652272
1687737761,192487
1687737761,194981
1687737761,195729
1687737761,206759
1687737761,251853
1687737761,264393
1687737761,264808
1687737761,264844
1687737761,265152
1687737761,267101
1687737761,268250
1687737761,310491
1687737761,313186
1687737761,318115
1687737761,320058
1687737761,330073
1687737761,332373
1687737761,332985
1687737761,334023
1687737761,341829
1687737761,349481
1687737761,362180
1687737761,376079
1687737761,403614
1687737761,436294
1687737761,448598
1687737761,469415
1687737761,500284
1687737761,518039
1687737761,535775
1687737761,536527
1687737761,549953
1687737761,578460
1687737761,596145
1687737761,609785
1687737761,610249
1687737761,617890
1687737761,619150
1687737761,619550
1687737761,634292
1687737762,200356
1687737762,206272
1687737762,213088
1687737762,215524
1687737762,216999
1687737762,268340
1687737762,268723
1687737762,269717
1687737762,270518
1687737762,274304
1687737762,313819
1687737762,316053
1687737762,326048
1687737762,351791
1687737762,352932
1687737762,363226
1687737762,369465
1687737762,400287
1687737762,436703
1687737762,437521
1687737762,452169
1687737762,494053
1687737762,498283
1687737762,509869
1687737762,542834
1687737762,543764
1687737762,553799
1687737762,556189
1687737762,579129
1687737762,593387
1687737762,608733
1687737762,612919
1687737762,615947
1687737762,617356
1687737762,621782
1687737762,630112
1687737762,631490
1687737762,634572
1687737762,640865
1687737762,650424
1687737762,651258
1687737762,658651
1687737763,213070
1687737763,218314
1687737763,220856
1687737763,228716
1687737763,229010
1687737763,270556
1687737763,270814
1687737763,272149
1687737763,275363
1687737763,307138
1687737763,314922
1687737763,319424
1687737763,320820
1687737763,327108
1687737763,328775
1687737763,328956
1687737763,334026
1687737763,334474
1687737763,343184
1687737763,344311
1687737763,347944
1687737763,351274
1687737763,358445
1687737763,367841
1687737763,380986
1687737763,393449
1687737763,394466
1687737763,405591
1687737763,428298
1687737763,431999
1687737763,434010
1687737763,454004
1687737763,456352
1687737763,469762
1687737763,500586
1687737763,507081
1687737763,522712
1687737763,530935
1687737763,533146
1687737763,537537
1687737763,554473
1687737763,557344
1687737763,602027
1687737763,612759
1687737763,615672
1687737763,633096
1687737764,227874
1687737764,233831
1687737764,274809
1687737764,275245
1687737764,275264
1687737764,278654
1687737764,279812
1687737764,307777
1687737764,341588
1687737764,354233
1687737764,372889
1687737764,427804
1687737764,439152
1687737764,457400
1687737764,459982
1687737764,466704
1687737764,467183
1687737764,476619
1687737764,511729
1687737764,516421
1687737764,554945
1687737764,554959
1687737764,560105
1687737764,571149
1687737764,582106
1687737764,589195
1687737764,594853
1687737764,596757
1687737764,597494
1687737764,599531
1687737764,612686
1687737764,618669
1687737764,623085
1687737764,626667
1687737764,632910
1687737764,634811
1687737764,635037
1687737764,638454
1687737764,641604
1687737764,651966
1687737765,227314
1687737765,230197
1687737765,233088
1687737765,236084
1687737765,237901
1687737765,242097
1687737765,242252
1687737765,277990
1687737765,280786
1687737765,282911
1687737765,283041
1687737765,316730
1687737765,317549
1687737765,318102
1687737765,319003
1687737765,324840
1687737765,330686
1687737765,331998
1687737765,336968
1687737765,345459
1687737765,355325
1687737765,357218
1687737765,362633
1687737765,365968
1687737765,375819
1687737765,376507
1687737765,384794
1687737765,390775
1687737765,415556
1687737765,442722
1687737765,457883
1687737765,458091
1687737765,480082
1687737765,525587
1687737765,558822
1687737765,558935
1687737765,569272
1687737765,596060
1687737765,618280
1687737765,621604
1687737765,628072
1687737766,235439
1687737766,240368
1687737766,242983
1687737766,247427
1687737766,259552
1687737766,281465
1687737766,285480
1687737766,286229
1687737766,287438
1687737766,288156
1687737766,307710
1687737766,325318
1687737766,327828
1687737766,328849
1687737766,334611
1687737766,351751
1687737766,355761
1687737766,371144
1687737766,373505
1687737766,398392
1687737766,401282
1687737766,414696
1687737766,432324
1687737766,465136
1687737766,474703
1687737766,482592
1687737766,503976
1687737766,504725
1687737766,508128
1687737766,532883
1687737766,534852
1687737766,543097
1687737766,562316
1687737766,574069
1687737766,577082
1687737766,584669
1687737766,588635
1687737766,602626
1687737766,606223
1687737766,610016
1687737766,611686
1687737766,620028
1687737766,623507
1687737766,633013
1687737766,640622
1687737766,643107
1687737766,652625
1687737766,658258
1687737767,238755
1687737767,241616
1687737767,241828
1687737767,245968
1687737767,249097
1687737767,261975
1687737767,263988
1687737767,290457
1687737767,290583
1687737767,291853
1687737767,293075
1687737767,296503
1687737767,307568
1687737767,312952
1687737767,314181
1687737767,330892
1687737767,333028
1687737767,334729
1687737767,335482
1687737767,336959
1687737767,348359
1687737767,357089
1687737767,386920
1687737767,395812
1687737767,405340
1687737767,440622
1687737767,442422
1687737767,490764
1687737767,503869
1687737767,507733
1687737767,530597
1687737767,542958
1687737767,543086
1687737767,581526
1687737767,593677
1687737767,612837
1687737767,616951
1687737767,621626
1687737767,626912
1687737767,639359
1687737767,652687
1687737768,244263
1687737768,245592
1687737768,246168
1687737768,248379
1687737768,248473
1687737768,258357
1687737768,295543
1687737768,296309
1687737768,310754
1687737768,321561
1687737768,326205
1687737768,328557
1687737768,332436
1687737768,336003
1687737768,348216
1687737768,349696
1687737768,350586
1687737768,354016
1687737768,360850
1687737768,366057
1687737768,367172
1687737768,377403
1687737768,404740
1687737768,430986
1687737768,439888
1687737768,440889
1687737768,441163
1687737768,476527
1687737768,481561
1687737768,497712
1687737768,499479
1687737768,535412
1687737768,542113
1687737768,552640
1687737768,560272
1687737768,570326
1687737768,586520
1687737768,603946
1687737768,613397
1687737768,638118
1687737768,641358
1687737768,642927
1687737768,645154
1687737769,243221
1687737769,246351
1687737769,248993
1687737769,249111
1687737769,252560
1687737769,314892
1687737769,330865
1687737769,331448
1687737769,338727
1687737769,343589
1687737769,345546
1687737769,348303
1687737769,350340
1687737769,357429
1687737769,360877
1687737769,362827
1687737769,368681
1687737769,381231
1687737769,394373
1687737769,397753
1687737769,401954
1687737769,402952
1687737769,417842
1687737769,449502
1687737769,458624
1687737769,500126
1687737769,514104
1687737769,534274
1687737769,554766
1687737769,562463
1687737769,595215
1687737769,596437
1687737769,612321
1687737769,612546
1687737769,613756
1687737769,614427
1687737769,650541
1687737770,244667
1687737770,247131
1687737770,247642
1687737770,312671
1687737770,328209
1687737770,329662
1687737770,348803
1687737770,376107
1687737770,402170
1687737770,406950
1687737770,426263
1687737770,432323
1687737770,434254
1687737770,450763
1687737770,499235
1687737770,502502
1687737770,512067
1687737770,513385
1687737770,516296
1687737770,518940
1687737770,530147
1687737770,543607
1687737770,576389
1687737770,580153
1687737770,596724
1687737770,609761
1687737770,616058
1687737770,634019
1687737770,636459
1687737770,646011
1687737770,657197
1687737771,245040
1687737771,245467
1687737771,249545
1687737771,250479
1687737771,250502
1687737771,318118
1687737771,326306
1687737771,328560
1687737771,336502
1687737771,338076
1687737771,342727
1687737771,350906
1687737771,353749
1687737771,374475
1687737771,380310
1687737771,390313
1687737771,401049
1687737771,442778
1687737771,466160
1687737771,468241
1687737771,479750
1687737771,491225
1687737771,493684
1687737771,515627
1687737771,517783
1687737771,521093
1687737771,546047
1687737771,556928
1687737771,572450
1687737771,581557
1687737771,600202
1687737771,607047
1687737771,612851
1687737771,614580
1687737771,622565
1687737771,628882
1687737771,632767
1687737771,641144
1687737771,651223
1687737771,655649
1687737772,247316
1687737772,249651
1687737772,251226
1687737772,251549
1687737772,252375
1687737772,312272
1687737772,314252
1687737772,327099
1687737772,330977
1687737772,336937
1687737772,356622
1687737772,361096
1687737772,377652
1687737772,414556
1687737772,420509
1687737772,428611
1687737772,430734
1687737772,444396
1687737772,448171
1687737772,454730
1687737772,473024
1687737772,473037
1687737772,492041
1687737772,501783
1687737772,522474
1687737772,529100
1687737772,537767
1687737772,544088
1687737772,568009
1687737772,586092
1687737772,606545
1687737772,606631
1687737772,631139
1687737772,647518
1687737772,647595
1687737773,246834
1687737773,249303
1687737773,250972
1687737773,254298
1687737773,254713
1687737773,270897
1687737773,299003
1687737773,303087
1687737773,320489
1687737773,324726
1687737773,330077
1687737773,342170
1687737773,344609
1687737773,345101
1687737773,350435
1687737773,355079
1687737773,363672
1687737773,379547
1687737773,409693
1687737773,421653
1687737773,442514
1687737773,445792
1687737773,454816
1687737773,474171
1687737773,475858
1687737773,514041
1687737773,529129
1687737773,530712
1687737773,542861
1687737773,550827
1687737773,565401
1687737773,587002
1687737773,612795
1687737773,626307
1687737773,629504
1687737773,630585
1687737773,639300
1687737773,649867
1687737774,163163
1687737774,173053
1687737774,181379
1687737774,192406
1687737774,212382
1687737774,231388
1687737774,250864
1687737774,251046
1687737774,251083
1687737774,251931
1687737774,256253
1687737774,314867
1687737774,315040
1687737774,323887
1687737774,326767
1687737774,329643
1687737774,344544
1687737774,349438
1687737774,382913
1687737774,385405
1687737774,423710
1687737774,431039
1687737774,433821
1687737774,438428
1687737774,458216
1687737774,472840
1687737774,524993
1687737774,531618
1687737774,533350
1687737774,535116
1687737774,559563
1687737774,597198
1687737774,606226
1687737774,606672
1687737774,608313
1687737774,612575
1687737774,618400
1687737774,627554
1687737774,632327
1687737774,655205
1687737775,151670
1687737775,155075
1687737775,250624
1687737775,254022
1687737775,254534
1687737775,255887
1687737775,256953
1687737775,257402
1687737775,310971
1687737775,325091
1687737775,326438
1687737775,331346
1687737775,331661
1687737775,337756
1687737775,350943
1687737775,351775
1687737775,352567
1687737775,356287
1687737775,358172
1687737775,360961
1687737775,370479
1687737775,425073
1687737775,433418
1687737775,434602
1687737775,440929
1687737775,448412
1687737775,456813
1687737775,465669
1687737775,488659
1687737775,499452
1687737775,525371
1687737775,540697
1687737775,545678
1687737775,569150
1687737775,576460
1687737775,577686
1687737775,594596
1687737775,609612
1687737775,620718
1687737775,622877
1687737775,623911
1687737775,625531
1687737775,631419
1687737775,631819
1687737775,633393
1687737775,648496
1687737775,649454
1687737776,141469
1687737776,142045
1687737776,142868
1687737776,148849
1687737776,251733
1687737776,251866
1687737776,256897
1687737776,257705
1687737776,313977
1687737776,314028
1687737776,319413
1687737776,322688
1687737776,326965
1687737776,329483
1687737776,346145
1687737776,350763
1687737776,375535
1687737776,396718
1687737776,429641
1687737776,435140
1687737776,437408
1687737776,438977
1687737776,464375
1687737776,492677
1687737776,492742
1687737776,509804
1687737776,531063
1687737776,536884
1687737776,556764
1687737776,561079
1687737776,584590
1687737776,595212
1687737776,596339
1687737776,616065
1687737776,624337
1687737776,630190
1687737776,650491
1687737776,653990
1687737776,655552
1687737777,138104
1687737777,140591
1687737777,140611
1687737777,141383
1687737777,141809
1687737777,144884
1687737777,253815
1687737777,254270
1687737777,257549
1687737777,258144
1687737777,260446
1687737777,312158
1687737777,313962
1687737777,328362
1687737777,334060
1687737777,334196
1687737777,337088
1687737777,338821
1687737777,342479
1687737777,344607
1687737777,347191
1687737777,351350
1687737777,353809
1687737777,385138
1687737777,391846
1687737777,403510
1687737777,424617
1687737777,439087
1687737777,441994
1687737777,487184
1687737777,491427
1687737777,507522
1687737777,531115
1687737777,531425
1687737777,535352
1687737777,537093
1687737777,537520
1687737777,544217
1687737777,579082
1687737777,599001
1687737777,600439
1687737777,606956
1687737777,617135
1687737777,618760
1687737777,620925
1687737777,627826
1687737777,635265
1687737777,645055
1687737778,147062
1687737778,148772
1687737778,150800
1687737778,157048
1687737778,157407
1687737778,258328
1687737778,260950
1687737778,313365
1687737778,317692
1687737778,319269
1687737778,319934
1687737778,321489
1687737778,325966
1687737778,326301
1687737778,350018
1687737778,351393
1687737778,354373
1687737778,367512
1687737778,370187
1687737778,404213
1687737778,426532
1687737778,434017
1687737778,439217
1687737778,456842
1687737778,459534
1687737778,491325
1687737778,535652
1687737778,539095
1687737778,550027
1687737778,564230
1687737778,567812
1687737778,583656
1687737778,611745
1687737778,611826
1687737778,614883
1687737778,623630
1687737778,633072
1687737778,641371
1687737778,647501
1687737778,650972
1687737778,661302
1687737779,158394
1687737779,163695
1687737779,169449
1687737779,169640
1687737779,170580
1687737779,258584
1687737779,260346
1687737779,260507
1687737779,263482
1687737779,312794
1687737779,328867
1687737779,334281
1687737779,335000
1687737779,341309
1687737779,349851
1687737779,353838
1687737779,373904
1687737779,380244
1687737779,381064
1687737779,425855
1687737779,426417
1687737779,437728
1687737779,444436
1687737779,473573
1687737779,477515
1687737779,495349
1687737779,514375
1687737779,522281
1687737779,530963
1687737779,531715
1687737779,535165
1687737779,556688
1687737779,590388
1687737779,593969
1687737779,602119
1687737779,610232
1687737779,616929
1687737779,617914
1687737779,632216
1687737779,638903
1687737779,650982
1687737780,179208
1687737780,180957
1687737780,182545
1687737780,184512
1687737780,195491
1687737780,260823
1687737780,261702
1687737780,262967
1687737780,264482
1687737780,266164
1687737780,312671
1687737780,313791
1687737780,320957
1687737780,322831
1687737780,332563
1687737780,343483
1687737780,346085
1687737780,352521
1687737780,356179
1687737780,360774
1687737780,372406
1687737780,384020
1687737780,402543
1687737780,424425
1687737780,439329
1687737780,445531
1687737780,447847
1687737780,462555
1687737780,467064
1687737780,470976
1687737780,517220
1687737780,525332
1687737780,541088
1687737780,542059
1687737780,548274
1687737780,549266
1687737780,563095
1687737780,599557
1687737780,600524
1687737780,612511
1687737780,613380
1687737780,621995
1687737780,633523
1687737780,644625
1687737780,645693
1687737780,647481
1687737780,650470
1687737780,652440
1687737781,192605
1687737781,195409
1687737781,195646
1687737781,206438
1687737781,264306
1687737781,264820
1687737781,264987
1687737781,265206
1687737781,267104
1687737781,268236
1687737781,310768
1687737781,317596
1687737781,320025
1687737781,330865
1687737781,333765
1687737781,333847
1687737781,343042
1687737781,346339
1687737781,349962
1687737781,350391
1687737781,374953
1687737781,399818
1687737781,405534
1687737781,414239
1687737781,434378
1687737781,440438
1687737781,450766
1687737781,501969
1687737781,519821
1687737781,533866
1687737781,534577
1687737781,551516
1687737781,579747
1687737781,608778
1687737781,610865
1687737781,616597
1687737781,620671
1687737781,634433
1687737782,200152
1687737782,206622
1687737782,213208
1687737782,215745
1687737782,216581
1687737782,220552
1687737782,268344
1687737782,268795
1687737782,269632
1687737782,270592
1687737782,274320
1687737782,314427
1687737782,315530
1687737782,326301
1687737782,351380
1687737782,352772
1687737782,384046
1687737782,398561
1687737782,438831
1687737782,439634
1687737782,454440
1687737782,492118
1687737782,508114
1687737782,526468
1687737782,544643
1687737782,545425
1687737782,554137
1687737782,555699
1687737782,577371
1687737782,606952
1687737782,614041
1687737782,614055
1687737782,616661
1687737782,622648
1687737782,628950
1687737782,632142
1687737782,633946
1687737782,641383
1687737782,650568
1687737782,651498
1687737782,658182
1687737783,213565
1687737783,218150
1687737783,229012
1687737783,229206
1687737783,270525
1687737783,270821
1687737783,272129
1687737783,275504
1687737783,307282
1687737783,315145
1687737783,319011
1687737783,320147
1687737783,327693
1687737783,328060
1687737783,328900
1687737783,334280
1687737783,334341
1687737783,342270
1687737783,345548
1687737783,346777
1687737783,349945
1687737783,360125
1687737783,367781
1687737783,369460
1687737783,371674
1687737783,379556
1687737783,395875
1687737783,396574
1687737783,403732
1687737783,426321
1687737783,432143
1687737783,433947
1687737783,455740
1687737783,468011
1687737783,502515
1687737783,509218
1687737783,524268
1687737783,528949
1687737783,531124
1687737783,539161
1687737783,555560
1687737783,602787
1687737783,610511
1687737783,613757
1687737783,614243
1687737783,649235
1687737784,227682
1687737784,228044
1687737784,233452
1687737784,274801
1687737784,275169
1687737784,275317
1687737784,279808
1687737784,308327
1687737784,342844
1687737784,355151
1687737784,429804
1687737784,441182
1687737784,455209
1687737784,462339
1687737784,464789
1687737784,465364
1687737784,474633
1687737784,509781
1687737784,518015
1687737784,553004
1687737784,553062
1687737784,553118
1687737784,561387
1687737784,569484
1687737784,583511
1687737784,590386
1687737784,595176
1687737784,595910
1687737784,598567
1687737784,613716
1687737784,616964
1687737784,617718
1687737784,622243
1687737784,627424
1687737784,628616
1687737784,633362
1687737784,633700
1687737784,635647
1687737784,637682
1687737784,640618
1687737784,652814
1687737784,655604
1687737785,230046
1687737785,232896
1687737785,236017
1687737785,238203
1687737785,241841
1687737785,259673
1687737785,277982
1687737785,278679
1687737785,280886
1687737785,282867
1687737785,282968
1687737785,316985
1687737785,317045
1687737785,317543
1687737785,319568
1687737785,324121
1687737785,330736
1687737785,331836
1687737785,336283
1687737785,356436
1687737785,358741
1687737785,364448
1687737785,364690
1687737785,372990
1687737785,374969
1687737785,377456
1687737785,383119
1687737785,389062
1687737785,413857
1687737785,444334
1687737785,460015
1687737785,463052
1687737785,476887
1687737785,478356
1687737785,527137
1687737785,528279
1687737785,532927
1687737785,544641
1687737785,560528
1687737785,567472
1687737785,596864
1687737785,621020
1687737785,624798
1687737785,650967
1687737786,235553
1687737786,240464
1687737786,242950
1687737786,247513
1687737786,258398
1687737786,281489
1687737786,285450
1687737786,286252
1687737786,287477
1687737786,288264
1687737786,301931
1687737786,307702
1687737786,324652
1687737786,327893
1687737786,335583
1687737786,350417
1687737786,356818
1687737786,371585
1687737786,396431
1687737786,399526
1687737786,413601
1687737786,416474
1687737786,430445
1687737786,440425
1687737786,484988
1687737786,502988
1687737786,505526
1687737786,530993
1687737786,544610
1687737786,557266
1687737786,563854
1687737786,575842
1687737786,578413
1687737786,582975
1687737786,587011
1687737786,600680
1687737786,606851
1687737786,608940
1687737786,611036
1687737786,621184
1687737786,626497
1687737786,633895
1687737786,640717
1687737786,642986
1687737786,651809
1687737786,657865
1687737787,238729
1687737787,241545
1687737787,242009
1687737787,245849
1687737787,249100
1687737787,261667
1687737787,264664
1687737787,290526
1687737787,290631
1687737787,291789
1687737787,293135
1687737787,296508
1687737787,308586
1687737787,313096
1687737787,313859
1687737787,331157
1687737787,332583
1687737787,334089
1687737787,334473
1687737787,337284
1687737787,349629
1687737787,355747
1687737787,385910
1687737787,388881
1687737787,398057
1687737787,403572
1687737787,442592
1687737787,488730
1687737787,502020
1687737787,509914
1687737787,528449
1687737787,544736
1687737787,580167
1687737787,594857
1687737787,601522
1687737787,613801
1687737787,615662
1687737787,622366
1687737787,634157
1687737787,651261
1687737787,652768
1687737788,244548
1687737788,245220
1687737788,246252
1687737788,248486
1687737788,248544
1687737788,295495
1687737788,296397
1687737788,310608
1687737788,322006
1687737788,327051
1687737788,328780
1687737788,331643
1687737788,336727
1687737788,348427
1687737788,350060
1687737788,355049
1687737788,361193
1687737788,365848
1687737788,366891
1687737788,376953
1687737788,402852
1687737788,429248
1687737788,443062
1687737788,443140
1687737788,456496
1687737788,474351
1687737788,496219
1687737788,501470
1687737788,537055
1687737788,543798
1687737788,550743
1687737788,561753
1687737788,568480
1687737788,588066
1687737788,594587
1687737788,604719
1687737788,614175
1687737788,638381
1687737788,639084
1687737788,641478
1687737788,642551
1687737788,644141
1687737789,243114
1687737789,246298
1687737789,248728
1687737789,249344
1687737789,252537
1687737789,314526
1687737789,330909
1687737789,331108
1687737789,339257
1687737789,343533
1687737789,344310
1687737789,348624
1687737789,351277
1687737789,359208
1687737789,361542
1687737789,363066
1687737789,369077
1687737789,379385
1687737789,395446
1687737789,399694
1687737789,404261
1687737789,404761
1687737789,415844
1687737789,450307
1687737789,451716
1687737789,501979
1687737789,512460
1687737789,532428
1687737789,556628
1687737789,563853
1687737789,593889
1687737789,595096
1687737789,597102
1687737789,611112
1687737789,612892
1687737789,613562
1687737789,614488
1687737789,629866
1687737789,650424
1687737790,244777
1687737790,247233
1687737790,247600
1687737790,250464
1687737790,253802
1687737790,312699
1687737790,313633
1687737790,328837
1687737790,329175
1687737790,329680
1687737790,345842
1687737790,377966
1687737790,404154
1687737790,404855
1687737790,424448
1687737790,430300
1687737790,434779
1687737790,451157
1687737790,474981
1687737790,500849
1687737790,502798
1687737790,511687
1687737790,514079
1687737790,514467
1687737790,518948
1687737790,528219
1687737790,545251
1687737790,577711
1687737790,581558
1687737790,597986
1687737790,607978
1687737790,617148
1687737790,633331
1687737790,635298
1687737790,646682
1687737790,656915
1687737791,245110
1687737791,245286
1687737791,249791
1687737791,250390
1687737791,252340
1687737791,255588
1687737791,318711
1687737791,325455
1687737791,328364
1687737791,336933
1687737791,337477
1687737791,343035
1687737791,354818
1687737791,372679
1687737791,382267
1687737791,388664
1687737791,399426
1687737791,428114
1687737791,444901
1687737791,466138
1687737791,467929
1687737791,477738
1687737791,491833
1687737791,493303
1687737791,517656
1687737791,521132
1687737791,547527
1687737791,555076
1687737791,570739
1687737791,580026
1687737791,607629
1687737791,611454
1687737791,615587
1687737791,623438
1687737791,632016
1687737791,642398
1687737791,651344
1687737792,242560
1687737792,247099
1687737792,249873
1687737792,251215
1687737792,251650
1687737792,312414
1687737792,314478
1687737792,327330
1687737792,330012
1687737792,337986
1687737792,358177
1687737792,359754
1687737792,376981
1687737792,416631
1687737792,422368
1687737792,428847
1687737792,444011
1687737792,446345
1687737792,456832
1687737792,470787
1687737792,472497
1687737792,491635
1687737792,501611
1687737792,524429
1687737792,527170
1687737792,535974
1687737792,545584
1687737792,565903
1687737792,587344
1687737792,605686
1687737792,607197
1687737792,630843
1687737792,646803
1687737792,647745
1687737793,246868
1687737793,250900
1687737793,254166
1687737793,254837
1687737793,270310
1687737793,298449
1687737793,313570
1687737793,314851
1687737793,320256
1687737793,324399
1687737793,329974
1687737793,344024
1687737793,351440
1687737793,356605
1687737793,361949
1687737793,378238
1687737793,409307
1687737793,424073
1687737793,425855
1687737793,444640
1687737793,447474
1687737793,453010
1687737793,473994
1687737793,515653
1687737793,530624
1687737793,532910
1687737793,533440
1687737793,544511
1687737793,549152
1687737793,563789
1687737793,588147
1687737793,607177
1687737793,613868
1687737793,625610
1687737793,628187
1687737793,639247
1687737793,649848
1687737794,155067
1687737794,172871
1687737794,181225
1687737794,192082
1687737794,211918
1687737794,231085
1687737794,250901
1687737794,250925
1687737794,251038
1687737794,252012
1687737794,256153
1687737794,315080
1687737794,323098
1687737794,325807
1687737794,327467
1687737794,329478
1687737794,345731
1687737794,345804
1687737794,348226
1687737794,351280
1687737794,381329
1687737794,383695
1687737794,401797
1687737794,429444
1687737794,460043
1687737794,471050
1687737794,488898
1687737794,501269
1687737794,530993
1687737794,533536
1687737794,557982
1687737794,598271
1687737794,607140
1687737794,607626
1687737794,611170
1687737794,617594
1687737794,625937
1687737794,632656
1687737794,655498
1687737795,151509
1687737795,250609
1687737795,251934
1687737795,253939
1687737795,254444
1687737795,256041
1687737795,256991
1687737795,257346
1687737795,311018
1687737795,325469
1687737795,331815
1687737795,339059
1687737795,347264
1687737795,352010
1687737795,356372
1687737795,357702
1687737795,426854
1687737795,432553
1687737795,435295
1687737795,443102
1687737795,446219
1687737795,458803
1687737795,486925
1687737795,526994
1687737795,542388
1687737795,544021
1687737795,575976
1687737795,577926
1687737795,595509
1687737795,610614
1687737795,619617
1687737795,623708
1687737795,624342
1687737795,625103
1687737795,631187
1687737795,633892
1687737795,648589
1687737795,649749
1687737796,141461
1687737796,142030
1687737796,142783
1687737796,148751
1687737796,251856
1687737796,257030
1687737796,257645
1687737796,314222
1687737796,314338
1687737796,318638
1687737796,322926
1687737796,327009
1687737796,328652
1687737796,347625
1687737796,349273
1687737796,355973
1687737796,373912
1687737796,394961
1687737796,400965
1687737796,431788
1687737796,435429
1687737796,437052
1687737796,438062
1687737796,462429
1687737796,490786
1687737796,505584
1687737796,511485
1687737796,528942
1687737796,538675
1687737796,555000
1687737796,562693
1687737796,585933
1687737796,594285
1687737796,611428
1687737796,614796
1687737796,624816
1687737796,649621
1687737796,653878
1687737797,138023
1687737797,140682
1687737797,140687
1687737797,141311
1687737797,141903
1687737797,145008
1687737797,254389
1687737797,255515
1687737797,257445
1687737797,258106
1687737797,259800
1687737797,260490
1687737797,312024
1687737797,326008
1687737797,333398
1687737797,334239
1687737797,336448
1687737797,345691
1687737797,347384
1687737797,352190
1687737797,352908
1687737797,387134
1687737797,401555
1687737797,440961
1687737797,443821
1687737797,457964
1687737797,532637
1687737797,532946
1687737797,535171
1687737797,539118
1687737797,542482
1687737797,577573
1687737797,599858
1687737797,601268
1687737797,608019
1687737797,615961
1687737797,617540
1687737797,619580
1687737797,629719
1687737797,635447
1687737797,645115
1687737798,147069
1687737798,148748
1687737798,150848
1687737798,157182
1687737798,157404
1687737798,258425
1687737798,258430
1687737798,260749
1687737798,317097
1687737798,318941
1687737798,320548
1687737798,327200
1687737798,349797
1687737798,350952
1687737798,366138
1687737798,368940
1687737798,406098
1687737798,436264
1687737798,437203
1687737798,454989
1687737798,483528
1687737798,492981
1687737798,493719
1687737798,533482
1687737798,540904
1687737798,548177
1687737798,562566
1687737798,569278
1687737798,585030
1687737798,592810
1687737798,612700
1687737798,613927
1687737798,633498
1687737798,642302
1687737798,646786
1687737799,158400
1687737799,163904
1687737799,169484
1687737799,169636
1687737799,170662
1687737799,258609
1687737799,263530
1687737799,264431
1687737799,313247
1687737799,321560
1687737799,328960
1687737799,335516
1687737799,342131
1687737799,348684
1687737799,349686
1687737799,355596
1687737799,375774
1687737799,378659
1687737799,415709
1687737799,424551
1687737799,427983
1687737799,436039
1687737799,446309
1687737799,475259
1687737799,475542
1687737799,512684
1687737799,524397
1687737799,532438
1687737799,533143
1687737799,533449
1687737799,558210
1687737799,601201
1687737799,610972
1687737799,615548
1687737799,618567
1687737799,632068
1687737799,638790
1687737799,651233
1687737800,179341
1687737800,180888
1687737800,182616
1687737800,184637
1687737800,195471
1687737800,260317
1687737800,260803
1687737800,262954
1687737800,266185
1687737800,312558
1687737800,313494
1687737800,321645
1687737800,322963
1687737800,342175
1687737800,342798
1687737800,345069
1687737800,353404
1687737800,354547
1687737800,359424
1687737800,373803
1687737800,385862
1687737800,422667
1687737800,431980
1687737800,441429
1687737800,443576
1687737800,445848
1687737800,460784
1687737800,464710
1687737800,472843
1687737800,515547
1687737800,539022
1687737800,543902
1687737800,546678
1687737800,547394
1687737800,561208
1687737800,598376
1687737800,601258
1687737800,602755
1687737800,612604
1687737800,613435
1687737800,620853
1687737800,632692
1687737800,633931
1687737800,644892
1687737800,644902
1687737800,651018
1687737800,652550
1687737801,192727
1687737801,195557
1687737801,195837
1687737801,206111
1687737801,248908
1687737801,264206
1687737801,264840
1687737801,265145
1687737801,265253
1687737801,267108
1687737801,268227
1687737801,311064
1687737801,317080
1687737801,320012
1687737801,331676
1687737801,332795
1687737801,333680
1687737801,334580
1687737801,344354
1687737801,351354
1687737801,351772
1687737801,407459
1687737801,416323
1687737801,432498
1687737801,440920
1687737801,442463
1687737801,452909
1687737801,490118
1687737801,503660
1687737801,521610
1687737801,523436
1687737801,531958
1687737801,532586
1687737801,553072
1687737801,580985
1687737801,595768
1687737801,603157
1687737801,607760
1687737801,611511
1687737801,615334
1687737801,621771
1687737801,631330
1687737801,634533
1687737801,641847
1687737802,162951
1687737802,199956
1687737802,206956
1687737802,213317
1687737802,215920
1687737802,216152
1687737802,220288
1687737802,229295
1687737802,260446
1687737802,268352
1687737802,268873
1687737802,269555
1687737802,270647
1687737802,315046
1687737802,315058
1687737802,326589
1687737802,334712
1687737802,349847
1687737802,353769
1687737802,359868
1687737802,396874
1687737802,441735
1687737802,448414
1687737802,452537
1687737802,506356
1687737802,515871
1687737802,527988
1687737802,546378
1687737802,547039
1687737802,552077
1687737802,557564
1687737802,575601
1687737802,603561
1687737802,605173
1687737802,612098
1687737802,615196
1687737802,615906
1687737802,623537
1687737802,627743
1687737802,632735
1687737802,633329
1687737802,650674
1687737802,651777
1687737802,657660
1687737803,214056
1687737803,218002
1687737803,229431
1687737803,270500
1687737803,270832
1687737803,272105
1687737803,274293
1687737803,274791
1687737803,275622
1687737803,307457
1687737803,315358
1687737803,318646
1687737803,319487
1687737803,327166
1687737803,328324
1687737803,329021
1687737803,334034
1687737803,341401
1687737803,345651
1687737803,346815
1687737803,348633
1687737803,361827
1687737803,366126
1687737803,371081
1687737803,378133
1687737803,398407
1687737803,398705
1687737803,401899
1687737803,424355
1687737803,430329
1687737803,435862
1687737803,457480
1687737803,466246
1687737803,504412
1687737803,511345
1687737803,525864
1687737803,526938
1687737803,529141
1687737803,540762
1687737803,553778
1687737803,612859
1687737803,614768
1687737803,633649
1687737804,228102
1687737804,228195
1687737804,229916
1687737804,233042
1687737804,242848
1687737804,275082
1687737804,275382
1687737804,279800
1687737804,308936
1687737804,344123
1687737804,356093
1687737804,370468
1687737804,431811
1687737804,437180
1687737804,443211
1687737804,453012
1687737804,462904
1687737804,463594
1687737804,464725
1687737804,472653
1687737804,507806
1687737804,519588
1687737804,551065
1687737804,551306
1687737804,551659
1687737804,562680
1687737804,567807
1687737804,584898
1687737804,591531
1687737804,593621
1687737804,596960
1687737804,599564
1687737804,614781
1687737804,616714
1687737804,621399
1687737804,628138
1687737804,634435
1687737804,636447
1687737804,636843
1687737804,639614
1687737804,653595
1687737804,655514
1687737805,232698
1687737805,235948
1687737805,238494
1687737805,241593
1687737805,277977
1687737805,278702
1687737805,280989
1687737805,282820
1687737805,282906
1687737805,316549
1687737805,317027
1687737805,317235
1687737805,320183
1687737805,323427
1687737805,330813
1687737805,331677
1687737805,335665
1687737805,349134
1687737805,357577
1687737805,360306
1687737805,363451
1687737805,366273
1687737805,373432
1687737805,374847
1687737805,379116
1687737805,381433
1687737805,387386
1687737805,412111
1687737805,445976
1687737805,460971
1687737805,462138
1687737805,476625
1687737805,479045
1687737805,528714
1687737805,530997
1687737805,546277
1687737805,562189
1687737805,565671
1687737805,597620
1687737805,598010
1687737805,615701
1687737805,620430
1687737805,629112
1687737805,642851
1687737805,650934
1687737806,235684
1687737806,240568
1687737806,242918
1687737806,247546
1687737806,261841
1687737806,281547
1687737806,285429
1687737806,286255
1687737806,287524
1687737806,288332
1687737806,300827
1687737806,307718
1687737806,324034
1687737806,327964
1687737806,336547
1687737806,350376
1687737806,357862
1687737806,369639
1687737806,394480
1687737806,397820
1687737806,418215
1687737806,487354
1687737806,501248
1687737806,507082
1687737806,529108
1687737806,546147
1687737806,555540
1687737806,565399
1687737806,579729
1687737806,581282
1687737806,585442
1687737806,598728
1687737806,607472
1687737806,610348
1687737806,622319
1687737806,626045
1687737806,626078
1687737806,634777
1687737806,640776
1687737806,650951
1687737806,657442
1687737807,238743
1687737807,241295
1687737807,242412
1687737807,245732
1687737807,249099
1687737807,261376
1687737807,265366
1687737807,290596
1687737807,290677
1687737807,291712
1687737807,293194
1687737807,296527
1687737807,309581
1687737807,313296
1687737807,313566
1687737807,331462
1687737807,332167
1687737807,333501
1687737807,333509
1687737807,337613
1687737807,350903
1687737807,354413
1687737807,387782
1687737807,390869
1687737807,400340
1687737807,401819
1687737807,428577
1687737807,438435
1687737807,444583
1687737807,486696
1687737807,494725
1687737807,500145
1687737807,512131
1687737807,526341
1687737807,546331
1687737807,578771
1687737807,596012
1687737807,607807
1687737807,614386
1687737807,614789
1687737807,623090
1687737807,651954
1687737807,652811
1687737808,244843
1687737808,244850
1687737808,246356
1687737808,248458
1687737808,248704
1687737808,295429
1687737808,296468
1687737808,310424
1687737808,322476
1687737808,327909
1687737808,328978
1687737808,330879
1687737808,337408
1687737808,347225
1687737808,349512
1687737808,356134
1687737808,361527
1687737808,365666
1687737808,366660
1687737808,370922
1687737808,376472
1687737808,401001
1687737808,427552
1687737808,445135
1687737808,445237
1687737808,454338
1687737808,472161
1687737808,485456
1687737808,503441
1687737808,538684
1687737808,545483
1687737808,548852
1687737808,566586
1687737808,589607
1687737808,605476
1687737808,614959
1687737808,637381
1687737808,640068
1687737808,641603
1687737808,642110
1687737808,643077
1687737809,243013
1687737809,246243
1687737809,248468
1687737809,249583
1687737809,252507
1687737809,314188
1687737809,330777
1687737809,330955
1687737809,339789
1687737809,343114
1687737809,343477
1687737809,348944
1687737809,352281
1687737809,354520
1687737809,357569
1687737809,363335
1687737809,369483
1687737809,377563
1687737809,396530
1687737809,401635
1687737809,406576
1687737809,413862
1687737809,436256
1687737809,453861
1687737809,490574
1687737809,503833
1687737809,510812
1687737809,530603
1687737809,558464
1687737809,565258
1687737809,592544
1687737809,593753
1687737809,609894
1687737809,611389
1687737809,614581
1687737809,615228
1687737809,629538
1687737809,650333
1687737810,244882
1687737810,247322
1687737810,247560
1687737810,250449
1687737810,253752
1687737810,312749
1687737810,313296
1687737810,329454
1687737810,329714
1687737810,330018
1687737810,344501
1687737810,345993
1687737810,379855
1687737810,402850
1687737810,406133
1687737810,406594
1687737810,422637
1687737810,428313
1687737810,435288
1687737810,447022
1687737810,451522
1687737810,461994
1687737810,475760
1687737810,502432
1687737810,503086
1687737810,509954
1687737810,512659
1687737810,516094
1687737810,516100
1687737810,518956
1687737810,526270
1687737810,546873
1687737810,568998
1687737810,579023
1687737810,582940
1687737810,599172
1687737810,606144
1687737810,618239
1687737810,630520
1687737810,632632
1687737810,634108
1687737810,647341
1687737810,656597
1687737811,245118
1687737811,245199
1687737811,250027
1687737811,250247
1687737811,319324
1687737811,324649
1687737811,328145
1687737811,336924
1687737811,337300
1687737811,343354
1687737811,355905
1687737811,370890
1687737811,384258
1687737811,387024
1687737811,397831
1687737811,463974
1687737811,469697
1687737811,475750
1687737811,489959
1687737811,495381
1687737811,501454
1687737811,517520
1687737811,521178
1687737811,549014
1687737811,553181
1687737811,578424
1687737811,608216
1687737811,610075
1687737811,616543
1687737811,624273
1687737811,627282
1687737811,631197
1687737811,643614
1687737811,651425
1687737812,246931
1687737812,250081
1687737812,251204
1687737812,251776
1687737812,252308
1687737812,312592
1687737812,314733
1687737812,327547
1687737812,329058
1687737812,339063
1687737812,348452
1687737812,358418
1687737812,359758
1687737812,376303
1687737812,418727
1687737812,424242
1687737812,426951
1687737812,427583
1687737812,443650
1687737812,444528
1687737812,458890
1687737812,468589
1687737812,471943
1687737812,491230
1687737812,525297
1687737812,526352
1687737812,534186
1687737812,547087
1687737812,563858
1687737812,588545
1687737812,602142
1687737812,604752
1687737812,607884
1687737812,630545
1687737812,646010
1687737812,647967
1687737813,246921
1687737813,250824
1687737813,254015
1687737813,254976
1687737813,269734
1687737813,297891
1687737813,313803
1687737813,319992
1687737813,324055
1687737813,329316
1687737813,329906
1687737813,343437
1687737813,343491
1687737813,348984
1687737813,352522
1687737813,358164
1687737813,360204
1687737813,376901
1687737813,408894
1687737813,426484
1687737813,430146
1687737813,446754
1687737813,449140
1687737813,451210
1687737813,472145
1687737813,517265
1687737813,521546
1687737813,532104
1687737813,535086
1687737813,546135
1687737813,547497
1687737813,562162
1687737813,577616
1687737813,589253
1687737813,605954
1687737813,614930
1687737813,624909
1687737813,626822
1687737813,639133
1687737813,649810
1687737814,181052
1687737814,191797
1687737814,211462
1687737814,230775
1687737814,248499
1687737814,250770
1687737814,250925
1687737814,251033
1687737814,252108
1687737814,256061
1687737814,314694
1687737814,315313
1687737814,322318
1687737814,347055
1687737814,347111
1687737814,349993
1687737814,379745
1687737814,381978
1687737814,403775
1687737814,427878
1687737814,427980
1687737814,469270
1687737814,528677
1687737814,531952
1687737814,535253
1687737814,556401
1687737814,563263
1687737814,599301
1687737814,608053
1687737814,608566
1687737814,609750
1687737814,616766
1687737814,624306
1687737814,632965
1687737814,655720
1687737815,151353
1687737815,155044
1687737815,162745
1687737815,172692
1687737815,250590
1687737815,252158
1687737815,253829
1687737815,254362
1687737815,256192
1687737815,256989
1687737815,257304
1687737815,311088
1687737815,325209
1687737815,325843
1687737815,331963
1687737815,340372
1687737815,348220
1687737815,353081
1687737815,354586
1687737815,359154
1687737815,428635
1687737815,430475
1687737815,437232
1687737815,443994
1687737815,445273
1687737815,460820
1687737815,485200
1687737815,503082
1687737815,528612
1687737815,542318
1687737815,544086
1687737815,574218
1687737815,579391
1687737815,596412
1687737815,611639
1687737815,618437
1687737815,623122
1687737815,624561
1687737815,626284
1687737815,630526
1687737815,634370
1687737815,648658
1687737815,649985
1687737816,141449
1687737816,142021
1687737816,142690
1687737816,148660
1687737816,251848
1687737816,257141
1687737816,257594
1687737816,314458
1687737816,314712
1687737816,317884
1687737816,323195
1687737816,327078
1687737816,327867
1687737816,347807
1687737816,349143
1687737816,372291
1687737816,393191
1687737816,399462
1687737816,433433
1687737816,433915
1687737816,460483
1687737816,488916
1687737816,513194
1687737816,526835
1687737816,540405
1687737816,553216
1687737816,564293
1687737816,587247
1687737816,592222
1687737816,612324
1687737816,613516
1687737816,625291
1687737816,649996
1687737816,653725
1687737817,137942
1687737817,140763
1687737817,140773
1687737817,141220
1687737817,141995
1687737817,145151
1687737817,254527
1687737817,255431
1687737817,257297
1687737817,258073
1687737817,259923
1687737817,260527
1687737817,311898
1687737817,332635
1687737817,335863
1687737817,346817
1687737817,350596
1687737817,351949
1687737817,354492
1687737817,399601
1687737817,438525
1687737817,439232
1687737817,442849
1687737817,445640
1687737817,456413
1687737817,533323
1687737817,534151
1687737817,534435
1687737817,540715
1687737817,540763
1687737817,600676
1687737817,602057
1687737817,609115
1687737817,614814
1687737817,616319
1687737817,618228
1687737817,635612
1687737817,645149
1687737818,147069
1687737818,148717
1687737818,150895
1687737818,157295
1687737818,258451
1687737818,258503
1687737818,260545
1687737818,313699
1687737818,316516
1687737818,318624
1687737818,321153
1687737818,326054
1687737818,328149
1687737818,348278
1687737818,364794
1687737818,367693
1687737818,407992
1687737818,435249
1687737818,453125
1687737818,494628
1687737818,495986
1687737818,531318
1687737818,542683
1687737818,546350
1687737818,560929
1687737818,570741
1687737818,586375
1687737818,611726
1687737818,613007
1687737818,613559
1687737818,632011
1687737818,633916
1687737818,643211
1687737818,645984
1687737819,158404
1687737819,164144
1687737819,169522
1687737819,169631
1687737819,170753
1687737819,258642
1687737819,260275
1687737819,260409
1687737819,261981
1687737819,262944
1687737819,263562
1687737819,264378
1687737819,321646
1687737819,329122
1687737819,336083
1687737819,342997
1687737819,347560
1687737819,357356
1687737819,377136
1687737819,377683
1687737819,417797
1687737819,422673
1687737819,430098
1687737819,434335
1687737819,448216
1687737819,472975
1687737819,477508
1687737819,510990
1687737819,526455
1687737819,531090
1687737819,533882
1687737819,535126
1687737819,559729
1687737819,591628
1687737819,604185
1687737819,614156
1687737819,619252
1687737819,631906
1687737819,638634
1687737819,651446
1687737820,179462
1687737820,182689
1687737820,184757
1687737820,195453
1687737820,260820
1687737820,266205
1687737820,312491
1687737820,313208
1687737820,322389
1687737820,323151
1687737820,333056
1687737820,340886
1687737820,344073
1687737820,346397
1687737820,352936
1687737820,354297
1687737820,358121
1687737820,387709
1687737820,420932
1687737820,441610
1687737820,443525
1687737820,443876
1687737820,459009
1687737820,474715
1687737820,513856
1687737820,536996
1687737820,545075
1687737820,545470
1687737820,545750
1687737820,597162
1687737820,601962
1687737820,604020
1687737820,611819
1687737820,614405
1687737820,631148
1687737820,634315
1687737820,645119
1687737820,651499
1687737820,652556
1687737821,192838
1687737821,195443
1687737821,196292
1687737821,205792
1687737821,264066
1687737821,264877
1687737821,265282
1687737821,265284
1687737821,267116
1687737821,268213
1687737821,311356
1687737821,316592
1687737821,320021
1687737821,328216
1687737821,332501
1687737821,335459
1687737821,345721
1687737821,353611
1687737821,369478
1687737821,409388
1687737821,418399
1687737821,430596
1687737821,444496
1687737821,505343
1687737821,523375
1687737821,530035
1687737821,530583
1687737821,554597
1687737821,582176
1687737821,596921
1687737821,598836
1687737821,606678
1687737821,612221
1687737821,626510
1687737821,634603
1687737821,642265
1687737822,199798
1687737822,207271
1687737822,213460
1687737822,215707
1687737822,216093
1687737822,220072
1687737822,229553
1687737822,268361
1687737822,268953
1687737822,269455
1687737822,270673
1687737822,314630
1687737822,315674
1687737822,326906
1687737822,348334
1687737822,354805
1687737822,358213
1687737822,395221
1687737822,442977
1687737822,443807
1687737822,446467
1687737822,450627
1687737822,488072
1687737822,529519
1687737822,548099
1687737822,548599
1687737822,549980
1687737822,573852
1687737822,610152
1687737822,615116
1687737822,616358
1687737822,624459
1687737822,632680
1687737822,633258
1687737822,650749
1687737822,652045
1687737823,214524
1687737823,217882
1687737823,228295
1687737823,229664
1687737823,270487
1687737823,270845
1687737823,272077
1687737823,274263
1687737823,275461
1687737823,275731
1687737823,279789
1687737823,307673
1687737823,315581
1687737823,318316
1687737823,318866
1687737823,326266
1687737823,329005
1687737823,329170
1687737823,333746
1687737823,344591
1687737823,347355
1687737823,348080
1687737823,363561
1687737823,364484
1687737823,372677
1687737823,376716
1687737823,400806
1687737823,422414
1687737823,428570
1687737823,437795
1687737823,459211
1687737823,464501
1687737823,503602
1687737823,506224
1687737823,524877
1687737823,527166
1687737823,527482
1687737823,542337
1687737823,551992
1687737823,604355
1687737823,611452
1687737823,615811
1687737823,633931
1687737824,228550
1687737824,229823
1687737824,232610
1687737824,243095
1687737824,274776
1687737824,275010
1687737824,278725
1687737824,309589
1687737824,331532
1687737824,334399
1687737824,345431
1687737824,357077
1687737824,369268
1687737824,433809
1687737824,435175
1687737824,445238
1687737824,461064
1687737824,461811
1687737824,467097
1687737824,470655
1687737824,505816
1687737824,521128
1687737824,549531
1687737824,550266
1687737824,564007
1687737824,566113
1687737824,586217
1687737824,592059
1687737824,592649
1687737824,597994
1687737824,615702
1687737824,615841
1687737824,620573
1687737824,628831
1687737824,635125
1687737824,635948
1687737824,637210
1687737824,655387
1687737825,157395
1687737825,232506
1687737825,235865
1687737825,238787
1687737825,241366
1687737825,277954
1687737825,281094
1687737825,282772
1687737825,282857
1687737825,316089
1687737825,316546
1687737825,317499
1687737825,320825
1687737825,322787
1687737825,328045
1687737825,335134
1687737825,361890
1687737825,368090
1687737825,371884
1687737825,376740
1687737825,379768
1687737825,380777
1687737825,385742
1687737825,389137
1687737825,410344
1687737825,447628
1687737825,458861
1687737825,463928
1687737825,464258
1687737825,474876
1687737825,481175
1687737825,529051
1687737825,530295
1687737825,547900
1687737825,563822
1687737825,563877
1687737825,598384
1687737825,614449
1687737825,619801
1687737825,629573
1687737825,650865
1687737826,235837
1687737826,240662
1687737826,242887
1687737826,247557
1687737826,281644
1687737826,285421
1687737826,286254
1687737826,287558
1687737826,288371
1687737826,299784
1687737826,307756
1687737826,323439
1687737826,337498
1687737826,358914
1687737826,367714
1687737826,392556
1687737826,396150
1687737826,419903
1687737826,489735
1687737826,498282
1687737826,499511
1687737826,508631
1687737826,527249
1687737826,547704
1687737826,553778
1687737826,566931
1687737826,576029
1687737826,579394
1687737826,579637
1687737826,581012
1687737826,583893
1687737826,596784
1687737826,606672
1687737826,608093
1687737826,609609
1687737826,627376
1687737826,635650
1687737826,640787
1687737826,642678
1687737826,650075
1687737826,657017
1687737827,238773
1687737827,241049
1687737827,242796
1687737827,245630
1687737827,249074
1687737827,261110
1687737827,266097
1687737827,290657
1687737827,290721
1687737827,291641
1687737827,293272
1687737827,296563
1687737827,310568
1687737827,313323
1687737827,313534
1687737827,322960
1687737827,331753
1687737827,331838
1687737827,332979
1687737827,337956
1687737827,352194
1687737827,353101
1687737827,389652
1687737827,392930
1687737827,400083
1687737827,402686
1687737827,436471
1687737827,446574
1687737827,484654
1687737827,493223
1687737827,514305
1687737827,524303
1687737827,547920
1687737827,577371
1687737827,597166
1687737827,613107
1687737827,615810
1687737827,623793
1687737827,625580
1687737827,652612
1687737827,652812
1687737828,244471
1687737828,245140
1687737828,246455
1687737828,248415
1687737828,248890
1687737828,295375
1687737828,296549
1687737828,310238
1687737828,328766
1687737828,329163
1687737828,330157
1687737828,346088
1687737828,348943
1687737828,357279
1687737828,361865
1687737828,365486
1687737828,366457
1687737828,375957
1687737828,399200
1687737828,425932
1687737828,447148
1687737828,447404
1687737828,452141
1687737828,469991
1687737828,487357
1687737828,505413
1687737828,540290
1687737828,546930
1687737828,564682
1687737828,564780
1687737828,591122
1687737828,606209
1687737828,615763
1687737828,636352
1687737828,641082
1687737828,641602
1687737828,641727
1687737828,641929
1687737829,242937
1687737829,246164
1687737829,248220
1687737829,249824
1687737829,252466
1687737829,313875
1687737829,330492
1687737829,331007
1687737829,340340
1687737829,341923
1687737829,343424
1687737829,349294
1687737829,353120
1687737829,353331
1687737829,355956
1687737829,363621
1687737829,369901
1687737829,375760
1687737829,397604
1687737829,403564
1687737829,408896
1687737829,411926
1687737829,426335
1687737829,434426
1687737829,455936
1687737829,492208
1687737829,505664
1687737829,509163
1687737829,528794
1687737829,547147
1687737829,560285
1687737829,566661
1687737829,591220
1687737829,592407
1687737829,604286
1687737829,608714
1687737829,609908
1687737829,614065
1687737829,615629
1687737829,615954
1687737829,629212
1687737829,650238
1687737829,656231
1687737830,180839
1687737830,244996
1687737830,247370
1687737830,247526
1687737830,253676
1687737830,312818
1687737830,312935
1687737830,329759
1687737830,330089
1687737830,330902
1687737830,343147
1687737830,344608
1687737830,381759
1687737830,400901
1687737830,408112
1687737830,408436
1687737830,420807
1687737830,435781
1687737830,451850
1687737830,476523
1687737830,503304
1687737830,503982
1687737830,508208
1687737830,510875
1687737830,516313
1687737830,518123
1687737830,518968
1687737830,524305
1687737830,548504
1687737830,580317
1687737830,584284
1687737830,600328
1687737830,619349
1687737830,619686
1687737830,630334
1687737830,631238
1687737830,631941
1687737830,632857
1687737830,647951
1687737831,244949
1687737831,245303
1687737831,250109
1687737831,250251
1687737831,250430
1687737831,252274
1687737831,319961
1687737831,323892
1687737831,327955
1687737831,336410
1687737831,337652
1687737831,343713
1687737831,356998
1687737831,369097
1687737831,385379
1687737831,386322
1687737831,396236
1687737831,461789
1687737831,471510
1687737831,473790
1687737831,488112
1687737831,497467
1687737831,501311
1687737831,521229
1687737831,550520
1687737831,551286
1687737831,567250
1687737831,576808
1687737831,608695
1687737831,608793
1687737831,617466
1687737831,625130
1687737831,626714
1687737831,644765
1687737831,651443
1687737832,246762
1687737832,250274
1687737832,251204
1687737832,251906
1687737832,312815
1687737832,315039
1687737832,327760
1687737832,328122
1687737832,340162
1687737832,347182
1687737832,357080
1687737832,361376
1687737832,375624
1687737832,420818
1687737832,425065
1687737832,426136
1687737832,427042
1687737832,442695
1687737832,443271
1687737832,460941
1687737832,466362
1687737832,471369
1687737832,523457
1687737832,528283
1687737832,532373
1687737832,548636
1687737832,561888
1687737832,589731
1687737832,603038
1687737832,603851
1687737832,608553
1687737832,630234
1687737832,645183
1687737832,648139
1687737833,246996
1687737833,250764
1687737833,253877
1687737833,255111
1687737833,269188
1687737833,297325
1687737833,314031
1687737833,319719
1687737833,323676
1687737833,329164
1687737833,329865
1687737833,342856
1687737833,344225
1687737833,347120
1687737833,347634
1687737833,347900
1687737833,353651
1687737833,358474
1687737833,359786
1687737833,375533
1687737833,408475
1687737833,428324
1687737833,428904
1687737833,448850
1687737833,449417
1687737833,450801
1687737833,470290
1687737833,518915
1687737833,519706
1687737833,533566
1687737833,537050
1687737833,537272
1687737833,545881
1687737833,547794
1687737833,560497
1687737833,590400
1687737833,604687
1687737833,616021
1687737833,623470
1687737833,624214
1687737833,625450
1687737833,632670
1687737833,638983
1687737833,649757
1687737834,155000
1687737834,180866
1687737834,191525
1687737834,211010
1687737834,230442
1687737834,248105
1687737834,250631
1687737834,250945
1687737834,251047
1687737834,252221
1687737834,255941
1687737834,314562
1687737834,315568
1687737834,321566
1687737834,324649
1687737834,326204
1687737834,332545
1687737834,338049
1687737834,345914
1687737834,348462
1687737834,348722
1687737834,378119
1687737834,380273
1687737834,426346
1687737834,430087
1687737834,439184
1687737834,467444
1687737834,526412
1687737834,530385
1687737834,554809
1687737834,600296
1687737834,608339
1687737834,608964
1687737834,609535
1687737834,615882
1687737834,622702
1687737834,633195
1687737834,655927
1687737835,151200
1687737835,162545
1687737835,172489
1687737835,250556
1687737835,253734
1687737835,254281
1687737835,256352
1687737835,256978
1687737835,257277
1687737835,311206
1687737835,332111
1687737835,341728
1687737835,352833
1687737835,354174
1687737835,360633
1687737835,428407
1687737835,430430
1687737835,441787
1687737835,447430
1687737835,462838
1687737835,483474
1687737835,504865
1687737835,530251
1687737835,540581
1687737835,545777
1687737835,572430
1687737835,580863
1687737835,597303
1687737835,612671
1687737835,617233
1687737835,621855
1687737835,625402
1687737835,627437
1687737835,629829
1687737835,634816
1687737835,648684
1687737835,650180
1687737836,141432
1687737836,142019
1687737836,142600
1687737836,148575
1687737836,251842
1687737836,257254
1687737836,257577
1687737836,314725
1687737836,315109
1687737836,317160
1687737836,323487
1687737836,327135
1687737836,327160
1687737836,346401
1687737836,349249
1687737836,350670
1687737836,370668
1687737836,391427
1687737836,398014
1687737836,431441
1687737836,436037
1687737836,458534
1687737836,487043
1687737836,501606
1687737836,514933
1687737836,524677
1687737836,542095
1687737836,551394
1687737836,565896
1687737836,574470
1687737836,588527
1687737836,590153
1687737836,612213
1687737836,613227
1687737836,625720
1687737836,650323
1687737836,653512
1687737837,137863
1687737837,140844
1687737837,140850
1687737837,141104
1687737837,142083
1687737837,145266
1687737837,254684
1687737837,255353
1687737837,257137
1687737837,258051
1687737837,260545
1687737837,311782
1687737837,326114
1687737837,328994
1687737837,331862
1687737837,334528
1687737837,335316
1687737837,347965
1687737837,349046
1687737837,356092
1687737837,391134
1687737837,405754
1687737837,441342
1687737837,444742
1687737837,447452
1687737837,449138
1687737837,454846
1687737837,531471
1687737837,535648
1687737837,535893
1687737837,539044
1687737837,542316
1687737837,587692
1687737837,601453
1687737837,602803
1687737837,610262
1687737837,613667
1687737837,615140
1687737837,616850
1687737837,635755
1687737837,645206
1687737838,147075
1687737838,148691
1687737838,150938
1687737838,157383
1687737838,157417
1687737838,258471
1687737838,258584
1687737838,260362
1687737838,315932
1687737838,318324
1687737838,321746
1687737838,329153
1687737838,346836
1687737838,353008
1687737838,359130
1687737838,363478
1687737838,366456
1687737838,397700
1687737838,409892
1687737838,426715
1687737838,433327
1687737838,451255
1687737838,490818
1687737838,496269
1687737838,509308
1687737838,529161
1687737838,544417
1687737838,544526
1687737838,559265
1687737838,572160
1687737838,612111
1687737838,612731
1687737838,614397
1687737838,634320
1687737838,644037
1687737838,645107
1687737839,158406
1687737839,164362
1687737839,169561
1687737839,169614
1687737839,170838
1687737839,258681
1687737839,260234
1687737839,260858
1687737839,262127
1687737839,263582
1687737839,266229
1687737839,314143
1687737839,321770
1687737839,329338
1687737839,336725
1687737839,343896
1687737839,346483
1687737839,375644
1687737839,379624
1687737839,419906
1687737839,420815
1687737839,432228
1687737839,432635
1687737839,450118
1687737839,470657
1687737839,479475
1687737839,528482
1687737839,529028
1687737839,535323
1687737839,536724
1687737839,561268
1687737839,590423
1687737839,605217
1687737839,612507
1687737839,619934
1687737839,631713
1687737839,638448
1687737839,651616
1687737840,179580
1687737840,182736
1687737840,184909
1687737840,195433
1687737840,265304
1687737840,312454
1687737840,312932
1687737840,323159
1687737840,323381
1687737840,333310
1687737840,339637
1687737840,343087
1687737840,351347
1687737840,355242
1687737840,389546
1687737840,419214
1687737840,439627
1687737840,441926
1687737840,445621
1687737840,457209
1687737840,476588
1687737840,512143
1687737840,534976
1687737840,543462
1687737840,543525
1687737840,547599
1687737840,595899
1687737840,602637
1687737840,605273
1687737840,611048
1687737840,615375
1687737840,618488
1687737840,629492
1687737840,634700
1687737840,645312
1687737840,651914
1687737840,652530
1687737841,192939
1687737841,195318
1687737841,196735
1687737841,205485
1687737841,263908
1687737841,264934
1687737841,265409
1687737841,267129
1687737841,268196
1687737841,269338
1687737841,311679
1687737841,316124
1687737841,320061
1687737841,333355
1687737841,336379
1687737841,347172
1687737841,355458
1687737841,368066
1687737841,411353
1687737841,420498
1687737841,428734
1687737841,445026
1687737841,446522
1687737841,506996
1687737841,525101
1687737841,528087
1687737841,528594
1687737841,547899
1687737841,556110
1687737841,583364
1687737841,598053
1687737841,599611
1687737841,605575
1687737841,612965
1687737841,634633
1687737842,199675
1687737842,207571
1687737842,213625
1687737842,215256
1687737842,216237
1687737842,252369
1687737842,268372
1687737842,268999
1687737842,270688
1687737842,314280
1687737842,316275
1687737842,318058
1687737842,327269
1687737842,333449
1687737842,346849
1687737842,355902
1687737842,356600
1687737842,362856
1687737842,393579
1687737842,444457
1687737842,445857
1687737842,448726
1687737842,486022
1687737842,498256
1687737842,531044
1687737842,549806
1687737842,550112
1687737842,572095
1687737842,608216
1687737842,614295
1687737842,625253
1687737842,625385
1687737842,632015
1687737842,633716
1687737842,642637
1687737842,650802
1687737842,652277
1687737843,215003
1687737843,217802
1687737843,219891
1687737843,228360
1687737843,229784
1687737843,229934
1687737843,270501
1687737843,270861
1687737843,272055
1687737843,274226
1687737843,275821
1687737843,307926
1687737843,315831
1687737843,318269
1687737843,325350
1687737843,329326
1687737843,329698
1687737843,343577
1687737843,346098
1687737843,349370
1687737843,365310
1687737843,374302
1687737843,375324
1687737843,402897
1687737843,420517
1687737843,426836
1687737843,439745
1687737843,460910
1687737843,462774
1687737843,507955
1687737843,522819
1687737843,525182
1687737843,529106
1687737843,543914
1687737843,548836
1687737843,550165
1687737843,605179
1687737843,610043
1687737843,614621
1687737843,616852
1687737843,634202
1687737844,229011
1687737844,229772
1687737844,232173
1687737844,243277
1687737844,274763
1687737844,274956
1687737844,275579
1687737844,278716
1687737844,279775
1687737844,310268
1687737844,331409
1687737844,346795
1687737844,358115
1687737844,368058
1687737844,435780
1687737844,447278
1687737844,449265
1687737844,459250
1687737844,460032
1687737844,468614
1687737844,469447
1687737844,503800
1687737844,522664
1687737844,547810
1687737844,564407
1687737844,565375
1687737844,587470
1687737844,590492
1687737844,593721
1687737844,598935
1687737844,616895
1687737844,619732
1687737844,629490
1687737844,635010
1687737844,635752
1687737844,637909
1687737844,655200
1687737845,180811
1687737845,232346
1687737845,235752
1687737845,239122
1687737845,260034
1687737845,281212
1687737845,282721
1687737845,282832
1687737845,315633
1687737845,316110
1687737845,317802
1687737845,321506
1687737845,322164
1687737845,334664
1687737845,359969
1687737845,363471
1687737845,369901
1687737845,370352
1687737845,378125
1687737845,378678
1687737845,382445
1687737845,384126
1687737845,408537
1687737845,424858
1687737845,433313
1687737845,440773
1687737845,465834
1687737845,473117
1687737845,483286
1687737845,527105
1687737845,531856
1687737845,549521
1687737845,562052
1687737845,599138
1687737845,613220
1687737845,619105
1687737845,629993
1687737845,650785
1687737846,235983
1687737846,240743
1687737846,242855
1687737846,247551
1687737846,264331
1687737846,281768
1687737846,285417
1687737846,286257
1687737846,287594
1687737846,288412
1687737846,298793
1687737846,307818
1687737846,322890
1687737846,338445
1687737846,346713
1687737846,365806
1687737846,390649
1687737846,398360
1687737846,421611
1687737846,456746
1687737846,492053
1687737846,496419
1687737846,510169
1687737846,517412
1687737846,525411
1687737846,549247
1687737846,551965
1687737846,568454
1687737846,577997
1687737846,581161
1687737846,582268
1687737846,582394
1687737846,605488
1687737846,608696
1687737846,608840
1687737846,612802
1687737846,624596
1687737846,626153
1687737846,636543
1687737846,640775
1687737846,649106
1687737847,238819
1687737847,240806
1687737847,243156
1687737847,245569
1687737847,249031
1687737847,260880
1687737847,262934
1687737847,266866
1687737847,290732
1687737847,290755
1687737847,291555
1687737847,293347
1687737847,296604
1687737847,310027
1687737847,311518
1687737847,313146
1687737847,313785
1687737847,331356
1687737847,332267
1687737847,338632
1687737847,351793
1687737847,353523
1687737847,391550
1687737847,395025
1687737847,397444
1687737847,434538
1687737847,448576
1687737847,482594
1687737847,491711
1687737847,522310
1687737847,549513
1687737847,575943
1687737847,611831
1687737847,616871
1687737847,624487
1687737847,652752
1687737848,244141
1687737848,245405
1687737848,246546
1687737848,248333
1687737848,249120
1687737848,260360
1687737848,295327
1687737848,296613
1687737848,323497
1687737848,329324
1687737848,329442
1687737848,329642
1687737848,345009
1687737848,348374
1687737848,356841
1687737848,358468
1687737848,362221
1687737848,365323
1687737848,366288
1687737848,375433
1687737848,424332
1687737848,449152
1687737848,449526
1687737848,467824
1687737848,489225
1687737848,507371
1687737848,541891
1687737848,562758
1687737848,566310
1687737848,592625
1687737848,606923
1687737848,607521
1687737848,616613
1687737848,640754
1687737848,641024
1687737848,641805
1687737848,642106
1687737849,242865
1687737849,246061
1687737849,250075
1687737849,252398
1687737849,313602
1687737849,329798
1687737849,330226
1687737849,340740
1687737849,340863
1687737849,343392
1687737849,349649
1687737849,351765
1687737849,363938
1687737849,370341
1687737849,373982
1687737849,398705
1687737849,405490
1687737849,410066
1687737849,411226
1687737849,432576
1687737849,493808
1687737849,507475
1687737849,507516
1687737849,526967
1687737849,548807
1687737849,567996
1687737849,589913
1687737849,608410
1687737849,616666
1687737849,616703
1687737849,617543
1687737849,628898
1687737849,650166
1687737850,245098
1687737850,247395
1687737850,247505
1687737850,253580
1687737850,312577
1687737850,312922
1687737850,330770
1687737850,331815
1687737850,341792
1687737850,343278
1687737850,383679
1687737850,399006
1687737850,410077
1687737850,410326
1687737850,418951
1687737850,424386
1687737850,436222
1687737850,451288
1687737850,452126
1687737850,477260
1687737850,503510
1687737850,505528
1687737850,509115
1687737850,516511
1687737850,518981
1687737850,520124
1687737850,522355
1687737850,550109
1687737850,581611
1687737850,585615
1687737850,601391
1687737850,629434
1687737850,631225
1687737850,631578
1687737850,631892
1687737850,648509
1687737851,244779
1687737851,245407
1687737851,249965
1687737851,250417
1687737851,250450
1687737851,252245
1687737851,277919
1687737851,320559
1687737851,323190
1687737851,327780
1687737851,335935
1687737851,337979
1687737851,344090
1687737851,358091
1687737851,367305
1687737851,383727
1687737851,388416
1687737851,394658
1687737851,459579
1687737851,471861
1687737851,473341
1687737851,486296
1687737851,490411
1687737851,499559
1687737851,501193
1687737851,521265
1687737851,549377
1687737851,552031
1687737851,565514
1687737851,575177
1687737851,607330
1687737851,609357
1687737851,618340
1687737851,626003
1687737851,645899
1687737851,651411
1687737852,246587
1687737852,250427
1687737852,251212
1687737852,252021
1687737852,313084
1687737852,327222
1687737852,327979
1687737852,341276
1687737852,345939
1687737852,355765
1687737852,363028
1687737852,422911
1687737852,423154
1687737852,426492
1687737852,428041
1687737852,440829
1687737852,442892
1687737852,462999
1687737852,464114
1687737852,521638
1687737852,530155
1687737852,530546
1687737852,550206
1687737852,559976
1687737852,590924
1687737852,602957
1687737852,603915
1687737852,609203
1687737852,629951
1687737852,644303
1687737852,648225
1687737853,241155
1687737853,247097
1687737853,250716
1687737853,253721
1687737853,255239
1687737853,268660
1687737853,296762
1687737853,314277
1687737853,319478
1687737853,323296
1687737853,328151
1687737853,329023
1687737853,329772
1687737853,329836
1687737853,342299
1687737853,345024
1687737853,346316
1687737853,347892
1687737853,354842
1687737853,356777
1687737853,361457
1687737853,374160
1687737853,408032
1687737853,426525
1687737853,431274
1687737853,447654
1687737853,450935
1687737853,452446
1687737853,468412
1687737853,517881
1687737853,520554
1687737853,535028
1687737853,538824
1687737853,539456
1687737853,544280
1687737853,549446
1687737853,558809
1687737853,591527
1687737853,603387
1687737853,617130
1687737853,623484
1687737853,624044
1687737853,633345
1687737853,638809
1687737853,642439
1687737853,649674
1687737854,180668
1687737854,191263
1687737854,210539
1687737854,230093
1687737854,247740
1687737854,250488
1687737854,250950
1687737854,251092
1687737854,252337
1687737854,255811
1687737854,311355
1687737854,314467
1687737854,315822
1687737854,320846
1687737854,324136
1687737854,326567
1687737854,331635
1687737854,344822
1687737854,347504
1687737854,349886
1687737854,355291
1687737854,374945
1687737854,376470
1687737854,378597
1687737854,407713
1687737854,424862
1687737854,432180
1687737854,441152
1687737854,465582
1687737854,524205
1687737854,528775
1687737854,538799
1687737854,553195
1687737854,601249
1687737854,606966
1687737854,609856
1687737854,610472
1687737854,614973
1687737854,621120
1687737854,625101
1687737854,633351
1687737854,656138
1687737855,151067
1687737855,162354
1687737855,172288
1687737855,250516
1687737855,252614
1687737855,253616
1687737855,254204
1687737855,256518
1687737855,256971
1687737855,257235
1687737855,257354
1687737855,326435
1687737855,332274
1687737855,343115
1687737855,351127
1687737855,362146
1687737855,426306
1687737855,432212
1687737855,439575
1687737855,449573
1687737855,464873
1687737855,481700
1687737855,531895
1687737855,547431
1687737855,570606
1687737855,598195
1687737855,613688
1687737855,616055
1687737855,620576
1687737855,626136
1687737855,626236
1687737855,628583
1687737855,629143
1687737855,635228
1687737855,648666
1687737856,141410
1687737856,142038
1687737856,142509
1687737856,148469
1687737856,251836
1687737856,257571
1687737856,315011
1687737856,315519
1687737856,316460
1687737856,323818
1687737856,327265
1687737856,345071
1687737856,350333
1687737856,352193
1687737856,369044
1687737856,389669
1687737856,396583
1687737856,429418
1687737856,438152
1687737856,456607
1687737856,485169
1687737856,499596
1687737856,516646
1687737856,522505
1687737856,543751
1687737856,549577
1687737856,567488
1687737856,572899
1687737856,588051
1687737856,589747
1687737856,610882
1687737856,614127
1687737856,650636
1687737856,653220
1687737857,137805
1687737857,140901
1687737857,140964
1687737857,140979
1687737857,142185
1687737857,145368
1687737857,254860
1687737857,255291
1687737857,256931
1687737857,258040
1687737857,260564
1687737857,311672
1687737857,326214
1687737857,331107
1687737857,334637
1687737857,334811
1687737857,347532
1687737857,349148
1687737857,354108
1687737857,357728
1687737857,393105
1687737857,395836
1687737857,431442
1687737857,443509
1687737857,446641
1687737857,449277
1687737857,500492
1687737857,527012
1687737857,529602
1687737857,537143
1687737857,537296
1687737857,537344
1687737857,543950
1687737857,546101
1687737857,588994
1687737857,602190
1687737857,603476
1687737857,611438
1687737857,612519
1687737857,614004
1687737857,615476
1687737857,635875
1687737857,645252
1687737858,147083
1687737858,148662
1687737858,150984
1687737858,157364
1687737858,157549
1687737858,258491
1687737858,258660
1687737858,260129
1687737858,260195
1687737858,314579
1687737858,315381
1687737858,315401
1687737858,318019
1687737858,322334
1687737858,330162
1687737858,345480
1687737858,362178
1687737858,365198
1687737858,411791
1687737858,431445
1687737858,443045
1687737858,449357
1687737858,453252
1687737858,497924
1687737858,542696
1687737858,557563
1687737858,562771
1687737858,573559
1687737858,591040
1687737858,611217
1687737858,615229
1687737858,634689
1687737858,644172
1687737859,158405
1687737859,164571
1687737859,169580
1687737859,169589
1687737859,170922
1687737859,247965
1687737859,258748
1687737859,260180
1687737859,262296
1687737859,263592
1687737859,264281
1687737859,321927
1687737859,329571
1687737859,337412
1687737859,344836
1687737859,345431
1687737859,360906
1687737859,374164
1687737859,381598
1687737859,418982
1687737859,421993
1687737859,430920
1687737859,434369
1687737859,451995
1687737859,468344
1687737859,470788
1687737859,481455
1687737859,507609
1687737859,526941
1687737859,530489
1687737859,536758
1687737859,538293
1687737859,589185
1687737859,606238
1687737859,611277
1687737859,613340
1687737859,620603
1687737859,631463
1687737859,638274
1687737859,651764
1687737860,179709
1687737860,180785
1687737860,182777
1687737860,185068
1687737860,195404
1687737860,260902
1687737860,265306
1687737860,266255
1687737860,312433
1687737860,312664
1687737860,323655
1687737860,323949
1687737860,333562
1687737860,338401
1687737860,342132
1687737860,349833
1687737860,356222
1687737860,391372
1687737860,417537
1687737860,440000
1687737860,447735
1687737860,455388
1687737860,478453
1687737860,510424
1687737860,532972
1687737860,541614
1687737860,541839
1687737860,549438
1687737860,594612
1687737860,603282
1687737860,606503
1687737860,610314
1687737860,616350
1687737860,617280
1687737860,627779
1687737860,635048
1687737860,645461
1687737860,652311
1687737860,652482
1687737861,193019
1687737861,195204
1687737861,197175
1687737861,205168
1687737861,263759
1687737861,264987
1687737861,265501
1687737861,267152
1687737861,268177
1687737861,312023
1687737861,315640
1687737861,320139
1687737861,334234
1687737861,337344
1687737861,348693
1687737861,355625
1687737861,357322
1687737861,366705
1687737861,413348
1687737861,422593
1687737861,426874
1687737861,437648
1687737861,447079
1687737861,448558
1687737861,508654
1687737861,526096
1687737861,526600
1687737861,526820
1687737861,545852
1687737861,551580
1687737861,557602
1687737861,584541
1687737861,599139
1687737861,600370
1687737861,604467
1687737861,611522
1687737861,613734
1687737861,634643
1687737861,650334
1687737862,154944
1687737862,199586
1687737862,207850
1687737862,213829
1687737862,214807
1687737862,216372
1687737862,268404
1687737862,269031
1687737862,269207
1687737862,270710
1687737862,313967
1687737862,316897
1687737862,327625
1687737862,330409
1687737862,345441
1687737862,355031
1687737862,357047
1687737862,391945
1687737862,405008
1687737862,442410
1687737862,446824
1687737862,447888
1687737862,483954
1687737862,532570
1687737862,551487
1687737862,570311
1687737862,606290
1687737862,613440
1687737862,618722
1687737862,623988
1687737862,626355
1687737862,631303
1687737862,634091
1687737862,643045
1687737862,650823
1687737863,215512
1687737863,217733
1687737863,219751
1687737863,228408
1687737863,229976
1687737863,230213
1687737863,231715
1687737863,270539
1687737863,270892
1687737863,272038
1687737863,274184
1687737863,275897
1687737863,279755
1687737863,308205
1687737863,316069
1687737863,317702
1687737863,317807
1687737863,324456
1687737863,329490
1687737863,333119
1687737863,342615
1687737863,344882
1687737863,350668
1687737863,361232
1687737863,366825
1687737863,367056
1687737863,375937
1687737863,418639
1687737863,425134
1687737863,441693
1687737863,458251
1687737863,461062
1687737863,462599
1687737863,509663
1687737863,520796
1687737863,523259
1687737863,530755
1687737863,545475
1687737863,548342
1687737863,605990
1687737863,608630
1687737863,613542
1687737863,617906
1687737863,634448
1687737864,229475
1687737864,229755
1687737864,243443
1687737864,260307
1687737864,274755
1687737864,274915
1687737864,277877
1687737864,278683
1687737864,282812
1687737864,310999
1687737864,348210
1687737864,359211
1687737864,382583
1687737864,437734
1687737864,449335
1687737864,457417
1687737864,466554
1687737864,471820
1687737864,501722
1687737864,524197
1687737864,546108
1687737864,547380
1687737864,562700
1687737864,566743
1687737864,588658
1687737864,588904
1687737864,594743
1687737864,599815
1687737864,617910
1687737864,618879
1687737864,625581
1687737864,630157
1687737864,634031
1687737864,636328
1687737864,638563
1687737864,654975
1687737865,232187
1687737865,235623
1687737865,239484
1687737865,240968
1687737865,262917
1687737865,281318
1687737865,282651
1687737865,315191
1687737865,315704
1687737865,318131
1687737865,321586
1687737865,322242
1687737865,331319
1687737865,334241
1687737865,365056
1687737865,368819
1687737865,371720
1687737865,373931
1687737865,376473
1687737865,380662
1687737865,384124
1687737865,406718
1687737865,423042
1687737865,450928
1687737865,467761
1687737865,471373
1687737865,485354
1687737865,517334
1687737865,525161
1687737865,533409
1687737865,551155
1687737865,560205
1687737865,582329
1687737865,599873
1687737865,612001
1687737865,618356
1687737865,630367
1687737865,650685
1687737866,240821
1687737866,242806
1687737866,247537
1687737866,281904
1687737866,285415
1687737866,286261
1687737866,287630
1687737866,288458
1687737866,297860
1687737866,307927
1687737866,322400
1687737866,328307
1687737866,330757
1687737866,330986
1687737866,339436
1687737866,345588
1687737866,363915
1687737866,388730
1687737866,396690
1687737866,423318
1687737866,454638
1687737866,494304
1687737866,494572
1687737866,511702
1687737866,523604
1687737866,550193
1687737866,550801
1687737866,551130
1687737866,569952
1687737866,574463
1687737866,576304
1687737866,580962
1687737866,582911
1687737866,583504
1687737866,604282
1687737866,608059
1687737866,609285
1687737866,625692
1687737866,637397
1687737866,640724
1687737866,642146
1687737866,648121
1687737867,236111
1687737867,238880
1687737867,240583
1687737867,243524
1687737867,245531
1687737867,248966
1687737867,260703
1687737867,267656
1687737867,290769
1687737867,290810
1687737867,291451
1687737867,293401
1687737867,296644
1687737867,312396
1687737867,313000
1687737867,314060
1687737867,332738
1687737867,339126
1687737867,350513
1687737867,354860
1687737867,362572
1687737867,393461
1687737867,397172
1687737867,432601
1687737867,480488
1687737867,490157
1687737867,520344
1687737867,610557
1687737867,617971
1687737867,624612
1687737867,625144
1687737867,652631
1687737868,243819
1687737868,245652
1687737868,246645
1687737868,248218
1687737868,249359
1687737868,252311
1687737868,295284
1687737868,296683
1687737868,309816
1687737868,324064
1687737868,328750
1687737868,329480
1687737868,330531
1687737868,343994
1687737868,347820
1687737868,359693
1687737868,365169
1687737868,366100
1687737868,374933
1687737868,395720
1687737868,407399
1687737868,422740
1687737868,450580
1687737868,451179
1687737868,451660
1687737868,465730
1687737868,491107
1687737868,509334
1687737868,543499
1687737868,560821
1687737868,567843
1687737868,594090
1687737868,607657
1687737868,617499
1687737868,639537
1687737868,640404
1687737868,641856
1687737868,643124
1687737869,242797
1687737869,245942
1687737869,250324
1687737869,313385
1687737869,329994
1687737869,339578
1687737869,341345
1687737869,343401
1687737869,349997
1687737869,350429
1687737869,361041
1687737869,364290
1687737869,370764
1687737869,372236
1687737869,399821
1687737869,408287
1687737869,413582
1687737869,430711
1687737869,495378
1687737869,506617
1687737869,509265
1687737869,525134
1687737869,550441
1687737869,569290
1687737869,588604
1687737869,606304
1687737869,606865
1687737869,617377
1687737869,617793
1687737869,628601
1687737869,650076
1687737869,652501
1687737870,245221
1687737870,247406
1687737870,247493
1687737870,250413
1687737870,253458
1687737870,312232
1687737870,313050
1687737870,331519
1687737870,332766
1687737870,340456
1687737870,341982
1687737870,385610
1687737870,412039
1687737870,412234
1687737870,417068
1687737870,422438
1687737870,436635
1687737870,452380
1687737870,453418
1687737870,478002
1687737870,503679
1687737870,507052
1687737870,507360
1687737870,516705
1687737870,519004
1687737870,520394
1687737870,522116
1687737870,551697
1687737870,582866
1687737870,586895
1687737870,602394
1687737870,619191
1687737870,628515
1687737870,630288
1687737870,630473
1687737870,632520
1687737870,648984
1687737871,244624
1687737871,245499
1687737871,249817
1687737871,250651
1687737871,275705
1687737871,315798
1687737871,321131
1687737871,322547
1687737871,327648
1687737871,344499
1687737871,365491
1687737871,382065
1687737871,393082
1687737871,425955
1687737871,457328
1687737871,469922
1687737871,475179
1687737871,484471
1687737871,501088
1687737871,521290
1687737871,547464
1687737871,553539
1687737871,563751
1687737871,573536
1687737871,605991
1687737871,609950
1687737871,626904
1687737871,651372
1687737872,246403
1687737872,250560
1687737872,251251
1687737872,252123
1687737872,313358
1687737872,326356
1687737872,328207
1687737872,342442
1687737872,344731
1687737872,354456
1687737872,364719
1687737872,421240
1687737872,425033
1687737872,429961
1687737872,438933
1687737872,442514
1687737872,465022
1687737872,470204
1687737872,519824
1687737872,528703
1687737872,532022
1687737872,551782
1687737872,602085
1687737872,609874
1687737872,629646
1687737872,648273
1687737873,247223
1687737873,250674
1687737873,253558
1687737873,255346
1687737873,268106
1687737873,296192
1687737873,314535
1687737873,319227
1687737873,322882
1687737873,328900
1687737873,330586
1687737873,341721
1687737873,345059
1687737873,348714
1687737873,355118
1687737873,356093
1687737873,363146
1687737873,407572
1687737873,424736
1687737873,445918
1687737873,453035
1687737873,454104
1687737873,466530
1687737873,505849
1687737873,516072
1687737873,522171
1687737873,536458
1687737873,542703
1687737873,551052
1687737873,557119
1687737873,592617
1687737873,602087
1687737873,610715
1687737873,618249
1687737873,622593
1687737873,622705
1687737873,634009
1687737873,638629
1687737873,649553
1687737874,180474
1687737874,190984
1687737874,210069
1687737874,229747
1687737874,247396
1687737874,250370
1687737874,250954
1687737874,251172
1687737874,252457
1687737874,255680
1687737874,311535
1687737874,314424
1687737874,316126
1687737874,320140
1687737874,323619
1687737874,326914
1687737874,343750
1687737874,351367
1687737874,374824
1687737874,376952
1687737874,409679
1687737874,423383
1687737874,434273
1687737874,443152
1687737874,463729
1687737874,522070
1687737874,540580
1687737874,551564
1687737874,583792
1687737874,602155
1687737874,605598
1687737874,614028
1687737874,633425
1687737874,644823
1687737874,650465
1687737875,150918
1687737875,154874
1687737875,162163
1687737875,172085
1687737875,247703
1687737875,250479
1687737875,252831
1687737875,253492
1687737875,254131
1687737875,256692
1687737875,256970
1687737875,257191
1687737875,257452
1687737875,344550
1687737875,356440
1687737875,433984
1687737875,437400
1687737875,451730
1687737875,479906
1687737875,533535
1687737875,536987
1687737875,549087
1687737875,568756
1687737875,599073
1687737875,614728
1687737875,614902
1687737875,619266
1687737875,626553
1687737875,627095
1687737875,628436
1687737875,629659
1687737875,635615
1687737875,648591
1687737876,137751
1687737876,140931
1687737876,141390
1687737876,142081
1687737876,142427
1687737876,148334
1687737876,251836
1687737876,257568
1687737876,315332
1687737876,315803
1687737876,315904
1687737876,324193
1687737876,325775
1687737876,327379
1687737876,343777
1687737876,351433
1687737876,353740
1687737876,367457
1687737876,387913
1687737876,395165
1687737876,427386
1687737876,440268
1687737876,483302
1687737876,497573
1687737876,518324
1687737876,520326
1687737876,545366
1687737876,571355
1687737876,585932
1687737876,589675
1687737876,590955
1687737876,609540
1687737876,615028
1687737876,624936
1687737876,650931
1687737876,652900
1687737877,140833
1687737877,141045
1687737877,142288
1687737877,145449
1687737877,255018
1687737877,255246
1687737877,256720
1687737877,258041
1687737877,260596
1687737877,326316
1687737877,329832
1687737877,330385
1687737877,334341
1687737877,334736
1687737877,346073
1687737877,350395
1687737877,355243
1687737877,359183
1687737877,359385
1687737877,394013
1687737877,395089
1687737877,429583
1687737877,445716
1687737877,448511
1687737877,451081
1687737877,490031
1687737877,502732
1687737877,524908
1687737877,527718
1687737877,535526
1687737877,538603
1687737877,538787
1687737877,545625
1687737877,547770
1687737877,590294
1687737877,602904
1687737877,604115
1687737877,611393
1687737877,612610
1687737877,614072
1687737877,636000
1687737877,645314
1687737877,645559
1687737878,147103
1687737878,148632
1687737878,151038
1687737878,157335
1687737878,157681
1687737878,252225
1687737878,258505
1687737878,258707
1687737878,260033
1687737878,260223
1687737878,314839
1687737878,317721
1687737878,322109
1687737878,322924
1687737878,331190
1687737878,344196
1687737878,345842
1687737878,360860
1687737878,362664
1687737878,363933
1687737878,413686
1687737878,429590
1687737878,445332
1687737878,447447
1687737878,451600
1687737878,499571
1687737878,540861
1687737878,555845
1687737878,574936
1687737878,604816
1687737878,610326
1687737878,616056
1687737878,635064
1687737878,651878
1687737879,158408
1687737879,164761
1687737879,169542
1687737879,169605
1687737879,171008
1687737879,180762
1687737879,258833
1687737879,260102
1687737879,260248
1687737879,262471
1687737879,262894
1687737879,263607
1687737879,264217
1687737879,315002
1687737879,329835
1687737879,338130
1687737879,344438
1687737879,372675
1687737879,383590
1687737879,417177
1687737879,424092
1687737879,429186
1687737879,436481
1687737879,453883
1687737879,466021
1687737879,483435
1687737879,505901
1687737879,524844
1687737879,532485
1687737879,538213
1687737879,539848
1687737879,564267
1687737879,587892
1687737879,607275
1687737879,609801
1687737879,614217
1687737879,621335
1687737879,631157
1687737879,638066
1687737880,179848
1687737880,182809
1687737880,185231
1687737880,195371
1687737880,260946
1687737880,265308
1687737880,265580
1687737880,312406
1687737880,312438
1687737880,323970
1687737880,324726
1687737880,333806
1687737880,337218
1687737880,341202
1687737880,348413
1687737880,357257
1687737880,393181
1687737880,435707
1687737880,438121
1687737880,449882
1687737880,453550
1687737880,480309
1687737880,508728
1687737880,530994
1687737880,539685
1687737880,540236
1687737880,551232
1687737880,593306
1687737880,603907
1687737880,607703
1687737880,609562
1687737880,616068
1687737880,617337
1687737880,625990
1687737880,635347
1687737880,645563
1687737880,652391
1687737880,652662
1687737881,193094
1687737881,195089
1687737881,197636
1687737881,204865
1687737881,263615
1687737881,265036
1687737881,267181
1687737881,268139
1687737881,269050
1687737881,312371
1687737881,315197
1687737881,335124
1687737881,338359
1687737881,350241
1687737881,354446
1687737881,359188
1687737881,365382
1687737881,415358
1687737881,424681
1687737881,425024
1687737881,449159
1687737881,450565
1687737881,510288
1687737881,517274
1687737881,524050
1687737881,524633
1687737881,528522
1687737881,543795
1687737881,553008
1687737881,559093
1687737881,585709
1687737881,600210
1687737881,601091
1687737881,603334
1687737881,610183
1687737881,614510
1687737881,634649
1687737882,199515
1687737882,208120
1687737882,214051
1687737882,214362
1687737882,216506
1687737882,268432
1687737882,269073
1687737882,270733
1687737882,313652
1687737882,317479
1687737882,327989
1687737882,344077
1687737882,349492
1687737882,353482
1687737882,358240
1687737882,359627
1687737882,390289
1687737882,407126
1687737882,416785
1687737882,440319
1687737882,444939
1687737882,449939
1687737882,481877
1687737882,518772
1687737882,534052
1687737882,547725
1687737882,553165
1687737882,568532
1687737882,604403
1687737882,612635
1687737882,619830
1687737882,622733
1687737882,627291
1687737882,630548
1687737882,634417
1687737882,643454
1687737882,650831
1687737882,652723
1687737883,216031
1687737883,217699
1687737883,219651
1687737883,228433
1687737883,230127
1687737883,230519
1687737883,231267
1687737883,270595
1687737883,270932
1687737883,272030
1687737883,274164
1687737883,275981
1687737883,308538
1687737883,316323
1687737883,317191
1687737883,317564
1687737883,323574
1687737883,329683
1687737883,331123
1687737883,332780
1687737883,341749
1687737883,343728
1687737883,365575
1687737883,368840
1687737883,372556
1687737883,377561
1687737883,423455
1687737883,443659
1687737883,454698
1687737883,456429
1687737883,459322
1687737883,464264
1687737883,511324
1687737883,521393
1687737883,532388
1687737883,546503
1687737883,547043
1687737883,606782
1687737883,607203
1687737883,612472
1687737883,618985
1687737883,634647
1687737884,229752
1687737884,229912
1687737884,243553
1687737884,274742
1687737884,274902
1687737884,275824
1687737884,277837
1687737884,278642
1687737884,279736
1687737884,282800
1687737884,311767
1687737884,314768
1687737884,349694
1687737884,360353
1687737884,439698
1687737884,451421
1687737884,455562
1687737884,464494
1687737884,474171
1687737884,499555
1687737884,525741
1687737884,544402
1687737884,545911
1687737884,560986
1687737884,568127
1687737884,587305
1687737884,589813
1687737884,595723
1687737884,600648
1687737884,617990
1687737884,618901
1687737884,630836
1687737884,633031
1687737884,636896
1687737884,639165
1687737884,654722
1687737885,232056
1687737885,235475
1687737885,236233
1687737885,239840
1687737885,240772
1687737885,281421
1687737885,282583
1687737885,315323
1687737885,318500
1687737885,321030
1687737885,322985
1687737885,331251
1687737885,333882
1687737885,366642
1687737885,367297
1687737885,373536
1687737885,374289
1687737885,374829
1687737885,381040
1687737885,382695
1687737885,385861
1687737885,404858
1687737885,421244
1687737885,452564
1687737885,469632
1687737885,469685
1687737885,487393
1687737885,508369
1687737885,523197
1687737885,534961
1687737885,552800
1687737885,558341
1687737885,600616
1687737885,610771
1687737885,617567
1687737885,630715
1687737885,650562
1687737886,240876
1687737886,242760
1687737886,247520
1687737886,282021
1687737886,285420
1687737886,286265
1687737886,287649
1687737886,288510
1687737886,290882
1687737886,296961
1687737886,308071
1687737886,321944
1687737886,328515
1687737886,329890
1687737886,340473
1687737886,344522
1687737886,362037
1687737886,362142
1687737886,386802
1687737886,395059
1687737886,425049
1687737886,452517
1687737886,492738
1687737886,496478
1687737886,513231
1687737886,521826
1687737886,548444
1687737886,552365
1687737886,571415
1687737886,572941
1687737886,574586
1687737886,579553
1687737886,584627
1687737886,584732
1687737886,603061
1687737886,607285
1687737886,609855
1687737886,612900
1687737886,619085
1687737886,626785
1687737886,638239
1687737886,640645
1687737886,641781
1687737886,643185
1687737886,647124
1687737887,238952
1687737887,240347
1687737887,243882
1687737887,245506
1687737887,248868
1687737887,260565
1687737887,268463
1687737887,290782
1687737887,291374
1687737887,293466
1687737887,296679
1687737887,311594
1687737887,312895
1687737887,313203
1687737887,314358
1687737887,324657
1687737887,328067
1687737887,330643
1687737887,339546
1687737887,349302
1687737887,356209
1687737887,362907
1687737887,394005
1687737887,395327
1687737887,399394
1687737887,415850
1687737887,430687
1687737887,478381
1687737887,488580
1687737887,518429
1687737887,609243
1687737887,624098
1687737887,625740
1687737887,652477
1687737888,243512
1687737888,245818
1687737888,245874
1687737888,246725
1687737888,248096
1687737888,249580
1687737888,252190
1687737888,295256
1687737888,296748
1687737888,309637
1687737888,329643
1687737888,331422
1687737888,343026
1687737888,347299
1687737888,350386
1687737888,360962
1687737888,365002
1687737888,365895
1687737888,374413
1687737888,409305
1687737888,421182
1687737888,453186
1687737888,453774
1687737888,463655
1687737888,492974
1687737888,511277
1687737888,545133
1687737888,558887
1687737888,569404
1687737888,595495
1687737888,608368
1687737888,618394
1687737888,638277
1687737888,639754
1687737888,641872
1687737888,644135
1687737889,250592
1687737889,313197
1687737889,329782
1687737889,338416
1687737889,341821
1687737889,343432
1687737889,349142
1687737889,364676
1687737889,370526
1687737889,371199
1687737889,400927
1687737889,406597
1687737889,415943
1687737889,428833
1687737889,496942
1687737889,504176
1687737889,511049
1687737889,523266
1687737889,552097
1687737889,570576
1687737889,587320
1687737889,588263
1687737889,605111
1687737889,605289
1687737889,618088
1687737889,618910
1687737889,628330
1687737889,649980
1687737890,245360
1687737890,247403
1687737890,247461
1687737890,247499
1687737890,253331
1687737890,311873
1687737890,313191
1687737890,320242
1687737890,329866
1687737890,332318
1687737890,333747
1687737890,339130
1687737890,340725
1687737890,351968
1687737890,360319
1687737890,414021
1687737890,414159
1687737890,415162
1687737890,420455
1687737890,437018
1687737890,452627
1687737890,455575
1687737890,478748
1687737890,503813
1687737890,505627
1687737890,508591
1687737890,516909
1687737890,518401
1687737890,519034
1687737890,524097
1687737890,553305
1687737890,584123
1687737890,588132
1687737890,603378
1687737890,620060
1687737890,627599
1687737890,628961
1687737890,629704
1687737890,633141
1687737890,649380
1687737890,651317
1687737891,244487
1687737891,245588
1687737891,249681
1687737891,250413
1687737891,250864
1687737891,252202
1687737891,266279
1687737891,316245
1687737891,321720
1687737891,321924
1687737891,327577
1687737891,344928
1687737891,363704
1687737891,380422
1687737891,391517
1687737891,455037
1687737891,467970
1687737891,477044
1687737891,482681
1687737891,489638
1687737891,500968
1687737891,518029
1687737891,521313
1687737891,545586
1687737891,555067
1687737891,561995
1687737891,571930
1687737891,604683
1687737891,610568
1687737891,627825
1687737892,246194
1687737892,250701
1687737892,251309
1687737892,252217
1687737892,313665
1687737892,325523
1687737892,328447
1687737892,343525
1687737892,343635
1687737892,353173
1687737892,366440
1687737892,373641
1687737892,407102
1687737892,419294
1687737892,425436
1687737892,427155
1687737892,431895
1687737892,437016
1687737892,442146
1687737892,467049
1687737892,469599
1687737892,526881
1687737892,533907
1687737892,553395
1687737892,601214
1687737892,605701
1687737892,610526
1687737892,629349
1687737893,247346
1687737893,250636
1687737893,253387
1687737893,255449
1687737893,267540
1687737893,295644
1687737893,314824
1687737893,318958
1687737893,322462
1687737893,328815
1687737893,331434
1687737893,341164
1687737893,343861
1687737893,349582
1687737893,353500
1687737893,357353
1687737893,364876
1687737893,423004
1687737893,444197
1687737893,455104
1687737893,455760
1687737893,464643
1687737893,514308
1687737893,523788
1687737893,537869
1687737893,541098
1687737893,552635
1687737893,555403
1687737893,593712
1687737893,600828
1687737893,611558
1687737893,619352
1687737893,621904
1687737893,634655
1687737893,638442
1687737893,648315
1687737893,649420
1687737894,180312
1687737894,190674
1687737894,209598
1687737894,229401
1687737894,247074
1687737894,250963
1687737894,251287
1687737894,252563
1687737894,255536
1687737894,314406
1687737894,316429
1687737894,319467
1687737894,327265
1687737894,333287
1687737894,342680
1687737894,352911
1687737894,373184
1687737894,375357
1687737894,411671
1687737894,421936
1687737894,436372
1687737894,445142
1687737894,461810
1687737894,510148
1687737894,519945
1687737894,542325
1687737894,549916
1687737894,585221
1687737894,603018
1687737894,604259
1687737894,613047
1687737894,633413
1687737894,650609
1687737895,150763
1687737895,154819
1687737895,161965
1687737895,171873
1687737895,250443
1687737895,253012
1687737895,253383
1687737895,254044
1687737895,256868
1687737895,256976
1687737895,257141
1687737895,346041
1687737895,347943
1687737895,357609
1687737895,435243
1687737895,435732
1687737895,453895
1687737895,478111
1687737895,535131
1687737895,535167
1687737895,545881
1687737895,550714
1687737895,566874
1687737895,599911
1687737895,613778
1687737895,615785
1687737895,617961
1687737895,627963
1687737895,635968
1687737895,648475
1687737896,140682
1687737896,141114
1687737896,141370
1687737896,142152
1687737896,142355
1687737896,148179
1687737896,242747
1687737896,251851
1687737896,257547
1687737896,257569
1687737896,315185
1687737896,315650
1687737896,316317
1687737896,324583
1687737896,325143
1687737896,327510
1687737896,342519
1687737896,352551
1687737896,355294
1687737896,365942
1687737896,386190
1687737896,425366
1687737896,442370
1687737896,452790
1687737896,481443
1687737896,518098
1687737896,519959
1687737896,546955
1687737896,569775
1687737896,592116
1687737896,608214
1687737896,615919
1687737896,624248
1687737896,651189
1687737897,137714
1687737897,140948
1687737897,142396
1687737897,145539
1687737897,255166
1687737897,255221
1687737897,256536
1687737897,258048
1687737897,260632
1687737897,326458
1687737897,329684
1687737897,344654
1687737897,351735
1687737897,356410
1687737897,361063
1687737897,392223
1687737897,415577
1687737897,427748
1687737897,447930
1687737897,450380
1687737897,452901
1687737897,525856
1687737897,533760
1687737897,540050
1687737897,540162
1687737897,547288
1687737897,552775
1687737897,603562
1687737897,604711
1687737897,610243
1687737897,612630
1687737897,613792
1687737897,627721
1687737897,636114
1687737897,645385
1687737898,147134
1687737898,148606
1687737898,151097
1687737898,157309
1687737898,157848
1687737898,258521
1687737898,258742
1687737898,259892
1687737898,260310
1687737898,314317
1687737898,317418
1687737898,322340
1687737898,323533
1687737898,332260
1687737898,342982
1687737898,346905
1687737898,359541
1687737898,362695
1687737898,364432
1687737898,427786
1687737898,438598
1687737898,445547
1687737898,447639
1687737898,449903
1687737898,501195
1687737898,522785
1687737898,522801
1687737898,576308
1687737898,609417
1687737898,616883
1687737898,635437
1687737899,158415
1687737899,164917
1687737899,169492
1687737899,169616
1687737899,171110
1687737899,258916
1687737899,260042
1687737899,260193
1687737899,262632
1687737899,262874
1687737899,263622
1687737899,264152
1687737899,315427
1687737899,343467
1687737899,385608
1687737899,415395
1687737899,427469
1687737899,452622
1687737899,455769
1687737899,485366
1687737899,504216
1687737899,517214
1687737899,539708
1687737899,541370
1687737899,565751
1687737899,586579
1687737899,608320
1687737899,608368
1687737899,615115
1687737899,622026
1687737899,630838
1687737899,637803
1687737900,179981
1687737900,180756
1687737900,182832
1687737900,185410
1687737900,195327
1687737900,250273
1687737900,260966
1687737900,266300
1687737900,312153
1687737900,312448
1687737900,320365
1687737900,324327
1687737900,325485
1687737900,333996
1687737900,336081
1687737900,340291
1687737900,347074
1687737900,358352
1687737900,394996
1687737900,433799
1687737900,451675
1687737900,452045
1687737900,482166
1687737900,507055
1687737900,529056
1687737900,537813
1687737900,552999
1687737900,591995
1687737900,604524
1687737900,608775
1687737900,614873
1687737900,618334
1687737900,635589
1687737900,645638
1687737900,652264
1687737901,193169
1687737901,194962
1687737901,198127
1687737901,204571
1687737901,263497
1687737901,265080
1687737901,265666
1687737901,267211
1687737901,268106
1687737901,312733
1687737901,314785
1687737901,336074
1687737901,339393
1687737901,351812
1687737901,361055
1687737901,364053
1687737901,417358
1687737901,423193
1687737901,426814
1687737901,452556
1687737901,511921
1687737901,522021
1687737901,522676
1687737901,530208
1687737901,554401
1687737901,560589
1687737901,586847
1687737901,601270
1687737901,601812
1687737901,602202
1687737901,608843
1687737901,615247
1687737901,634648
1687737902,199450
1687737902,208399
1687737902,213925
1687737902,214271
1687737902,216628
1687737902,268457
1687737902,268946
1687737902,269060
1687737902,270763
1687737902,311745
1687737902,313343
1687737902,318069
1687737902,323092
1687737902,328363
1687737902,342752
1687737902,351968
1687737902,358029
1687737902,359463
1687737902,388621
1687737902,414965
1687737902,438224
1687737902,443073
1687737902,452034
1687737902,479815
1687737902,516769
1687737902,535487
1687737902,541770
1687737902,554823
1687737902,566751
1687737902,602515
1687737902,611894
1687737902,620912
1687737902,621449
1687737902,628183
1687737902,634682
1687737902,643847
1687737902,650829
1687737902,652931
1687737903,216545
1687737903,217679
1687737903,219578
1687737903,228432
1687737903,230232
1687737903,230830
1687737903,270653
1687737903,270993
1687737903,272029
1687737903,274134
1687737903,276052
1687737903,308932
1687737903,316545
1687737903,316695
1687737903,317343
1687737903,322723
1687737903,329895
1687737903,332435
1687737903,342616
1687737903,353317
1687737903,370643
1687737903,371191
1687737903,379210
1687737903,421797
1687737903,445622
1687737903,454620
1687737903,457533
1687737903,465942
1687737903,512970
1687737903,519515
1687737903,534022
1687737903,544690
1687737903,548606
1687737903,605791
1687737903,607562
1687737903,611391
1687737903,611782
1687737903,620080
1687737903,626939
1687737903,634800
1687737904,229756
1687737904,230345
1687737904,230819
1687737904,243625
1687737904,274725
1687737904,274898
1687737904,275948
1687737904,277813
1687737904,278600
1687737904,279704
1687737904,281522
1687737904,312560
1687737904,351249
1687737904,361557
1687737904,364308
1687737904,441654
1687737904,453532
1687737904,453657
1687737904,462435
1687737904,476529
1687737904,497278
1687737904,527311
1687737904,542664
1687737904,544408
1687737904,559262
1687737904,569525
1687737904,585674
1687737904,590950
1687737904,596646
1687737904,601437
1687737904,617076
1687737904,619935
1687737904,631541
1687737904,631995
1687737904,637416
1687737904,639747
1687737904,654427
1687737905,231965
1687737905,235321
1687737905,236357
1687737905,240215
1687737905,240566
1687737905,265313
1687737905,282511
1687737905,282766
1687737905,286268
1687737905,311513
1687737905,314351
1687737905,315000
1687737905,318899
1687737905,320490
1687737905,323742
1687737905,331199
1687737905,333609
1687737905,365779
1687737905,368227
1687737905,373162
1687737905,375355
1687737905,379505
1687737905,384775
1687737905,387531
1687737905,387644
1687737905,402980
1687737905,419492
1687737905,454218
1687737905,467862
1687737905,471606
1687737905,489386
1687737905,521217
1687737905,536523
1687737905,549430
1687737905,554426
1687737905,556479
1687737905,601324
1687737905,609510
1687737905,616747
1687737905,631056
1687737905,650408
1687737905,651988
1687737906,240920
1687737906,247506
1687737906,282126
1687737906,285425
1687737906,287686
1687737906,288561
1687737906,296097
1687737906,308249
1687737906,321522
1687737906,328730
1687737906,329061
1687737906,341544
1687737906,343516
1687737906,360180
1687737906,363265
1687737906,384849
1687737906,426797
1687737906,450416
1687737906,454690
1687737906,490917
1687737906,498592
1687737906,514769
1687737906,520122
1687737906,546716
1687737906,553891
1687737906,554380
1687737906,572798
1687737906,572852
1687737906,578183
1687737906,585935
1687737906,586268
1687737906,601846
1687737906,606552
1687737906,610410
1687737906,627848
1687737906,639093
1687737906,640548
1687737906,641353
1687737906,646094
1687737906,652288
1687737907,239035
1687737907,240103
1687737907,244242
1687737907,245483
1687737907,248750
1687737907,260476
1687737907,269264
1687737907,290778
1687737907,290974
1687737907,291291
1687737907,293525
1687737907,296697
1687737907,309454
1687737907,312824
1687737907,313915
1687737907,314679
1687737907,325288
1687737907,330352
1687737907,332331
1687737907,333927
1687737907,339886
1687737907,348116
1687737907,357583
1687737907,363242
1687737907,393442
1687737907,397171
1687737907,401639
1687737907,414191
1687737907,428771
1687737907,476248
1687737907,486975
1687737907,516584
1687737907,607888
1687737907,621141
1687737907,623532
1687737907,626287
1687737907,629768
1687737907,641850
1687737908,243258
1687737908,246074
1687737908,246794
1687737908,247960
1687737908,249761
1687737908,250873
1687737908,252063
1687737908,295235
1687737908,296789
1687737908,327390
1687737908,329831
1687737908,342082
1687737908,346829
1687737908,362248
1687737908,364869
1687737908,365673
1687737908,373907
1687737908,411213
1687737908,419625
1687737908,455203
1687737908,455868
1687737908,461577
1687737908,494829
1687737908,513199
1687737908,546775
1687737908,556933
1687737908,570957
1687737908,596850
1687737908,609072
1687737908,619283
1687737908,636987
1687737908,639062
1687737908,645090
1687737909,242717
1687737909,247225
1687737909,313047
1687737909,329593
1687737909,337279
1687737909,342329
1687737909,343466
1687737909,347904
1687737909,350803
1687737909,365069
1687737909,368838
1687737909,371612
1687737909,402043
1687737909,404950
1687737909,418311
1687737909,426977
1687737909,498516
1687737909,502502
1687737909,512826
1687737909,521419
1687737909,553754
1687737909,571848
1687737909,586039
1687737909,586773
1687737909,603672
1687737909,603911
1687737909,618790
1687737909,620028
1687737909,628077
1687737909,649848
1687737910,245517
1687737910,247401
1687737910,247532
1687737910,253206
1687737910,311545
1687737910,329903
1687737910,331878
1687737910,333150
1687737910,334765
1687737910,337846
1687737910,339530
1687737910,361477
1687737910,409309
1687737910,413257
1687737910,416009
1687737910,416087
1687737910,418489
1687737910,437363
1687737910,452897
1687737910,457771
1687737910,479491
1687737910,503938
1687737910,503968
1687737910,510129
1687737910,516408
1687737910,517139
1687737910,519069
1687737910,526046
1687737910,554890
1687737910,585322
1687737910,589312
1687737910,604281
1687737910,626663
1687737910,627605
1687737910,628894
1687737910,633737
1687737910,649758
1687737911,244348
1687737911,245687
1687737911,249526
1687737911,250417
1687737911,251071
1687737911,252166
1687737911,316713
1687737911,321370
1687737911,322295
1687737911,327545
1687737911,345395
1687737911,361952
1687737911,378794
1687737911,389453
1687737911,389969
1687737911,433855
1687737911,452757
1687737911,466036
1687737911,478906
1687737911,480893
1687737911,489236
1687737911,500841
1687737911,517113
1687737911,521335
1687737911,543740
1687737911,556575
1687737911,560238
1687737911,570298
1687737911,603427
1687737911,611190
1687737911,620935
1687737911,628716
1687737911,651229
1687737912,246006
1687737912,250848
1687737912,251377
1687737912,252303
1687737912,313968
1687737912,324718
1687737912,328650
1687737912,342375
1687737912,344878
1687737912,351929
1687737912,368183
1687737912,417322
1687737912,429309
1687737912,435104
1687737912,441804
1687737912,468955
1687737912,516251
1687737912,525083
1687737912,535782
1687737912,539017
1687737912,554986
1687737912,600305
1687737912,606611
1687737912,611198
1687737912,629120
1687737912,648386
1687737913,242717
1687737913,247479
1687737913,250173
1687737913,250579
1687737913,253170
1687737913,255550
1687737913,266961
1687737913,295130
1687737913,315154
1687737913,318674
1687737913,322046
1687737913,328765
1687737913,332339
1687737913,340627
1687737913,342711
1687737913,350501
1687737913,351919
1687737913,358641
1687737913,366623
1687737913,406637
1687737913,421286
1687737913,442487
1687737913,457191
1687737913,457430
1687737913,462756
1687737913,512538
1687737913,525364
1687737913,539314
1687737913,553706
1687737913,554214
1687737913,594765
1687737913,599558
1687737913,612408
1687737913,620215
1687737913,620441
1687737913,621047
1687737913,635276
1687737913,638204
1687737913,649254
1687737914,180172
1687737914,190315
1687737914,209114
1687737914,229080
1687737914,246737
1687737914,250976
1687737914,251399
1687737914,252651
1687737914,255397
1687737914,314420
1687737914,316762
1687737914,318815
1687737914,327615
1687737914,341644
1687737914,354526
1687737914,371584
1687737914,373000
1687737914,373795
1687737914,392300
1687737914,413681
1687737914,420509
1687737914,433077
1687737914,438500
1687737914,447136
1687737914,511910
1687737914,517837
1687737914,544057
1687737914,548267
1687737914,571378
1687737914,586606
1687737914,602957
1687737914,603820
1687737914,612079
1687737914,616643
1687737914,633359
1687737914,650748
1687737915,150612
1687737915,154785
1687737915,161774
1687737915,171684
1687737915,250423
1687737915,253194
1687737915,253257
1687737915,253958
1687737915,256987
1687737915,257022
1687737915,257078
1687737915,311954
1687737915,322580
1687737915,346469
1687737915,347535
1687737915,364463
1687737915,437464
1687737915,456068
1687737915,459875
1687737915,533226
1687737915,536758
1687737915,544021
1687737915,552324
1687737915,564962
1687737915,593226
1687737915,600700
1687737915,612678
1687737915,616877
1687737915,627003
1687737915,628801
1687737915,636303
1687737915,648310
1687737916,141354
1687737916,142239
1687737916,142283
1687737916,148019
1687737916,245707
1687737916,251873
1687737916,257579
1687737916,257616
1687737916,313349
1687737916,314623
1687737916,315962
1687737916,316704
1687737916,324536
1687737916,324980
1687737916,327667
1687737916,341292
1687737916,353687
1687737916,356887
1687737916,384491
1687737916,423315
1687737916,444481
1687737916,450926
1687737916,479564
1687737916,515905
1687737916,521560
1687737916,548522
1687737916,568181
1687737916,606895
1687737916,616783
1687737916,623515
1687737916,627346
1687737916,651433
1687737917,140543
1687737917,142508
1687737917,145653
1687737917,255212
1687737917,255316
1687737917,256357
1687737917,258066
1687737917,260666
1687737917,326669
1687737917,329017
1687737917,343271
1687737917,353159
1687737917,362770
1687737917,390476
1687737917,425957
1687737917,450150
1687737917,452257
1687737917,454747
1687737917,523999
1687737917,531989
1687737917,541511
1687737917,541540
1687737917,548943
1687737917,604222
1687737917,605287
1687737917,609124
1687737917,611171
1687737917,614997
1687737917,636207
1687737917,645452
1687737918,147170
1687737918,148579
1687737918,151162
1687737918,157287
1687737918,158018
1687737918,258547
1687737918,258765
1687737918,259741
1687737918,260427
1687737918,311436
1687737918,313814
1687737918,317099
1687737918,322580
1687737918,324167
1687737918,333363
1687737918,341813
1687737918,348008
1687737918,357607
1687737918,358204
1687737918,361363
1687737918,366212
1687737918,417451
1687737918,425741
1687737918,426024
1687737918,440701
1687737918,443632
1687737918,448166
1687737918,449926
1687737918,487270
1687737918,502818
1687737918,520683
1687737918,520695
1687737918,537125
1687737918,542883
1687737918,551105
1687737918,577702
1687737918,608487
1687737918,610626
1687737918,617663
1687737918,635770
1687737918,652084
1687737919,158421
1687737919,165068
1687737919,169439
1687737919,169634
1687737919,171208
1687737919,259003
1687737919,259987
1687737919,260143
1687737919,262814
1687737919,262858
1687737919,263632
1687737919,264094
1687737919,315825
1687737919,342501
1687737919,387640
1687737919,412529
1687737919,413616
1687737919,457673
1687737919,502487
1687737919,505393
1687737919,541221
1687737919,567212
1687737919,585251
1687737919,606946
1687737919,609398
1687737919,616024
1687737919,622693
1687737919,630509
1687737919,637483
1687737920,180095
1687737920,180759
1687737920,182844
1687737920,185568
1687737920,195244
1687737920,260996
1687737920,266307
1687737920,311927
1687737920,312460
1687737920,320489
1687737920,324698
1687737920,326272
1687737920,335004
1687737920,339407
1687737920,345834
1687737920,359466
1687737920,396830
1687737920,431899
1687737920,449786
1687737920,454180
1687737920,484026
1687737920,527151
1687737920,535951
1687737920,554735
1687737920,590661
1687737920,601059
1687737920,605153
1687737920,607972
1687737920,613718
1687737920,619353
1687737920,635749
1687737920,645691
1687737920,652107
1687737921,193255
1687737921,198652
1687737921,204281
1687737921,263390
1687737921,265111
1687737921,267241
1687737921,268068
1687737921,313102
1687737921,314424
1687737921,337054
1687737921,340473
1687737921,358762
1687737921,362713
1687737921,362947
1687737921,386940
1687737921,419348
1687737921,421356
1687737921,428968
1687737921,454550
1687737921,513563
1687737921,519984
1687737921,520705
1687737921,531893
1687737921,562049
1687737921,587959
1687737921,602356
1687737921,602526
1687737921,607440
1687737921,615986
1687737921,628954
1687737921,634637
1687737922,199377
1687737922,208674
1687737922,213512
1687737922,214489
1687737922,216725
1687737922,268478
1687737922,268827
1687737922,270804
1687737922,313045
1687737922,318679
1687737922,328720
1687737922,341456
1687737922,350489
1687737922,356436
1687737922,360688
1687737922,424921
1687737922,436092
1687737922,441226
1687737922,454158
1687737922,469064
1687737922,477754
1687737922,536948
1687737922,539444
1687737922,539759
1687737922,556457
1687737922,564967
1687737922,611178
1687737922,620164
1687737922,629048
1687737922,634881
1687737922,644234
1687737922,650803
1687737923,137687
1687737923,140978
1687737923,217042
1687737923,217680
1687737923,219527
1687737923,228402
1687737923,230306
1687737923,231147
1687737923,265337
1687737923,270703
1687737923,271082
1687737923,272029
1687737923,274103
1687737923,276115
1687737923,309384
1687737923,316226
1687737923,316721
1687737923,317111
1687737923,321918
1687737923,330109
1687737923,332683
1687737923,341534
1687737923,354702
1687737923,363033
1687737923,369830
1687737923,380877
1687737923,411495
1687737923,420163
1687737923,447573
1687737923,455718
1687737923,467602
1687737923,514618
1687737923,517663
1687737923,535634
1687737923,542891
1687737923,550136
1687737923,604376
1687737923,608353
1687737923,610332
1687737923,621174
1687737923,634949
1687737924,141181
1687737924,229786
1687737924,230349
1687737924,230772
1687737924,243670
1687737924,274703
1687737924,274897
1687737924,276058
1687737924,277793
1687737924,278571
1687737924,279672
1687737924,313378
1687737924,352878
1687737924,362793
1687737924,369851
1687737924,443629
1687737924,451739
1687737924,452774
1687737924,455660
1687737924,455926
1687737924,460390
1687737924,540896
1687737924,542885
1687737924,557532
1687737924,592052
1687737924,597529
1687737924,602203
1687737924,615951
1687737924,616134
1687737924,621008
1687737924,630916
1687737924,637942
1687737924,640320
1687737925,231894
1687737925,235177
1687737925,236478
1687737925,240368
1687737925,240599
1687737925,282434
1687737925,282710
1687737925,286259
1687737925,287720
1687737925,314729
1687737925,319322
1687737925,319963
1687737925,324494
1687737925,364232
1687737925,371515
1687737925,377164
1687737925,377983
1687737925,386885
1687737925,417788
1687737925,466068
1687737925,473523
1687737925,491333
1687737925,519214
1687737925,538109
1687737925,554633
1687737925,556054
1687737925,601990
1687737925,608213
1687737925,650231
1687737926,239870
1687737926,240960
1687737926,242664
1687737926,247494
1687737926,285431
1687737926,288605
1687737926,295218
1687737926,308453
1687737926,321094
1687737926,328230
1687737926,328958
1687737926,342572
1687737926,342648
1687737926,358361
1687737926,364440
1687737926,382877
1687737926,428553
1687737926,448335
1687737926,456779
1687737926,476282
1687737926,489097
1687737926,516310
1687737926,518429
1687737926,545005
1687737926,555412
1687737926,555956
1687737926,570960
1687737926,574281
1687737926,576818
1687737926,587118
1687737926,600640
1687737926,605841
1687737926,611001
1687737926,628863
1687737926,640426
1687737926,640882
1687737927,239135
1687737927,245462
1687737927,248591
1687737927,260415
1687737927,270063
1687737927,290769
1687737927,291068
1687737927,291208
1687737927,293589
1687737927,296710
1687737927,309273
1687737927,312770
1687737927,314558
1687737927,315015
1687737927,325948
1687737927,330105
1687737927,333234
1687737927,334647
1687737927,340166
1687737927,346974
1687737927,358983
1687737927,363592
1687737927,390641
1687737927,391878
1687737927,398981
1687737927,403916
1687737927,426811
1687737927,474113
1687737927,485362
1687737927,514768
1687737927,569756
1687737927,606476
1687737927,619680
1687737927,621395
1687737927,622920
1687737927,626782
1687737927,641782
1687737928,194838
1687737928,243009
1687737928,244594
1687737928,246263
1687737928,246866
1687737928,247849
1687737928,249889
1687737928,251945
1687737928,295214
1687737928,296833
1687737928,326730
1687737928,330039
1687737928,341214
1687737928,346392
1687737928,363561
1687737928,364775
1687737928,365454
1687737928,373399
1687737928,413097
1687737928,418090
1687737928,457230
1687737928,457966
1687737928,459566
1687737928,496662
1687737928,515104
1687737928,548429
1687737928,554972
1687737928,572479
1687737928,598132
1687737928,602696
1687737928,609776
1687737928,620196
1687737928,635657
1687737928,638355
1687737928,646014
1687737929,242710
1687737929,247007
1687737929,247399
1687737929,269085
1687737929,312942
1687737929,329439
1687737929,336182
1687737929,342859
1687737929,343525
1687737929,346692
1687737929,351249
1687737929,365446
1687737929,367189
1687737929,371998
1687737929,403123
1687737929,403340
1687737929,420701
1687737929,425135
1687737929,500109
1687737929,500789
1687737929,514563
1687737929,519584
1687737929,555414
1687737929,573180
1687737929,584748
1687737929,585282
1687737929,602057
1687737929,619497
1687737929,621125
1687737929,627818
1687737929,649655
1687737929,652084
1687737930,245681
1687737930,247588
1687737930,253072
1687737930,311247
1687737930,329942
1687737930,334020
1687737930,335832
1687737930,336590
1687737930,338384
1687737930,362651
1687737930,411368
1687737930,416565
1687737930,417981
1687737930,418012
1687737930,437693
1687737930,453204
1687737930,459949
1687737930,480215
1687737930,502255
1687737930,504117
1687737930,511669
1687737930,514385
1687737930,517375
1687737930,519140
1687737930,527980
1687737930,556457
1687737930,586478
1687737930,590442
1687737930,605188
1687737930,625691
1687737930,626207
1687737930,628059
1687737930,634317
1687737930,650148
1687737930,651093
1687737931,244232
1687737931,245790
1687737931,249382
1687737931,250417
1687737931,251280
1687737931,252119
1687737931,313969
1687737931,317202
1687737931,320837
1687737931,322903
1687737931,327551
1687737931,345953
1687737931,360257
1687737931,377201
1687737931,388434
1687737931,391368
1687737931,415346
1687737931,450503
1687737931,464102
1687737931,479099
1687737931,480754
1687737931,488841
1687737931,500710
1687737931,516997
1687737931,521357
1687737931,541925
1687737931,558064
1687737931,558484
1687737931,568637
1687737931,602196
1687737931,611808
1687737931,621838
1687737931,629587
1687737931,631360
1687737932,245854
1687737932,251013
1687737932,251455
1687737932,252385
1687737932,281619
1687737932,282232
1687737932,314273
1687737932,323965
1687737932,328821
1687737932,341228
1687737932,346176
1687737932,350726
1687737932,369975
1687737932,372347
1687737932,424418
1687737932,431483
1687737932,433206
1687737932,435830
1687737932,468306
1687737932,514528
1687737932,523283
1687737932,537657
1687737932,537763
1687737932,556574
1687737932,598257
1687737932,599362
1687737932,607536
1687737932,611927
1687737932,628903
1687737932,648458
1687737933,247635
1687737933,250082
1687737933,250505
1687737933,252944
1687737933,255646
1687737933,266376
1687737933,294621
1687737933,313494
1687737933,315526
1687737933,318378
1687737933,321598
1687737933,328777
1687737933,333277
1687737933,340077
1687737933,341602
1687737933,350377
1687737933,351476
1687737933,359989
1687737933,368400
1687737933,419583
1687737933,440756
1687737933,459114
1687737933,459256
1687737933,460902
1687737933,510782
1687737933,540767
1687737933,555783
1687737933,601654
1687737933,620122
1687737933,621531
1687737933,635890
1687737933,637924
1687737933,649091
1687737934,180036
1687737934,189930
1687737934,208621
1687737934,228778
1687737934,246380
1687737934,250993
1687737934,251488
1687737934,252735
1687737934,255249
1687737934,265742
1687737934,314458
1687737934,317103
1687737934,318199
1687737934,327936
1687737934,340612
1687737934,356193
1687737934,359916
1687737934,369985
1687737934,372249
1687737934,415703
1687737934,419102
1687737934,440677
1687737934,449132
1687737934,513653
1687737934,515718
1687737934,545792
1687737934,546608
1687737934,587981
1687737934,604604
1687737934,611094
1687737934,613284
1687737934,615272
1687737934,633286
1687737934,650916
1687737935,150463
1687737935,154781
1687737935,161576
1687737935,171502
1687737935,250418
1687737935,253156
1687737935,253361
1687737935,253877
1687737935,256985
1687737935,257013
1687737935,257149
1687737935,312174
1687737935,316341
1687737935,322070
1687737935,327843
1687737935,345047
1687737935,349059
1687737935,363021
1687737935,439164
1687737935,457915
1687737935,458220
1687737935,474455
1687737935,531270
1687737935,538311
1687737935,542150
1687737935,553920
1687737935,563071
1687737935,594339
1687737935,601422
1687737935,611574
1687737935,617977
1687737935,626248
1687737935,629620
1687737935,636637
1687737935,648085
1687737936,137679
1687737936,141023
1687737936,141340
1687737936,142218
1687737936,142335
1687737936,147859
1687737936,245605
1687737936,251162
1687737936,251925
1687737936,257618
1687737936,257650
1687737936,314114
1687737936,317094
1687737936,323963
1687737936,325373
1687737936,340095
1687737936,354828
1687737936,358496
1687737936,382818
1687737936,421294
1687737936,446598
1687737936,449092
1687737936,477663
1687737936,513718
1687737936,523144
1687737936,550081
1687737936,550573
1687737936,566583
1687737936,605572
1687737936,617630
1687737936,622728
1687737936,627754
1687737936,651652
1687737937,140405
1687737937,141241
1687737937,142621
1687737937,145781
1687737937,255205
1687737937,255469
1687737937,256208
1687737937,258091
1687737937,260696
1687737937,326895
1687737937,328365
1687737937,341922
1687737937,354627
1687737937,364481
1687737937,388743
1687737937,424240
1687737937,452348
1687737937,454127
1687737937,456603
1687737937,471064
1687737937,522139
1687737937,530253
1687737937,542895
1687737937,542943
1687737937,604862
1687737937,605871
1687737937,608010
1687737937,609669
1687737937,616210
1687737937,636299
1687737937,645522
1687737938,147214
1687737938,148558
1687737938,151245
1687737938,157271
1687737938,158171
1687737938,258574
1687737938,258782
1687737938,259575
1687737938,260562
1687737938,311366
1687737938,313333
1687737938,316787
1687737938,322828
1687737938,324822
1687737938,334535
1687737938,340684
1687737938,356842
1687737938,358846
1687737938,360019
1687737938,419314
1687737938,424011
1687737938,424298
1687737938,441708
1687737938,442811
1687737938,446428
1687737938,452188
1687737938,489126
1687737938,504422
1687737938,518582
1687737938,518592
1687737938,535233
1687737938,552753
1687737938,579132
1687737938,607521
1687737938,609410
1687737938,618425
1687737938,636079
1687737938,652151
1687737939,158427
1687737939,165233
1687737939,169397
1687737939,169668
1687737939,171318
1687737939,259076
1687737939,259941
1687737939,260105
1687737939,262850
1687737939,262978
1687737939,263628
1687737939,264038
1687737939,316189
1687737939,325070
1687737939,333970
1687737939,341582
1687737939,349172
1687737939,367994
1687737939,389644
1687737939,406168
1687737939,410862
1687737939,411824
1687737939,459591
1687737939,500744
1687737939,503726
1687737939,526954
1687737939,528895
1687737939,542775
1687737939,568691
1687737939,583900
1687737939,595781
1687737939,605548
1687737939,610530
1687737939,616952
1687737939,623353
1687737939,630180
1687737939,637088
1687737939,645732
1687737940,180202
1687737940,180764
1687737940,182845
1687737940,185721
1687737940,261037
1687737940,263269
1687737940,265379
1687737940,265841
1687737940,266308
1687737940,311730
1687737940,312469
1687737940,320602
1687737940,327050
1687737940,338047
1687737940,338537
1687737940,344629
1687737940,360591
1687737940,398687
1687737940,430016
1687737940,447864
1687737940,456323
1687737940,485866
1687737940,525258
1687737940,534076
1687737940,544346
1687737940,552001
1687737940,556432
1687737940,589022
1687737940,589288
1687737940,605762
1687737940,607119
1687737940,612560
1687737940,620414
1687737940,635864
1687737940,651935
1687737941,193355
1687737941,199195
1687737941,203992
1687737941,265145
1687737941,267263
1687737941,268032
1687737941,270859
1687737941,313483
1687737941,314095
1687737941,341579
1687737941,361375
1687737941,364828
1687737941,419559
1687737941,421316
1687737941,431132
1687737941,456530
1687737941,515195
1687737941,517935
1687737941,518754
1687737941,533562
1687737941,563501
1687737941,599896
1687737941,603213
1687737941,605997
1687737941,616718
1687737941,628130
1687737941,634615
1687737941,635011
1687737942,199325
1687737942,208934
1687737942,213106
1687737942,214673
1687737942,216804
1687737942,268479
1687737942,268704
1687737942,269134
1687737942,312748
1687737942,319300
1687737942,329066
1687737942,340154
1687737942,349058
1687737942,354854
1687737942,361932
1687737942,385261
1687737942,430888
1687737942,433909
1687737942,439414
1687737942,456323
1687737942,475694
1687737942,515848
1687737942,537732
1687737942,538393
1687737942,558092
1687737942,563194
1687737942,610479
1687737942,618170
1687737942,618858
1687737942,629825
1687737942,644542
1687737942,650740
1687737943,217507
1687737943,217700
1687737943,219501
1687737943,228354
1687737943,230350
1687737943,231468
1687737943,270752
1687737943,271163
1687737943,272026
1687737943,274052
1687737943,276171
1687737943,309888
1687737943,315784
1687737943,316903
1687737943,316925
1687737943,321168
1687737943,330334
1687737943,333497
1687737943,340451
1687737943,356119
1687737943,361753
1687737943,368464
1687737943,382590
1687737943,413660
1687737943,418549
1687737943,449499
1687737943,453877
1687737943,469229
1687737943,516231
1687737943,537249
1687737943,541107
1687737943,551636
1687737943,602975
1687737943,609141
1687737943,609258
1687737943,615186
1687737943,622270
1687737943,635065
1687737944,229825
1687737944,229904
1687737944,231178
1687737944,243669
1687737944,274673
1687737944,274895
1687737944,276176
1687737944,277785
1687737944,278538
1687737944,279646
1687737944,282654
1687737944,313579
1687737944,314191
1687737944,354588
1687737944,364065
1687737944,371504
1687737944,445622
1687737944,449820
1687737944,450906
1687737944,457828
1687737944,458320
1687737944,530511
1687737944,539087
1687737944,541377
1687737944,552799
1687737944,555776
1687737944,593125
1687737944,602958
1687737944,622095
1687737944,629798
1687737944,631620
1687737944,638445
1687737944,640832
1687737945,231868
1687737945,235051
1687737945,236594
1687737945,240168
1687737945,240993
1687737945,281725
1687737945,282351
1687737945,282364
1687737945,314491
1687737945,319474
1687737945,319756
1687737945,325236
1687737945,362685
1687737945,369877
1687737945,376448
1687737945,378969
1687737945,389020
1687737945,416107
1687737945,457612
1687737945,464268
1687737945,475441
1687737945,493266
1687737945,517213
1687737945,539683
1687737945,557644
1687737945,602649
1687737945,606906
1687737945,615182
1687737945,650025
1687737946,240998
1687737946,242629
1687737946,244936
1687737946,247486
1687737946,285434
1687737946,286232
1687737946,287750
1687737946,288647
1687737946,294331
1687737946,308678
1687737946,320652
1687737946,327434
1687737946,329180
1687737946,341667
1687737946,343801
1687737946,356579
1687737946,365681
1687737946,430314
1687737946,441485
1687737946,446253
1687737946,458894
1687737946,487255
1687737946,516723
1687737946,517860
1687737946,543254
1687737946,556942
1687737946,557564
1687737946,575450
1687737946,575739
1687737946,588271
1687737946,599411
1687737946,605116
1687737946,611628
1687737946,629814
1687737946,640344
1687737947,239250
1687737947,239655
1687737947,248418
1687737947,260386
1687737947,270846
1687737947,290758
1687737947,291137
1687737947,291172
1687737947,293654
1687737947,296716
1687737947,309091
1687737947,312741
1687737947,315138
1687737947,315365
1687737947,326622
1687737947,334126
1687737947,340409
1687737947,345867
1687737947,360416
1687737947,363949
1687737947,388983
1687737947,390347
1687737947,400777
1687737947,424842
1687737947,483747
1687737947,512956
1687737947,568099
1687737947,604991
1687737947,622253
1687737947,622563
1687737947,627240
1687737947,651887
1687737948,194678
1687737948,242775
1687737948,245503
1687737948,246440
1687737948,246941
1687737948,247748
1687737948,250036
1687737948,251828
1687737948,295201
1687737948,296907
1687737948,326079
1687737948,330236
1687737948,340381
1687737948,345980
1687737948,364725
1687737948,364911
1687737948,365245
1687737948,372897
1687737948,415001
1687737948,416573
1687737948,459257
1687737948,460076
1687737948,498449
1687737948,550059
1687737948,573991
1687737948,601468
1687737948,610483
1687737948,621098
1687737948,637576
1687737948,641678
1687737949,195145
1687737949,242747
1687737949,246793
1687737949,251470
1687737949,312866
1687737949,313619
1687737949,343601
1687737949,345517
1687737949,351734
1687737949,365783
1687737949,372401
1687737949,401735
1687737949,404202
1687737949,419879
1687737949,423278
1687737949,499061
1687737949,501710
1687737949,516299
1687737949,557077
1687737949,574495
1687737949,583473
1687737949,583764
1687737949,600428
1687737949,603466
1687737949,620192
1687737949,622232
1687737949,627541
1687737949,649471
1687737950,245816
1687737950,247378
1687737950,247652
1687737950,252935
1687737950,310988
1687737950,329974
1687737950,334923
1687737950,335360
1687737950,336920
1687737950,337300
1687737950,363850
1687737950,409486
1687737950,414698
1687737950,420039
1687737950,437997
1687737950,453522
1687737950,462139
1687737950,480925
1687737950,500571
1687737950,504273
1687737950,512326
1687737950,513212
1687737950,517587
1687737950,519230
1687737950,587692
1687737950,591575
1687737950,624662
1687737950,627178
1687737950,634867
1687737951,244139
1687737951,245908
1687737951,249241
1687737951,250408
1687737951,251459
1687737951,252066
1687737951,317728
1687737951,320323
1687737951,323563
1687737951,375601
1687737951,386922
1687737951,393289
1687737951,462170
1687737951,473067
1687737951,477314
1687737951,482581
1687737951,488441
1687737951,500554
1687737951,512790
1687737951,516852
1687737951,521390
1687737951,556729
1687737951,559558
1687737951,566973
1687737951,600959
1687737951,612441
1687737951,622764
1687737951,630446
1687737952,245743
1687737952,251165
1687737952,251523
1687737952,252447
1687737952,314603
1687737952,323268
1687737952,328987
1687737952,340063
1687737952,347514
1687737952,349562
1687737952,371696
1687737952,371812
1687737952,405686
1687737952,413365
1687737952,423895
1687737952,431326
1687737952,441208
1687737952,467640
1687737952,521485
1687737952,528535
1687737952,536061
1687737952,539498
1687737952,558151
1687737952,596788
1687737952,598396
1687737952,608453
1687737952,612702
1687737952,628726
1687737952,640293
1687737952,648542
1687737953,247797
1687737953,249973
1687737953,250436
1687737953,252693
1687737953,255756
1687737953,265811
1687737953,294115
1687737953,315925
1687737953,318049
1687737953,321166
1687737953,328866
1687737953,334236
1687737953,340527
1687737953,352508
1687737953,361374
1687737953,370225
1687737953,417888
1687737953,439008
1687737953,459079
1687737953,460804
1687737953,461319
1687737953,509048
1687737953,542250
1687737953,550255
1687737953,557389
1687737953,596905
1687737953,619177
1687737953,622628
1687737953,636456
1687737953,637630
1687737953,648932
1687737954,179888
1687737954,189535
1687737954,208120
1687737954,228479
1687737954,246023
1687737954,251006
1687737954,251549
1687737954,252810
1687737954,255096
1687737954,314506
1687737954,317445
1687737954,317618
1687737954,328248
1687737954,339601
1687737954,357915
1687737954,361075
1687737954,368391
1687737954,370712
1687737954,417706
1687737954,417712
1687737954,442878
1687737954,451154
1687737954,513598
1687737954,515367
1687737954,544935
1687737954,547485
1687737954,589313
1687737954,598376
1687737954,600358
1687737954,605332
1687737954,610085
1687737954,613854
1687737954,614193
1687737954,633199
1687737954,651061
1687737955,150354
1687737955,154817
1687737955,161401
1687737955,171307
1687737955,250427
1687737955,253063
1687737955,253545
1687737955,253820
1687737955,256916
1687737955,256951
1687737955,257258
1687737955,312427
1687737955,321585
1687737955,328025
1687737955,343667
1687737955,350600
1687737955,360137
1687737955,428715
1687737955,440863
1687737955,455930
1687737955,460365
1687737955,472628
1687737955,517738
1687737955,529305
1687737955,539818
1687737955,540243
1687737955,555513
1687737955,561177
1687737955,602100
1687737955,610448
1687737955,619080
1687737955,625456
1687737955,630420
1687737955,636946
1687737955,647849
1687737956,137683
1687737956,140278
1687737956,141069
1687737956,141323
1687737956,142151
1687737956,142433
1687737956,147692
1687737956,251988
1687737956,257655
1687737956,257681
1687737956,313615
1687737956,316739
1687737956,317499
1687737956,323431
1687737956,325774
1687737956,335103
1687737956,338963
1687737956,356027
1687737956,361606
1687737956,381201
1687737956,419277
1687737956,447291
1687737956,448764
1687737956,475737
1687737956,511531
1687737956,524722
1687737956,544231
1687737956,551607
1687737956,552188
1687737956,564970
1687737956,604230
1687737956,618466
1687737956,621934
1687737956,628163
1687737956,651844
1687737957,141327
1687737957,142736
1687737957,145909
1687737957,255192
1687737957,255633
1687737957,256089
1687737957,258117
1687737957,260703
1687737957,327151
1687737957,327735
1687737957,340588
1687737957,356128
1687737957,366182
1687737957,387006
1687737957,422549
1687737957,454519
1687737957,456013
1687737957,458506
1687737957,520311
1687737957,528519
1687737957,544359
1687737957,605494
1687737957,606460
1687737957,606868
1687737957,608173
1687737957,617435
1687737957,636369
1687737957,645575
1687737958,147253
1687737958,148531
1687737958,151352
1687737958,157268
1687737958,158321
1687737958,245442
1687737958,258612
1687737958,258800
1687737958,259410
1687737958,260699
1687737958,263606
1687737958,311310
1687737958,312898
1687737958,316475
1687737958,323088
1687737958,325481
1687737958,335752
1687737958,339596
1687737958,355505
1687737958,358657
1687737958,360133
1687737958,421179
1687737958,422283
1687737958,422593
1687737958,439759
1687737958,444695
1687737958,454425
1687737958,490942
1687737958,506019
1687737958,516450
1687737958,533317
1687737958,554368
1687737958,580560
1687737958,606528
1687737958,608173
1687737958,619189
1687737958,636329
1687737958,650944
1687737958,652203
1687737959,158435
1687737959,165405
1687737959,169360
1687737959,169711
1687737959,171412
1687737959,259148
1687737959,259925
1687737959,260086
1687737959,262845
1687737959,263131
1687737959,263979
1687737959,316542
1687737959,325456
1687737959,340663
1687737959,350398
1687737959,369786
1687737959,391625
1687737959,409206
1687737959,410016
1687737959,437817
1687737959,444945
1687737959,461507
1687737959,499007
1687737959,502056
1687737959,544349
1687737959,545797
1687737959,570143
1687737959,582575
1687737959,604181
1687737959,617850
1687737959,636630
1687737960,180297
1687737960,180771
1687737960,182833
1687737960,185865
1687737960,194482
1687737960,261086
1687737960,263156
1687737960,265423
1687737960,265954
1687737960,266310
1687737960,311565
1687737960,312500
1687737960,320722
1687737960,327872
1687737960,337668
1687737960,339069
1687737960,343459
1687737960,361745
1687737960,400556
1687737960,428106
1687737960,445921
1687737960,458434
1687737960,487674
1687737960,523344
1687737960,532206
1687737960,558123
1687737960,587848
1687737960,598704
1687737960,606258
1687737960,606377
1687737960,611349
1687737960,621476
1687737960,629826
1687737960,635933
1687737960,651722
1687737961,193441
1687737961,199715
1687737961,203693
1687737961,214847
1687737961,265193
1687737961,267294
1687737961,268591
1687737961,313792
1687737961,313865
1687737961,329398
1687737961,360009
1687737961,366692
1687737961,417742
1687737961,423284
1687737961,433319
1687737961,458522
1687737961,515879
1687737961,516818
1687737961,516828
1687737961,535243
1687737961,564936
1687737961,590050
1687737961,603865
1687737961,604571
1687737961,604575
1687737961,617445
1687737961,627298
1687737962,199284
1687737962,209184
1687737962,212720
1687737962,216864
1687737962,268478
1687737962,269222
1687737962,312455
1687737962,319987
1687737962,338891
1687737962,347659
1687737962,353298
1687737962,363174
1687737962,383590
1687737962,384347
1687737962,431693
1687737962,437600
1687737962,458487
1687737962,473653
1687737962,535741
1687737962,539869
1687737962,559738
1687737962,561404
1687737962,609779
1687737962,617544
1687737962,623941
1687737962,630567
1687737962,635133
1687737962,644837
1687737963,217743
1687737963,217965
1687737963,219497
1687737963,228278
1687737963,230363
1687737963,231790
1687737963,270785
1687737963,271235
1687737963,272023
1687737963,273995
1687737963,276239
1687737963,310436
1687737963,315360
1687737963,316773
1687737963,317083
1687737963,320456
1687737963,330572
1687737963,334356
1687737963,339378
1687737963,357574
1687737963,360449
1687737963,367100
1687737963,415804
1687737963,416957
1687737963,451458
1687737963,452022
1687737963,470883
1687737963,517841
1687737963,538867
1687737963,539366
1687737963,553116
1687737963,595380
1687737963,601598
1687737963,608171
1687737963,609930
1687737963,614256
1687737963,623335
1687737963,635201
1687737964,229487
1687737964,229866
1687737964,231603
1687737964,243617
1687737964,274640
1687737964,274894
1687737964,276296
1687737964,277791
1687737964,278503
1687737964,279611
1687737964,282579
1687737964,313218
1687737964,314997
1687737964,356323
1687737964,365373
1687737964,447602
1687737964,447869
1687737964,448989
1687737964,456218
1687737964,460021
1687737964,532109
1687737964,537260
1687737964,539864
1687737964,553953
1687737964,594175
1687737964,603689
1687737964,614415
1687737964,623212
1687737964,628618
1687737964,638919
1687737964,641289
1687737965,231871
1687737965,234910
1687737965,236716
1687737965,239991
1687737965,241408
1687737965,268011
1687737965,281836
1687737965,282276
1687737965,282466
1687737965,286188
1687737965,308930
1687737965,314283
1687737965,319026
1687737965,320202
1687737965,320215
1687737965,325975
1687737965,361150
1687737965,368231
1687737965,373147
1687737965,380764
1687737965,391169
1687737965,414469
1687737965,459291
1687737965,462459
1687737965,477356
1687737965,495170
1687737965,515199
1687737965,541237
1687737965,550977
1687737965,558000
1687737965,559216
1687737965,603305
1687737965,605567
1687737965,649799
1687737966,195042
1687737966,239377
1687737966,241035
1687737966,242604
1687737966,245258
1687737966,247471
1687737966,285436
1687737966,287764
1687737966,288704
1687737966,293464
1687737966,326682
1687737966,329374
1687737966,339578
1687737966,340800
1687737966,344980
1687737966,354816
1687737966,366982
1687737966,432095
1687737966,444159
1687737966,461015
1687737966,485383
1687737966,515022
1687737966,516503
1687737966,519399
1687737966,541509
1687737966,558469
1687737966,559156
1687737966,574085
1687737966,577171
1687737966,589380
1687737966,598194
1687737966,604344
1687737966,612294
1687737966,630750
1687737966,639730
1687737966,640119
1687737966,645768
1687737967,239463
1687737967,245432
1687737967,248229
1687737967,260386
1687737967,271622
1687737967,290753
1687737967,291049
1687737967,291287
1687737967,293722
1687737967,296710
1687737967,312726
1687737967,315650
1687737967,315733
1687737967,327333
1687737967,332972
1687737967,340644
1687737967,344777
1687737967,361908
1687737967,364346
1687737967,387361
1687737967,388844
1687737967,402594
1687737967,422861
1687737967,482104
1687737967,511115
1687737967,566415
1687737967,603452
1687737967,621560
1687737967,623742
1687737967,627671
1687737967,641543
1687737967,651667
1687737968,242572
1687737968,245405
1687737968,246581
1687737968,247033
1687737968,247647
1687737968,250194
1687737968,251732
1687737968,295199
1687737968,296984
1687737968,325469
1687737968,330408
1687737968,339564
1687737968,342740
1687737968,345567
1687737968,364707
1687737968,365015
1687737968,366299
1687737968,372391
1687737968,372775
1687737968,415072
1687737968,416873
1687737968,461314
1687737968,462222
1687737968,500194
1687737968,515902
1687737968,551659
1687737968,575475
1687737968,582235
1687737968,600206
1687737968,611232
1687737968,622030
1687737968,634551
1687737968,636746
1687737969,242833
1687737969,245950
1687737969,246588
1687737969,251772
1687737969,270936
1687737969,312827
1687737969,313723
1687737969,334028
1687737969,343689
1687737969,344372
1687737969,352251
1687737969,366107
1687737969,400116
1687737969,405317
1687737969,407608
1687737969,421441
1687737969,421775
1687737969,497315
1687737969,503289
1687737969,518039
1687737969,558702
1687737969,575792
1687737969,582212
1687737969,598773
1687737969,620899
1687737969,623335
1687737969,627228
1687737969,649268
1687737970,247323
1687737970,247711
1687737970,252803
1687737970,310781
1687737970,324253
1687737970,330001
1687737970,334186
1687737970,335868
1687737970,336272
1687737970,338031
1687737970,365075
1687737970,412901
1687737970,422075
1687737970,438279
1687737970,453854
1687737970,464309
1687737970,481608
1687737970,498884
1687737970,510283
1687737970,514046
1687737970,514733
1687737970,517798
1687737970,519333
1687737970,592698
1687737970,623600
1687737970,626307
1687737970,631831
1687737970,635355
1687737971,244068
1687737971,246030
1687737971,249088
1687737971,250393
1687737971,251637
1687737971,252008
1687737971,318266
1687737971,319854
1687737971,373976
1687737971,385414
1687737971,395229
1687737971,411408
1687737971,460232
1687737971,475064
1687737971,475505
1687737971,484365
1687737971,488011
1687737971,500423
1687737971,511009
1687737971,516686
1687737971,521429
1687737971,554945
1687737971,559477
1687737971,561037
1687737971,599215
1687737971,599724
1687737971,613095
1687737971,623711
1687737971,631322
1687737971,650749
1687737972,245668
1687737972,251306
1687737972,251604
1687737972,252489
1687737972,314935
1687737972,322601
1687737972,329165
1687737972,338917
1687737972,339079
1687737972,348444
1687737972,348882
1687737972,362829
1687737972,371069
1687737972,373677
1687737972,375006
1687737972,405195
1687737972,423376
1687737972,429463
1687737972,439807
1687737972,440965
1687737972,466985
1687737972,519659
1687737972,530101
1687737972,559661
1687737972,595487
1687737972,597408
1687737972,597746
1687737972,613489
1687737972,618206
1687737972,628603
1687737973,247969
1687737973,249860
1687737973,250373
1687737973,252425
1687737973,255845
1687737973,265266
1687737973,293618
1687737973,316344
1687737973,317706
1687737973,335241
1687737973,339466
1687737973,372055
1687737973,416183
1687737973,457259
1687737973,462524
1687737973,463382
1687737973,507301
1687737973,543769
1687737973,548486
1687737973,559033
1687737973,611684
1687737973,623747
1687737973,637011
1687737973,637321
1687737973,648688
1687737974,179709
1687737974,189156
1687737974,207603
1687737974,228195
1687737974,245654
1687737974,251006
1687737974,251598
1687737974,252885
1687737974,254932
1687737974,314565
1687737974,317072
1687737974,317821
1687737974,328514
1687737974,338607
1687737974,359657
1687737974,362259
1687737974,366802
1687737974,369195
1687737974,416302
1687737974,419695
1687737974,453181
1687737974,511464
1687737974,517030
1687737974,543268
1687737974,590616
1687737974,599078
1687737974,606025
1687737974,609084
1687737974,633115
1687737975,150272
1687737975,154856
1687737975,161259
1687737975,171099
1687737975,250461
1687737975,252968
1687737975,253726
1687737975,253765
1687737975,256808
1687737975,256874
1687737975,257350
1687737975,308896
1687737975,312689
1687737975,321160
1687737975,335037
1687737975,352156
1687737975,361814
1687737975,442575
1687737975,453951
1687737975,462486
1687737975,470815
1687737975,538348
1687737975,541315
1687737975,557091
1687737975,559298
1687737975,602755
1687737975,609310
1687737975,620193
1687737975,624636
1687737975,631207
1687737975,637237
1687737975,647609
1687737976,137695
1687737976,140161
1687737976,141104
1687737976,141312
1687737976,142069
1687737976,142515
1687737976,147536
1687737976,252049
1687737976,257658
1687737976,257749
1687737976,313145
1687737976,317186
1687737976,317885
1687737976,322950
1687737976,326179
1687737976,337885
1687737976,360228
1687737976,379606
1687737976,417266
1687737976,445530
1687737976,457922
1687737976,473773
1687737976,509343
1687737976,526314
1687737976,553833
1687737976,563347
1687737976,596408
1687737976,602850
1687737976,621111
1687737976,628581
1687737977,141424
1687737977,142829
1687737977,146019
1687737977,255178
1687737977,255783
1687737977,255984
1687737977,258141
1687737977,260681
1687737977,316157
1687737977,327102
1687737977,327432
1687737977,339286
1687737977,357639
1687737977,367899
1687737977,385253
1687737977,420870
1687737977,456684
1687737977,460436
1687737977,504442
1687737977,526771
1687737977,545616
1687737977,545783
1687737977,588934
1687737977,605735
1687737977,606130
1687737977,607047
1687737977,618687
1687737977,636429
1687737977,636551
1687737977,645613
1687737977,650644
1687737978,147292
1687737978,148504
1687737978,151454
1687737978,157270
1687737978,158434
1687737978,258646
1687737978,258818
1687737978,259244
1687737978,260845
1687737978,311277
1687737978,312477
1687737978,323367
1687737978,326162
1687737978,337027
1687737978,338530
1687737978,354155
1687737978,357267
1687737978,361429
1687737978,420880
1687737978,423033
1687737978,437770
1687737978,442947
1687737978,456659
1687737978,492747
1687737978,514327
1687737978,531359
1687737978,555960
1687737978,581951
1687737978,605503
1687737978,606938
1687737978,619948
1687737978,624527
1687737978,629412
1687737978,652212
1687737979,158443
1687737979,165556
1687737979,169336
1687737979,169767
1687737979,171514
1687737979,259229
1687737979,259910
1687737979,260067
1687737979,262826
1687737979,263283
1687737979,263584
1687737979,263905
1687737979,316876
1687737979,325873
1687737979,339774
1687737979,351684
1687737979,362920
1687737979,371556
1687737979,393607
1687737979,407540
1687737979,408180
1687737979,420533
1687737979,447111
1687737979,463406
1687737979,497271
1687737979,514366
1687737979,521392
1687737979,545934
1687737979,547252
1687737979,559821
1687737979,565286
1687737979,571550
1687737979,602815
1687737979,612834
1687737979,618784
1687737979,636153
1687737979,645804
1687737980,180380
1687737980,180779
1687737980,182818
1687737980,185996
1687737980,194278
1687737980,261161
1687737980,263043
1687737980,265468
1687737980,266054
1687737980,266312
1687737980,311422
1687737980,312540
1687737980,320832
1687737980,328746
1687737980,332023
1687737980,336810
1687737980,340088
1687737980,342337
1687737980,402420
1687737980,426179
1687737980,443973
1687737980,460504
1687737980,489452
1687737980,500373
1687737980,530341
1687737980,586361
1687737980,605391
1687737980,606984
1687737980,610117
1687737980,622559
1687737980,635970
1687737980,651487
1687737981,193525
1687737981,194934
1687737981,200218
1687737981,203391
1687737981,265280
1687737981,267341
1687737981,267976
1687737981,313525
1687737981,314278
1687737981,320719
1687737981,343944
1687737981,358650
1687737981,368551
1687737981,415941
1687737981,435508
1687737981,460495
1687737981,513782
1687737981,514926
1687737981,518417
1687737981,536912
1687737981,566397
1687737981,591075
1687737981,597494
1687737981,603124
1687737981,604513
1687737981,605672
1687737981,616257
1687737981,618186
1687737981,626421
1687737981,634435
1687737982,199263
1687737982,209403
1687737982,212367
1687737982,215006
1687737982,216897
1687737982,268488
1687737982,269323
1687737982,271022
1687737982,271312
1687737982,312164
1687737982,320717
1687737982,329737
1687737982,337711
1687737982,346316
1687737982,351771
1687737982,364425
1687737982,381928
1687737982,386124
1687737982,429464
1687737982,435786
1687737982,460631
1687737982,471624
1687737982,533726
1687737982,541375
1687737982,559574
1687737982,561391
1687737982,609069
1687737982,631286
1687737982,635252
1687737982,645105
1687737983,217822
1687737983,218422
1687737983,219517
1687737983,228210
1687737983,230330
1687737983,232106
1687737983,270813
1687737983,272023
1687737983,273929
1687737983,276322
1687737983,311049
1687737983,314962
1687737983,316651
1687737983,317294
1687737983,319765
1687737983,330803
1687737983,335240
1687737983,338318
1687737983,359036
1687737983,365719
1687737983,415355
1687737983,417927
1687737983,450201
1687737983,453420
1687737983,472531
1687737983,512294
1687737983,519450
1687737983,537631
1687737983,540485
1687737983,554585
1687737983,600048
1687737983,600228
1687737983,607043
1687737983,610724
1687737983,624379
1687737983,635341
1687737983,650498
1687737984,229088
1687737984,229922
1687737984,232015
1687737984,243534
1687737984,274593
1687737984,274893
1687737984,276400
1687737984,277802
1687737984,278469
1687737984,279578
1687737984,282503
1687737984,312881
1687737984,315836
1687737984,358118
1687737984,366709
1687737984,382578
1687737984,445948
1687737984,446989
1687737984,449595
1687737984,454099
1687737984,462226
1687737984,533704
1687737984,535393
1687737984,538332
1687737984,552084
1687737984,595219
1687737984,604375
1687737984,624310
1687737984,627409
1687737984,631971
1687737984,639334
1687737984,641723
1687737985,231882
1687737985,234768
1687737985,236824
1687737985,239827
1687737985,241837
1687737985,281975
1687737985,282188
1687737985,282590
1687737985,309208
1687737985,314098
1687737985,318576
1687737985,320684
1687737985,326709
1687737985,359646
1687737985,366594
1687737985,373618
1687737985,374787
1687737985,393340
1687737985,412838
1687737985,460683
1687737985,460969
1687737985,479263
1687737985,497071
1687737985,507607
1687737985,513170
1687737985,542796
1687737985,549154
1687737985,560783
1687737985,603966
1687737985,604189
1687737985,649571
1687737986,241063
1687737986,242589
1687737986,245586
1687737986,247446
1687737986,285442
1687737986,287741
1687737986,288775
1687737986,292595
1687737986,319799
1687737986,325945
1687737986,329600
1687737986,339999
1687737986,346198
1687737986,353036
1687737986,368336
1687737986,433917
1687737986,442054
1687737986,463162
1687737986,483498
1687737986,513320
1687737986,520936
1687737986,539770
1687737986,560004
1687737986,560764
1687737986,572710
1687737986,578597
1687737986,590496
1687737986,596935
1687737986,603542
1687737986,613021
1687737986,631668
1687737986,639063
1687737986,639908
1687737987,239291
1687737987,245443
1687737987,247553
1687737987,248032
1687737987,260418
1687737987,272421
1687737987,290780
1687737987,290969
1687737987,291387
1687737987,293787
1687737987,296692
1687737987,312723
1687737987,316095
1687737987,316149
1687737987,328063
1687737987,340854
1687737987,343730
1687737987,363449
1687737987,364755
1687737987,385775
1687737987,387393
1687737987,404413
1687737987,420895
1687737987,480437
1687737987,509219
1687737987,564700
1687737987,601875
1687737987,620856
1687737987,624936
1687737987,628068
1687737987,651381
1687737988,242365
1687737988,245311
1687737988,246682
1687737988,247150
1687737988,250363
1687737988,251602
1687737988,295200
1687737988,297053
1687737988,308722
1687737988,324892
1687737988,330545
1687737988,335941
1687737988,338796
1687737988,345141
1687737988,364697
1687737988,364780
1687737988,367704
1687737988,371887
1687737988,373127
1687737988,413570
1687737988,418689
1687737988,425270
1687737988,463359
1687737988,464346
1687737988,501884
1687737988,514055
1687737988,553283
1687737988,576983
1687737988,598899
1687737988,612029
1687737988,622976
1687737988,635879
1687737989,242928
1687737989,246067
1687737989,246393
1687737989,252042
1687737989,312804
1687737989,313803
1687737989,332975
1687737989,343230
1687737989,343826
1687737989,352772
1687737989,366439
1687737989,398543
1687737989,406407
1687737989,419596
1687737989,423685
1687737989,495558
1687737989,504854
1687737989,519769
1687737989,560286
1687737989,577077
1687737989,580942
1687737989,597105
1687737989,621630
1687737989,624434
1687737989,626874
1687737989,649049
1687737990,239538
1687737990,244040
1687737990,247768
1687737990,252668
1687737990,310615
1687737990,324981
1687737990,330017
1687737990,333033
1687737990,335307
1687737990,336883
1687737990,339154
1687737990,366354
1687737990,405720
1687737990,411139
1687737990,424120
1687737990,438573
1687737990,454206
1687737990,466484
1687737990,482289
1687737990,497193
1687737990,504613
1687737990,508240
1687737990,516227
1687737990,518003
1687737990,519448
1687737990,590174
1687737990,593819
1687737990,622513
1687737990,635815
1687737991,246158
1687737991,248929
1687737991,250363
1687737991,251957
1687737991,318854
1687737991,319404
1687737991,359140
1687737991,372362
1687737991,383940
1687737991,397170
1687737991,458290
1687737991,473694
1687737991,477030
1687737991,486126
1687737991,487578
1687737991,500315
1687737991,509227
1687737991,516509
1687737991,521464
1687737991,553155
1687737991,560954
1687737991,562479
1687737991,563593
1687737991,581237
1687737991,598472
1687737991,613327
1687737991,613630
1687737991,613721
1687737991,624687
1687737991,625451
1687737991,632193
1687737991,650555
1687737992,245605
1687737992,251415
1687737992,251700
1687737992,252533
1687737992,286135
1687737992,315285
1687737992,321950
1687737992,329380
1687737992,337769
1687737992,338598
1687737992,347373
1687737992,350299
1687737992,364334
1687737992,370449
1687737992,375588
1687737992,404687
1687737992,409444
1687737992,422864
1687737992,427610
1687737992,440758
1687737992,441804
1687737992,466341
1687737992,517821
1687737992,531646
1687737992,561164
1687737992,596390
1687737992,598672
1687737992,614280
1687737992,628469
1687737993,248143
1687737993,249740
1687737993,250334
1687737993,252165
1687737993,255946
1687737993,264726
1687737993,293081
1687737993,316768
1687737993,317353
1687737993,320249
1687737993,336278
1687737993,338426
1687737993,373904
1687737993,414513
1687737993,455448
1687737993,464261
1687737993,465443
1687737993,505591
1687737993,545315
1687737993,546710
1687737993,560684
1687737993,593995
1687737993,636994
1687737993,637507
1687737993,648415
1687737994,179534
1687737994,188806
1687737994,207100
1687737994,245302
1687737994,251003
1687737994,251657
1687737994,252992
1687737994,254784
1687737994,314618
1687737994,316563
1687737994,318191
1687737994,328743
1687737994,337610
1687737994,361409
1687737994,363492
1687737994,365217
1687737994,367684
1687737994,414867
1687737994,421697
1687737994,455164
1687737994,509337
1687737994,518669
1687737994,541576
1687737994,591875
1687737994,597784
1687737994,606711
1687737994,608094
1687737994,633018
1687737995,142601
1687737995,150198
1687737995,154895
1687737995,161103
1687737995,170845
1687737995,250518
1687737995,252846
1687737995,253702
1687737995,253913
1687737995,256706
1687737995,256791
1687737995,257420
1687737995,268476
1687737995,312977
1687737995,320761
1687737995,353739
1687737995,444261
1687737995,451961
1687737995,464596
1687737995,469028
1687737995,536455
1687737995,542805
1687737995,557412
1687737995,558652
1687737995,580748
1687737995,603429
1687737995,608156
1687737995,621269
1687737995,623751
1687737995,631985
1687737995,637511
1687737995,641383
1687737995,647354
1687737996,137716
1687737996,140022
1687737996,141106
1687737996,141300
1687737996,141986
1687737996,147370
1687737996,247254
1687737996,252113
1687737996,257668
1687737996,257816
1687737996,312705
1687737996,317673
1687737996,318284
1687737996,322477
1687737996,326591
1687737996,336839
1687737996,358884
1687737996,363520
1687737996,378035
1687737996,415292
1687737996,443785
1687737996,471842
1687737996,507154
1687737996,527881
1687737996,547007
1687737996,555463
1687737996,561719
1687737996,597411
1687737996,601431
1687737996,604582
1687737996,620263
1687737996,628978
1687737997,141539
1687737997,142897
1687737997,146107
1687737997,251811
1687737997,255168
1687737997,255870
1687737997,255928
1687737997,258155
1687737997,260645
1687737997,311270
1687737997,326477
1687737997,338364
1687737997,359163
1687737997,369654
1687737997,383474
1687737997,424870
1687737997,458842
1687737997,462349
1687737997,525015
1687737997,547193
1687737997,583318
1687737997,606734
1687737997,607637
1687737997,619929
1687737997,636495
1687737997,645630
1687737998,147357
1687737998,148474
1687737998,151550
1687737998,157278
1687737998,158520
1687737998,258666
1687737998,258834
1687737998,259089
1687737998,259315
1687737998,260965
1687737998,312084
1687737998,315819
1687737998,323679
1687737998,326856
1687737998,337515
1687737998,352813
1687737998,355948
1687737998,419175
1687737998,435780
1687737998,441202
1687737998,509204
1687737998,512238
1687737998,529438
1687737998,579865
1687737998,604500
1687737998,605700
1687737998,625093
1687737998,628964
1687737998,636751
1687737999,158464
1687737999,165710
1687737999,169324
1687737999,169837
1687737999,171620
1687737999,259897
1687737999,260061
1687737999,262782
1687737999,263423
1687737999,263569
1687737999,263815
1687737999,317205
1687737999,353077
1687737999,373335
1687737999,395601
1687737999,405908
1687737999,406338
1687737999,449252
1687737999,465300
1687737999,494549
1687737999,519413
1687737999,547535
1687737999,548731
1687737999,572930
1687737999,613979
1687737999,619713
1687737999,635660
1687737999,645834
1687738000,180459
1687738000,180787
1687738000,182794
1687738000,186133
1687738000,194045
1687738000,261237
1687738000,262940
1687738000,265496
1687738000,266163
1687738000,266323
1687738000,311303
1687738000,312597
1687738000,320947
1687738000,329632
1687738000,331111
1687738000,335966
1687738000,341131
1687738000,341244
1687738000,404288
1687738000,424271
1687738000,441982
1687738000,491198
1687738000,498702
1687738000,528486
1687738000,584816
1687738000,592057
1687738000,604526
1687738000,607548
1687738000,608860
1687738000,617194
1687738000,624855
1687738000,635965
1687738001,193589
1687738001,194859
1687738001,200739
1687738001,203097
1687738001,216919
1687738001,227892
1687738001,265376
1687738001,267395
1687738001,267930
1687738001,268472
1687738001,313250
1687738001,314701
1687738001,345212
1687738001,357287
1687738001,370386
1687738001,427259
1687738001,437665
1687738001,462452
1687738001,513088
1687738001,519985
1687738001,538582
1687738001,567890
1687738001,596260
1687738001,605145
1687738001,606727
1687738001,615008
1687738001,618913
1687738001,625530
1687738001,634275
1687738002,199286
1687738002,209629
1687738002,212050
1687738002,215141
1687738002,268376
1687738002,269417
1687738002,271376
1687738002,311871
1687738002,321486
1687738002,345009
1687738002,350283
1687738002,380286
1687738002,387948
1687738002,427236
1687738002,469585
1687738002,531715
1687738002,542881
1687738002,557769
1687738002,563042
1687738002,608314
1687738002,632000
1687738002,635338
1687738002,645340
1687738003,217920
1687738003,218871
1687738003,219550
1687738003,228125
1687738003,230241
1687738003,232418
1687738003,270841
1687738003,272043
1687738003,273855
1687738003,274893
1687738003,276403
1687738003,311678
1687738003,314591
1687738003,316560
1687738003,317538
1687738003,319105
1687738003,331033
1687738003,336135
1687738003,337258
1687738003,360499
1687738003,364342
1687738003,413713
1687738003,420054
1687738003,448351
1687738003,455410
1687738003,459867
1687738003,474201
1687738003,510572
1687738003,521032
1687738003,535941
1687738003,542123
1687738003,556044
1687738003,598883
1687738003,600834
1687738003,605880
1687738003,611498
1687738003,625408
1687738003,635444
1687738003,650312
1687738004,228731
1687738004,229993
1687738004,232416
1687738004,243416
1687738004,274547
1687738004,276511
1687738004,277819
1687738004,278440
1687738004,279546
1687738004,312533
1687738004,316662
1687738004,321173
1687738004,357792
1687738004,359956
1687738004,368102
1687738004,444010
1687738004,444944
1687738004,451581
1687738004,451981
1687738004,464422
1687738004,533532
1687738004,535294
1687738004,536779
1687738004,550179
1687738004,596295
1687738004,605040
1687738004,612413
1687738004,612827
1687738004,625373
1687738004,626201
1687738004,632073
1687738004,639660
1687738004,642103
1687738005,231915
1687738005,234619
1687738005,236934
1687738005,239635
1687738005,242255
1687738005,282105
1687738005,282109
1687738005,282452
1687738005,282729
1687738005,286085
1687738005,309538
1687738005,313911
1687738005,318145
1687738005,319437
1687738005,327455
1687738005,358190
1687738005,364963
1687738005,372253
1687738005,376461
1687738005,384409
1687738005,395515
1687738005,411232
1687738005,462617
1687738005,481163
1687738005,498996
1687738005,511126
1687738005,544361
1687738005,547355
1687738005,561557
1687738005,602807
1687738005,604585
1687738006,239124
1687738006,241080
1687738006,242594
1687738006,245924
1687738006,247407
1687738006,285456
1687738006,287706
1687738006,288836
1687738006,290812
1687738006,291768
1687738006,325258
1687738006,329843
1687738006,339257
1687738006,347505
1687738006,351247
1687738006,369719
1687738006,435757
1687738006,439931
1687738006,465322
1687738006,481617
1687738006,495559
1687738006,511644
1687738006,522440
1687738006,538061
1687738006,562397
1687738006,571321
1687738006,580016
1687738006,591602
1687738006,595645
1687738006,602756
1687738006,613739
1687738006,632542
1687738006,638349
1687738006,639646
1687738007,239708
1687738007,245457
1687738007,247837
1687738007,260477
1687738007,273223
1687738007,290897
1687738007,291475
1687738007,293867
1687738007,296674
1687738007,312722
1687738007,316506
1687738007,316632
1687738007,328798
1687738007,341092
1687738007,342703
1687738007,365053
1687738007,365154
1687738007,384215
1687738007,385982
1687738007,406253
1687738007,418931
1687738007,478764
1687738007,507297
1687738007,562972
1687738007,600236
1687738007,620144
1687738007,626105
1687738007,628395
1687738007,651053
1687738008,242167
1687738008,245239
1687738008,246749
1687738008,247299
1687738008,247465
1687738008,251427
1687738008,295203
1687738008,308580
1687738008,324349
1687738008,330683
1687738008,336849
1687738008,338010
1687738008,344751
1687738008,364552
1687738008,364692
1687738008,369119
1687738008,371380
1687738008,373462
1687738008,412058
1687738008,420463
1687738008,465418
1687738008,466486
1687738008,503546
1687738008,512194
1687738008,554932
1687738008,578473
1687738008,579239
1687738008,597581
1687738008,612885
1687738008,623901
1687738008,634964
1687738009,243027
1687738009,246216
1687738009,247174
1687738009,252292
1687738009,271100
1687738009,312795
1687738009,313881
1687738009,331952
1687738009,342105
1687738009,343947
1687738009,353270
1687738009,366756
1687738009,396983
1687738009,407468
1687738009,417711
1687738009,425591
1687738009,426167
1687738009,493797
1687738009,495480
1687738009,506401
1687738009,521524
1687738009,561820
1687738009,578324
1687738009,579716
1687738009,595413
1687738009,622359
1687738009,626491
1687738009,648816
1687738010,247825
1687738010,248766
1687738010,250326
1687738010,251996
1687738010,252535
1687738010,310480
1687738010,325740
1687738010,330027
1687738010,331941
1687738010,334414
1687738010,337961
1687738010,340264
1687738010,367672
1687738010,409418
1687738010,434003
1687738010,438841
1687738010,454558
1687738010,468652
1687738010,483001
1687738010,504773
1687738010,506228
1687738010,517740
1687738010,518171
1687738010,519529
1687738010,563891
1687738010,591417
1687738010,594910
1687738010,621402
1687738010,636252
1687738011,244017
1687738011,246291
1687738011,251920
1687738011,318998
1687738011,319494
1687738011,370740
1687738011,382472
1687738011,399118
1687738011,456356
1687738011,471900
1687738011,478993
1687738011,487136
1687738011,487893
1687738011,500207
1687738011,507388
1687738011,516305
1687738011,521493
1687738011,551354
1687738011,561922
1687738011,562348
1687738011,562461
1687738011,597218
1687738011,614365
1687738011,624607
1687738011,625707
1687738011,633077
1687738011,650382
1687738012,245559
1687738012,251494
1687738012,251808
1687738012,252559
1687738012,315622
1687738012,321346
1687738012,329613
1687738012,336633
1687738012,338139
1687738012,346348
1687738012,351756
1687738012,365854
1687738012,369836
1687738012,377504
1687738012,404144
1687738012,407530
1687738012,422360
1687738012,425780
1687738012,440544
1687738012,443819
1687738012,465684
1687738012,515982
1687738012,533173
1687738012,562695
1687738012,595325
1687738012,599571
1687738012,615077
1687738012,628322
1687738013,248308
1687738013,249629
1687738013,250322
1687738013,251747
1687738013,251898
1687738013,256039
1687738013,264194
1687738013,292518
1687738013,316088
1687738013,316964
1687738013,317228
1687738013,319779
1687738013,337351
1687738013,337446
1687738013,363165
1687738013,375768
1687738013,412817
1687738013,453625
1687738013,466022
1687738013,467534
1687738013,503893
1687738013,544922
1687738013,546882
1687738013,562371
1687738013,592453
1687738013,616184
1687738013,625921
1687738013,636663
1687738013,637933
1687738013,648068
1687738014,179368
1687738014,188464
1687738014,206627
1687738014,227588
1687738014,244970
1687738014,250579
1687738014,250986
1687738014,253118
1687738014,254639
1687738014,297102
1687738014,314664
1687738014,318603
1687738014,328961
1687738014,336632
1687738014,363663
1687738014,364765
1687738014,366195
1687738014,413376
1687738014,423732
1687738014,457139
1687738014,507225
1687738014,520279
1687738014,539870
1687738014,593100
1687738014,596512
1687738014,607105
1687738014,607357
1687738014,632902
1687738014,649317
1687738015,150130
1687738015,154918
1687738015,160962
1687738015,170569
1687738015,252711
1687738015,253642
1687738015,254108
1687738015,256615
1687738015,256698
1687738015,313281
1687738015,320399
1687738015,355330
1687738015,445923
1687738015,449973
1687738015,458981
1687738015,466743
1687738015,467255
1687738015,534566
1687738015,544290
1687738015,555486
1687738015,560235
1687738015,604148
1687738015,607016
1687738015,622312
1687738015,622834
1687738015,632715
1687738015,637742
1687738015,647100
1687738016,137741
1687738016,139901
1687738016,141083
1687738016,141286
1687738016,141897
1687738016,142672
1687738016,147198
1687738016,252179
1687738016,257690
1687738016,257851
1687738016,312287
1687738016,318127
1687738016,318664
1687738016,322037
1687738016,327032
1687738016,335819
1687738016,357570
1687738016,365277
1687738016,376469
1687738016,413308
1687738016,442034
1687738016,461835
1687738016,469938
1687738016,505028
1687738016,529451
1687738016,548419
1687738016,557074
1687738016,560075
1687738016,598370
1687738016,599991
1687738016,625538
1687738016,629319
1687738016,641231
1687738017,141657
1687738017,142946
1687738017,146205
1687738017,246186
1687738017,255174
1687738017,255731
1687738017,256031
1687738017,258160
1687738017,260595
1687738017,325872
1687738017,360715
1687738017,371466
1687738017,381681
1687738017,403815
1687738017,426668
1687738017,460978
1687738017,464311
1687738017,523260
1687738017,548616
1687738017,603441
1687738017,607362
1687738017,608246
1687738017,621151
1687738017,636581
1687738017,636914
1687738017,645640
1687738018,147445
1687738018,148440
1687738018,151648
1687738018,157295
1687738018,158589
1687738018,250553
1687738018,258657
1687738018,258842
1687738018,258950
1687738018,259399
1687738018,261080
1687738018,311702
1687738018,315449
1687738018,324009
1687738018,327574
1687738018,336535
1687738018,351474
1687738018,354628
1687738018,397619
1687738018,417494
1687738018,433794
1687738018,439439
1687738018,510189
1687738018,510819
1687738018,527503
1687738018,578486
1687738018,584637
1687738018,603499
1687738018,604449
1687738018,625645
1687738018,628467
1687738019,158493
1687738019,165858
1687738019,169318
1687738019,169895
1687738019,171745
1687738019,259892
1687738019,260062
1687738019,262717
1687738019,263544
1687738019,263558
1687738019,263728
1687738019,317539
1687738019,354545
1687738019,375111
1687738019,404284
1687738019,451423
1687738019,467213
1687738019,493840
1687738019,496321
1687738019,549141
1687738019,550216
1687738019,574271
1687738019,615138
1687738019,620614
1687738019,635132
1687738019,645861
1687738020,180801
1687738020,182782
1687738020,186264
1687738020,193809
1687738020,261308
1687738020,262848
1687738020,265515
1687738020,266261
1687738020,266344
1687738020,311190
1687738020,312664
1687738020,321060
1687738020,330243
1687738020,330544
1687738020,335134
1687738020,340231
1687738020,342190
1687738020,406149
1687738020,422335
1687738020,440002
1687738020,492927
1687738020,497014
1687738020,526620
1687738020,583249
1687738020,593038
1687738020,603625
1687738020,607572
1687738020,608128
1687738020,635899
1687738021,193641
1687738021,194780
1687738021,201274
1687738021,202805
1687738021,257478
1687738021,265488
1687738021,267467
1687738021,267880
1687738021,268468
1687738021,271170
1687738021,312974
1687738021,315105
1687738021,322284
1687738021,346543
1687738021,355908
1687738021,372208
1687738021,404506
1687738021,429273
1687738021,439828
1687738021,464387
1687738021,511270
1687738021,521545
1687738021,540209
1687738021,569382
1687738021,595011
1687738021,605783
1687738021,607763
1687738021,613802
1687738021,619598
1687738021,624632
1687738021,632721
1687738021,634057
1687738022,199331
1687738022,209859
1687738022,211754
1687738022,215270
1687738022,268287
1687738022,271445
1687738022,272070
1687738022,311593
1687738022,314254
1687738022,343737
1687738022,378665
1687738022,389793
1687738022,425005
1687738022,432202
1687738022,467579
1687738022,529772
1687738022,544433
1687738022,555958
1687738022,607535
1687738022,635414
1687738022,645534
1687738023,218066
1687738023,219349
1687738023,219608
1687738023,228023
1687738023,230092
1687738023,232722
1687738023,269511
1687738023,273773
1687738023,274894
1687738023,276477
1687738023,312341
1687738023,317808
1687738023,318437
1687738023,337089
1687738023,362008
1687738023,362975
1687738023,422206
1687738023,446489
1687738023,457414
1687738023,475892
1687738023,522606
1687738023,534242
1687738023,543791
1687738023,557485
1687738023,604711
1687738023,612286
1687738023,635524
1687738024,228382
1687738024,230083
1687738024,232814
1687738024,243258
1687738024,270879
1687738024,274503
1687738024,276623
1687738024,277847
1687738024,278430
1687738024,279514
1687738024,311283
1687738024,312190
1687738024,316481
1687738024,317499
1687738024,321698
1687738024,339720
1687738024,356448
1687738024,361779
1687738024,442067
1687738024,442816
1687738024,449889
1687738024,453531
1687738024,531672
1687738024,535177
1687738024,536842
1687738024,548209
1687738024,597361
1687738024,605674
1687738024,611460
1687738024,612037
1687738024,624954
1687738024,632131
1687738024,639928
1687738024,642475
1687738025,231979
1687738025,234428
1687738025,237053
1687738025,239456
1687738025,242662
1687738025,282040
1687738025,282225
1687738025,282402
1687738025,282866
1687738025,286053
1687738025,309882
1687738025,313759
1687738025,317683
1687738025,319117
1687738025,328211
1687738025,348829
1687738025,348876
1687738025,356769
1687738025,363382
1687738025,370881
1687738025,378162
1687738025,386240
1687738025,397675
1687738025,464270
1687738025,483021
1687738025,500930
1687738025,545580
1687738025,545946
1687738025,605180
1687738026,180515
1687738026,241083
1687738026,242603
1687738026,246251
1687738026,247350
1687738026,285478
1687738026,287659
1687738026,288876
1687738026,290825
1687738026,290968
1687738026,291554
1687738026,293946
1687738026,296664
1687738026,316911
1687738026,324586
1687738026,349475
1687738026,437608
1687738026,437839
1687738026,479712
1687738026,510010
1687738026,536335
1687738026,569908
1687738026,581409
1687738026,592713
1687738026,594330
1687738026,601960
1687738026,614482
1687738026,633387
1687738026,637618
1687738026,639359
1687738027,239888
1687738027,245470
1687738027,247649
1687738027,250722
1687738027,260559
1687738027,273996
1687738027,290842
1687738027,297105
1687738027,312724
1687738027,317145
1687738027,329586
1687738027,341346
1687738027,341707
1687738027,365569
1687738027,366706
1687738027,370866
1687738027,382706
1687738027,384601
1687738027,408110
1687738027,416985
1687738027,477058
1687738027,517416
1687738027,561248
1687738027,619443
1687738027,628685
1687738028,245198
1687738028,246774
1687738028,247388
1687738028,247458
1687738028,251221
1687738028,295194
1687738028,308474
1687738028,312802
1687738028,323822
1687738028,330810
1687738028,337238
1687738028,337772
1687738028,344377
1687738028,364322
1687738028,364691
1687738028,370552
1687738028,422208
1687738028,467499
1687738028,468643
1687738028,505185
1687738028,510330
1687738028,556549
1687738028,577705
1687738028,579947
1687738028,596252
1687738028,613785
1687738028,624813
1687738028,634048
1687738028,641061
1687738029,216930
1687738029,243144
1687738029,246062
1687738029,247100
1687738029,252519
1687738029,313955
1687738029,330960
1687738029,339064
1687738029,340994
1687738029,344049
1687738029,353725
1687738029,367069
1687738029,395455
1687738029,408466
1687738029,415819
1687738029,427478
1687738029,428196
1687738029,492044
1687738029,493745
1687738029,507938
1687738029,523259
1687738029,563331
1687738029,578480
1687738029,579580
1687738029,623095
1687738029,626115
1687738029,626647
1687738029,648543
1687738030,246327
1687738030,247897
1687738030,252171
1687738030,252395
1687738030,310362
1687738030,326533
1687738030,330064
1687738030,330875
1687738030,333551
1687738030,341382
1687738030,369055
1687738030,401907
1687738030,407740
1687738030,439088
1687738030,454918
1687738030,470826
1687738030,483707
1687738030,504244
1687738030,504939
1687738030,518377
1687738030,519281
1687738030,519628
1687738030,565285
1687738030,592609
1687738030,595937
1687738030,619399
1687738030,620283
1687738030,636680
1687738031,244000
1687738031,246440
1687738031,248581
1687738031,250290
1687738031,251882
1687738031,318612
1687738031,320195
1687738031,369136
1687738031,381025
1687738031,401061
1687738031,454435
1687738031,470085
1687738031,486697
1687738031,489677
1687738031,500107
1687738031,505546
1687738031,516089
1687738031,521503
1687738031,549603
1687738031,560231
1687738031,563966
1687738031,595947
1687738031,601587
1687738031,615014
1687738031,623801
1687738031,626743
1687738031,650159
1687738032,245521
1687738032,251554
1687738032,251930
1687738032,252586
1687738032,315975
1687738032,320751
1687738032,329862
1687738032,335566
1687738032,337659
1687738032,345334
1687738032,353256
1687738032,367419
1687738032,369239
1687738032,379436
1687738032,403577
1687738032,405673
1687738032,421880
1687738032,423946
1687738032,440351
1687738032,445825
1687738032,457279
1687738032,465027
1687738032,514172
1687738032,534681
1687738032,563086
1687738032,564058
1687738032,564243
1687738032,594216
1687738032,600435
1687738032,615887
1687738032,628174
1687738033,238947
1687738033,248474
1687738033,249537
1687738033,250339
1687738033,251619
1687738033,251842
1687738033,256111
1687738033,263666
1687738033,291947
1687738033,316566
1687738033,317745
1687738033,319308
1687738033,336499
1687738033,338464
1687738033,377651
1687738033,411121
1687738033,451769
1687738033,467801
1687738033,469630
1687738033,502195
1687738033,523942
1687738033,543164
1687738033,548456
1687738033,590902
1687738033,615177
1687738033,626937
1687738033,636281
1687738033,638312
1687738033,647660
1687738034,179198
1687738034,188128
1687738034,206190
1687738034,241986
1687738034,244654
1687738034,250632
1687738034,250964
1687738034,253262
1687738034,253594
1687738034,254493
1687738034,257518
1687738034,314722
1687738034,315672
1687738034,319038
1687738034,329162
1687738034,335672
1687738034,362140
1687738034,364758
1687738034,364945
1687738034,366072
1687738034,425778
1687738034,448000
1687738034,459099
1687738034,505087
1687738034,521842
1687738034,538124
1687738034,594316
1687738034,606118
1687738034,608035
1687738034,632771
1687738035,150062
1687738035,154923
1687738035,160812
1687738035,170290
1687738035,252567
1687738035,254286
1687738035,256548
1687738035,256606
1687738035,313583
1687738035,320091
1687738035,356945
1687738035,447563
1687738035,465486
1687738035,468883
1687738035,532714
1687738035,545774
1687738035,553529
1687738035,561784
1687738035,605897
1687738035,621905
1687738035,623373
1687738035,633418
1687738035,637943
1687738035,646838
1687738036,137771
1687738036,139781
1687738036,141048
1687738036,141806
1687738036,142751
1687738036,147025
1687738036,252251
1687738036,257716
1687738036,257868
1687738036,311906
1687738036,318603
1687738036,319034
1687738036,321621
1687738036,327459
1687738036,334817
1687738036,356281
1687738036,367051
1687738036,373750
1687738036,374920
1687738036,411329
1687738036,440299
1687738036,463810
1687738036,468093
1687738036,502932
1687738036,531006
1687738036,549869
1687738036,558407
1687738036,558639
1687738036,598544
1687738036,599352
1687738036,618497
1687738036,629597
1687738037,141772
1687738037,142978
1687738037,146303
1687738037,255200
1687738037,255583
1687738037,256121
1687738037,258167
1687738037,260547
1687738037,311313
1687738037,325294
1687738037,341091
1687738037,362293
1687738037,373314
1687738037,379928
1687738037,463072
1687738037,466285
1687738037,521511
1687738037,550051
1687738037,602288
1687738037,602506
1687738037,607981
1687738037,608855
1687738037,622347
1687738037,633960
1687738037,637030
1687738037,645642
1687738038,147549
1687738038,148411
1687738038,151717
1687738038,157315
1687738038,158637
1687738038,258630
1687738038,258798
1687738038,258841
1687738038,261216
1687738038,263542
1687738038,311336
1687738038,315064
1687738038,324345
1687738038,328323
1687738038,335592
1687738038,353326
1687738038,415804
1687738038,428421
1687738038,431819
1687738038,437671
1687738038,508155
1687738038,512411
1687738038,525604
1687738038,577084
1687738038,585932
1687738038,603135
1687738038,626196
1687738038,627960
1687738039,158526
1687738039,166004
1687738039,169313
1687738039,169941
1687738039,171899
1687738039,180567
1687738039,259880
1687738039,260071
1687738039,262647
1687738039,263646
1687738039,263658
1687738039,317878
1687738039,334331
1687738039,356065
1687738039,376864
1687738039,399672
1687738039,402664
1687738039,402676
1687738039,453610
1687738039,469145
1687738039,480964
1687738039,492070
1687738039,498094
1687738039,550726
1687738039,551690
1687738039,575622
1687738039,616313
1687738039,621555
1687738039,634567
1687738039,635760
1687738039,645891
1687738040,180832
1687738040,182776
1687738040,186391
1687738040,193559
1687738040,261398
1687738040,262772
1687738040,265534
1687738040,266357
1687738040,266362
1687738040,312732
1687738040,321165
1687738040,329404
1687738040,331477
1687738040,339282
1687738040,343313
1687738040,408002
1687738040,420411
1687738040,438025
1687738040,494631
1687738040,495268
1687738040,515444
1687738040,524758
1687738040,581664
1687738040,595272
1687738040,602698
1687738040,606271
1687738040,608702
1687738041,193711
1687738041,194675
1687738041,201798
1687738041,202503
1687738041,227279
1687738041,265611
1687738041,267537
1687738041,267833
1687738041,271221
1687738041,312676
1687738041,315519
1687738041,323103
1687738041,347911
1687738041,354553
1687738041,373992
1687738041,411813
1687738041,431305
1687738041,442026
1687738041,466291
1687738041,509470
1687738041,523119
1687738041,541779
1687738041,554164
1687738041,570871
1687738041,593726
1687738041,606429
1687738041,606731
1687738041,608773
1687738041,612612
1687738041,620278
1687738041,623714
1687738041,633793
1687738041,635414
1687738042,199396
1687738042,210076
1687738042,211469
1687738042,215389
1687738042,216931
1687738042,268188
1687738042,269585
1687738042,270926
1687738042,311332
1687738042,313928
1687738042,316423
1687738042,342506
1687738042,347417
1687738042,377055
1687738042,391661
1687738042,422824
1687738042,430421
1687738042,465615
1687738042,477563
1687738042,527855
1687738042,546029
1687738042,604899
1687738042,645684
1687738043,141250
1687738043,218240
1687738043,219693
1687738043,219819
1687738043,227916
1687738043,229903
1687738043,233021
1687738043,273664
1687738043,274893
1687738043,313003
1687738043,317790
1687738043,318090
1687738043,338117
1687738043,361598
1687738043,363560
1687738043,424364
1687738043,444584
1687738043,459386
1687738043,524177
1687738043,532510
1687738043,545457
1687738043,558930
1687738043,603501
1687738043,613096
1687738043,635541
1687738044,228066
1687738044,230211
1687738044,233159
1687738044,243046
1687738044,274442
1687738044,276749
1687738044,277875
1687738044,278436
1687738044,279485
1687738044,311837
1687738044,318367
1687738044,355116
1687738044,363614
1687738044,440126
1687738044,440671
1687738044,447819
1687738044,455472
1687738044,455573
1687738044,529804
1687738044,533548
1687738044,538389
1687738044,546224
1687738044,598411
1687738044,602289
1687738044,606283
1687738044,610459
1687738044,611270
1687738044,623713
1687738044,632152
1687738044,640145
1687738044,642850
1687738045,232067
1687738045,234231
1687738045,237165
1687738045,239260
1687738045,243058
1687738045,259484
1687738045,281981
1687738045,282310
1687738045,282379
1687738045,282997
1687738045,286039
1687738045,310248
1687738045,313648
1687738045,317227
1687738045,318842
1687738045,328989
1687738045,350122
1687738045,355366
1687738045,361878
1687738045,369454
1687738045,379892
1687738045,388059
1687738045,399822
1687738045,465936
1687738045,484864
1687738045,502848
1687738045,543838
1687738045,547555
1687738045,564590
1687738045,605768
1687738045,636662
1687738046,238783
1687738046,241055
1687738046,242623
1687738046,246593
1687738046,247278
1687738046,247454
1687738046,285506
1687738046,287619
1687738046,288889
1687738046,290226
1687738046,294023
1687738046,323940
1687738046,347760
1687738046,350336
1687738046,435773
1687738046,439484
1687738046,477799
1687738046,508360
1687738046,525468
1687738046,534589
1687738046,568481
1687738046,582817
1687738046,592951
1687738046,593857
1687738046,601183
1687738046,615204
1687738046,634162
1687738046,636879
1687738046,639038
1687738047,240081
1687738047,245493
1687738047,247618
1687738047,250870
1687738047,260650
1687738047,274746
1687738047,295183
1687738047,297091
1687738047,312727
1687738047,317275
1687738047,317682
1687738047,330413
1687738047,340733
1687738047,341568
1687738047,365964
1687738047,368379
1687738047,381187
1687738047,383240
1687738047,409982
1687738047,415047
1687738047,475346
1687738047,559527
1687738047,614728
1687738047,618724
1687738047,628934
1687738048,241827
1687738048,245150
1687738048,247323
1687738048,250982
1687738048,308413
1687738048,312817
1687738048,323296
1687738048,338690
1687738048,344032
1687738048,364149
1687738048,364690
1687738048,370366
1687738048,423954
1687738048,469598
1687738048,506800
1687738048,508454
1687738048,558149
1687738048,576152
1687738048,581410
1687738048,594017
1687738048,594870
1687738048,625691
1687738048,633123
1687738048,633438
1687738048,640880
1687738049,243250
1687738049,245916
1687738049,246770
1687738049,247038
1687738049,252754
1687738049,314050
1687738049,329988
1687738049,339890
1687738049,340218
1687738049,344129
1687738049,354155
1687738049,367338
1687738049,374022
1687738049,393962
1687738049,409380
1687738049,413927
1687738049,429365
1687738049,430213
1687738049,490280
1687738049,492003
1687738049,509460
1687738049,520869
1687738049,524975
1687738049,577233
1687738049,580864
1687738049,623772
1687738049,625741
1687738050,246495
1687738050,248005
1687738050,252234
1687738050,252332
1687738050,268468
1687738050,272106
1687738050,276514
1687738050,310243
1687738050,327362
1687738050,329843
1687738050,342532
1687738050,399987
1687738050,439335
1687738050,455259
1687738050,484410
1687738050,505121
1687738050,518558
1687738050,519737
1687738050,593757
1687738050,596907
1687738050,615711
1687738050,619141
1687738050,634818
1687738050,637090
1687738051,246592
1687738051,248391
1687738051,250255
1687738051,251838
1687738051,252623
1687738051,311091
1687738051,318250
1687738051,320935
1687738051,367573
1687738051,379599
1687738051,402985
1687738051,452525
1687738051,468257
1687738051,486294
1687738051,491477
1687738051,500000
1687738051,515836
1687738051,547865
1687738051,558543
1687738051,566667
1687738051,593041
1687738051,622975
1687738052,245496
1687738052,251585
1687738052,252040
1687738052,316336
1687738052,322232
1687738052,337205
1687738052,344312
1687738052,354845
1687738052,368651
1687738052,381378
1687738052,402993
1687738052,421401
1687738052,422130
1687738052,440152
1687738052,447845
1687738052,464357
1687738052,512427
1687738052,536214
1687738052,565806
1687738052,601269
1687738052,616751
1687738052,628016
1687738053,226986
1687738053,248648
1687738053,249461
1687738053,250379
1687738053,251357
1687738053,251921
1687738053,256160
1687738053,263143
1687738053,290768
1687738053,291348
1687738053,291644
1687738053,315296
1687738053,316152
1687738053,318300
1687738053,318833
1687738053,319475
1687738053,320183
1687738053,335584
1687738053,339591
1687738053,379570
1687738053,409447
1687738053,449928
1687738053,469604
1687738053,500513
1687738053,541443
1687738053,549985
1687738053,589350
1687738053,593991
1687738053,614164
1687738053,627914
1687738053,635884
1687738053,638623
1687738053,647234
1687738054,179035
1687738054,205748
1687738054,244329
1687738054,250652
1687738054,250943
1687738054,253404
1687738054,254370
1687738054,257540
1687738054,290867
1687738054,296675
1687738054,314795
1687738054,329341
1687738054,334741
1687738054,360659
1687738054,366766
1687738054,367400
1687738054,410196
1687738054,427831
1687738054,461078
1687738054,502983
1687738054,523401
1687738054,536361
1687738054,595509
1687738054,605109
1687738054,608684
1687738054,632634
1687738055,150000
1687738055,154923
1687738055,160641
1687738055,170032
1687738055,187806
1687738055,252419
1687738055,253573
1687738055,254463
1687738055,256464
1687738055,256533
1687738055,271534
1687738055,313867
1687738055,319791
1687738055,358560
1687738055,449211
1687738055,463700
1687738055,471036
1687738055,530864
1687738055,547232
1687738055,551560
1687738055,563373
1687738055,604783
1687738055,620965
1687738055,624415
1687738055,634120
1687738055,638085
1687738055,646556
1687738056,137805
1687738056,139673
1687738056,141005
1687738056,141199
1687738056,141722
1687738056,142842
1687738056,146848
1687738056,252327
1687738056,257743
1687738056,257886
1687738056,311558
1687738056,319084
1687738056,319412
1687738056,321227
1687738056,327880
1687738056,333827
1687738056,355035
1687738056,368838
1687738056,373372
1687738056,409352
1687738056,438569
1687738056,465804
1687738056,466342
1687738056,500868
1687738056,532533
1687738056,551325
1687738056,556748
1687738056,560180
1687738056,597074
1687738056,600283
1687738056,617612
1687738056,629869
1687738057,141888
1687738057,143019
1687738057,146406
1687738057,243981
1687738057,255240
1687738057,255419
1687738057,256224
1687738057,258183
1687738057,260505
1687738057,311347
1687738057,324748
1687738057,342470
1687738057,363852
1687738057,375159
1687738057,465150
1687738057,468279
1687738057,519799
1687738057,551496
1687738057,601109
1687738057,601535
1687738057,608626
1687738057,609475
1687738057,623495
1687738057,637096
1687738057,645618
1687738058,147664
1687738058,148384
1687738058,151800
1687738058,157337
1687738058,158666
1687738058,166178
1687738058,258602
1687738058,258643
1687738058,258824
1687738058,259565
1687738058,261340
1687738058,263511
1687738058,310994
1687738058,324686
1687738058,329083
1687738058,334722
1687738058,348782
1687738058,352039
1687738058,414120
1687738058,430172
1687738058,435866
1687738058,506140
1687738058,513994
1687738058,521494
1687738058,523749
1687738058,575664
1687738058,587201
1687738058,601723
1687738058,626738
1687738058,627457
1687738059,158575
1687738059,169313
1687738059,169974
1687738059,172068
1687738059,180612
1687738059,259851
1687738059,260087
1687738059,262570
1687738059,263569
1687738059,263757
1687738059,311019
1687738059,318233
1687738059,333555
1687738059,357647
1687738059,378645
1687738059,400824
1687738059,401095
1687738059,401738
1687738059,455795
1687738059,471114
1687738059,482919
1687738059,490261
1687738059,499823
1687738059,552291
1687738059,553140
1687738059,576949
1687738059,617490
1687738059,622446
1687738059,633957
1687738059,645915
1687738060,180880
1687738060,182767
1687738060,186527
1687738060,193282
1687738060,261491
1687738060,262698
1687738060,265557
1687738060,266378
1687738060,266459
1687738060,312831
1687738060,321288
1687738060,328575
1687738060,332423
1687738060,338378
1687738060,344485
1687738060,363334
1687738060,409852
1687738060,418509
1687738060,436026
1687738060,493475
1687738060,496328
1687738060,513502
1687738060,522877
1687738060,580052
1687738060,601784
1687738060,604941
1687738060,609248
1687738060,635569
1687738061,193783
1687738061,194550
1687738061,202212
1687738061,202347
1687738061,265690
1687738061,267594
1687738061,267779
1687738061,271256
1687738061,312341
1687738061,315915
1687738061,349324
1687738061,353205
1687738061,375458
1687738061,375737
1687738061,433327
1687738061,444219
1687738061,446033
1687738061,507712
1687738061,524717
1687738061,543334
1687738061,572324
1687738061,592448
1687738061,594964
1687738061,607034
1687738061,609762
1687738061,611410
1687738061,620954
1687738061,622788
1687738061,633507
1687738061,634092
1687738061,636772
1687738062,199503
1687738062,210292
1687738062,211214
1687738062,215496
1687738062,216922
1687738062,268087
1687738062,269645
1687738062,270987
1687738062,271622
1687738062,311101
1687738062,313606
1687738062,316392
1687738062,318389
1687738062,323962
1687738062,341319
1687738062,346060
1687738062,393553
1687738062,420696
1687738062,428653
1687738062,442617
1687738062,463652
1687738062,479197
1687738062,525974
1687738062,530778
1687738062,547633
1687738062,552425
1687738062,560375
1687738062,605644
1687738062,645815
1687738063,218412
1687738063,219780
1687738063,220254
1687738063,227787
1687738063,229693
1687738063,233299
1687738063,272144
1687738063,274891
1687738063,276525
1687738063,313645
1687738063,317179
1687738063,339214
1687738063,360207
1687738063,365163
1687738063,461348
1687738063,525728
1687738063,547138
1687738063,602306
1687738063,613928
1687738063,635505
1687738064,227779
1687738064,230363
1687738064,233458
1687738064,242790
1687738064,274404
1687738064,276883
1687738064,277901
1687738064,278446
1687738064,279465
1687738064,311475
1687738064,319205
1687738064,353775
1687738064,365464
1687738064,429885
1687738064,438172
1687738064,438502
1687738064,445786
1687738064,453854
1687738064,457378
1687738064,528002
1687738064,531914
1687738064,539920
1687738064,544198
1687738064,599431
1687738064,602937
1687738064,606895
1687738064,609443
1687738064,610542
1687738064,622476
1687738064,632156
1687738064,640329
1687738064,643182
1687738065,232176
1687738065,234030
1687738065,237296
1687738065,239062
1687738065,243443
1687738065,268498
1687738065,281924
1687738065,282381
1687738065,282385
1687738065,283128
1687738065,286037
1687738065,310628
1687738065,313563
1687738065,314664
1687738065,316803
1687738065,318579
1687738065,322763
1687738065,329754
1687738065,353968
1687738065,360448
1687738065,368003
1687738065,381635
1687738065,389837
1687738065,401943
1687738065,467611
1687738065,486700
1687738065,504729
1687738065,542107
1687738065,549172
1687738065,566078
1687738065,606369
1687738066,238625
1687738066,241005
1687738066,242655
1687738066,246903
1687738066,247207
1687738066,247249
1687738066,285538
1687738066,287588
1687738066,288882
1687738066,289548
1687738066,290724
1687738066,291745
1687738066,323317
1687738066,346106
1687738066,370096
1687738066,433701
1687738066,441371
1687738066,475853
1687738066,506729
1687738066,527003
1687738066,532821
1687738066,567011
1687738066,584207
1687738066,591545
1687738066,594974
1687738066,600408
1687738066,615949
1687738066,634906
1687738066,636136
1687738066,638659
1687738067,240267
1687738067,245506
1687738067,246752
1687738067,247260
1687738067,247769
1687738067,251006
1687738067,260725
1687738067,275460
1687738067,290875
1687738067,294110
1687738067,295173
1687738067,296698
1687738067,297061
1687738067,312757
1687738067,317631
1687738067,318242
1687738067,331286
1687738067,339757
1687738067,341794
1687738067,366376
1687738067,379697
1687738067,381878
1687738067,411864
1687738067,413127
1687738067,473616
1687738067,557801
1687738067,617973
1687738067,629133
1687738068,241693
1687738068,245077
1687738068,250746
1687738068,308389
1687738068,322771
1687738068,339633
1687738068,343734
1687738068,364023
1687738068,364707
1687738068,369874
1687738068,378189
1687738068,425676
1687738068,471704
1687738068,506580
1687738068,508398
1687738068,559718
1687738068,574549
1687738068,582815
1687738068,593464
1687738068,615705
1687738068,626548
1687738068,632150
1687738068,640680
1687738069,243384
1687738069,245786
1687738069,246958
1687738069,253009
1687738069,312838
1687738069,314176
1687738069,329051
1687738069,338816
1687738069,341412
1687738069,344181
1687738069,354572
1687738069,367556
1687738069,374263
1687738069,392491
1687738069,410247
1687738069,412043
1687738069,431258
1687738069,432203
1687738069,488500
1687738069,490208
1687738069,510975
1687738069,526687
1687738069,575994
1687738069,582168
1687738069,605908
1687738069,624410
1687738069,625358
1687738069,635367
1687738070,243960
1687738070,246689
1687738070,246746
1687738070,248138
1687738070,252047
1687738070,252461
1687738070,273548
1687738070,310114
1687738070,328209
1687738070,328868
1687738070,343701
1687738070,398096
1687738070,439537
1687738070,450621
1687738070,455572
1687738070,485099
1687738070,505317
1687738070,518703
1687738070,519879
1687738070,522500
1687738070,594897
1687738070,597850
1687738070,617960
1687738070,635672
1687738070,637422
1687738071,245478
1687738071,248207
1687738071,251776
1687738071,252664
1687738071,317905
1687738071,319634
1687738071,321691
1687738071,366027
1687738071,378170
1687738071,404896
1687738071,426516
1687738071,466438
1687738071,485897
1687738071,493248
1687738071,499882
1687738071,515595
1687738071,521467
1687738071,546115
1687738071,556844
1687738071,568051
1687738071,616440
1687738071,622150
1687738071,627874
1687738072,251617
1687738072,252150
1687738072,316726
1687738072,336770
1687738072,343281
1687738072,356471
1687738072,368075
1687738072,383341
1687738072,402388
1687738072,420290
1687738072,420953
1687738072,439926
1687738072,449858
1687738072,463659
1687738072,471409
1687738072,484869
1687738072,510669
1687738072,537737
1687738072,567368
1687738072,591877
1687738072,602068
1687738072,617629
1687738073,226691
1687738073,248840
1687738073,249394
1687738073,250454
1687738073,251116
1687738073,256169
1687738073,262638
1687738073,290761
1687738073,315719
1687738073,318338
1687738073,318902
1687738073,334677
1687738073,340750
1687738073,351842
1687738073,361918
1687738073,368619
1687738073,381506
1687738073,407754
1687738073,448105
1687738073,498839
1687738073,539714
1687738073,551476
1687738073,587791
1687738073,613171
1687738073,635496
1687738073,638900
1687738074,149938
1687738074,187486
1687738074,205299
1687738074,243997
1687738074,250914
1687738074,252003
1687738074,253536
1687738074,254236
1687738074,257566
1687738074,314883
1687738074,319911
1687738074,359192
1687738074,429877
1687738074,463091
1687738074,524979
1687738074,534594
1687738074,548660
1687738074,596655
1687738074,604066
1687738074,606394
1687738074,609290
1687738074,632467
1687738074,638183
1687738075,154920
1687738075,160453
1687738075,169802
1687738075,252294
1687738075,253564
1687738075,254628
1687738075,256380
1687738075,314147
1687738075,319493
1687738075,360202
1687738075,450866
1687738075,461921
1687738075,468152
1687738075,529032
1687738075,549593
1687738075,603699
1687738075,620014
1687738075,634807
1687738076,137842
1687738076,139597
1687738076,140973
1687738076,141136
1687738076,141657
1687738076,142928
1687738076,146676
1687738076,252398
1687738076,257777
1687738076,257913
1687738076,311241
1687738076,319584
1687738076,319786
1687738076,320887
1687738076,353835
1687738076,370646
1687738076,371835
1687738076,436819
1687738076,464603
1687738076,467765
1687738076,518130
1687738076,534071
1687738076,552799
1687738076,555116
1687738076,601145
1687738076,616775
1687738076,630164
1687738077,142006
1687738077,143085
1687738077,146515
1687738077,255249
1687738077,255291
1687738077,256307
1687738077,258214
1687738077,260443
1687738077,311379
1687738077,324190
1687738077,329855
1687738077,343854
1687738077,377027
1687738077,470283
1687738077,552898
1687738077,599929
1687738077,600537
1687738077,609285
1687738077,610140
1687738077,637122
1687738078,147766
1687738078,148349
1687738078,151895
1687738078,157354
1687738078,158682
1687738078,250229
1687738078,258514
1687738078,258574
1687738078,258782
1687738078,259676
1687738078,261464
1687738078,263479
1687738078,310678
1687738078,314284
1687738078,325049
1687738078,333875
1687738078,347459
1687738078,350747
1687738078,403774
1687738078,431930
1687738078,434028
1687738078,515557
1687738078,521874
1687738078,574209
1687738078,588432
1687738078,626923
1687738078,627303
1687738079,158621
1687738079,169321
1687738079,169978
1687738079,172248
1687738079,180660
1687738079,259808
1687738079,260108
1687738079,262511
1687738079,263497
1687738079,263859
1687738079,310962
1687738079,318591
1687738079,332784
1687738079,359231
1687738079,380423
1687738079,398966
1687738079,399488
1687738079,458041
1687738079,473102
1687738079,488428
1687738079,501487
1687738079,554595
1687738079,578250
1687738079,618697
1687738079,623340
1687738079,633307
1687738079,645921
1687738080,180951
1687738080,182768
1687738080,186683
1687738080,192996
1687738080,261592
1687738080,262643
1687738080,265592
1687738080,266376
1687738080,266555
1687738080,312935
1687738080,321406
1687738080,327790
1687738080,333402
1687738080,337513
1687738080,345681
1687738080,411712
1687738080,416625
1687738080,434035
1687738080,491632
1687738080,511578
1687738080,521004
1687738080,578396
1687738080,600817
1687738080,603562
1687738080,609808
1687738080,635348
1687738081,193872
1687738081,194414
1687738081,201912
1687738081,202899
1687738081,265774
1687738081,267664
1687738081,267698
1687738081,268558
1687738081,271286
1687738081,311983
1687738081,314945
1687738081,316288
1687738081,350752
1687738081,351872
1687738081,377453
1687738081,435347
1687738081,446423
1687738081,469981
1687738081,505959
1687738081,526351
1687738081,544850
1687738081,573730
1687738081,595891
1687738081,607612
1687738081,610218
1687738081,610767
1687738081,621632
1687738081,621857
1687738081,633191
1687738081,634712
1687738082,199649
1687738082,210465
1687738082,210974
1687738082,215630
1687738082,216899
1687738082,267998
1687738082,269706
1687738082,271078
1687738082,271713
1687738082,273407
1687738082,310902
1687738082,313296
1687738082,316380
1687738082,316604
1687738082,318736
1687738082,324868
1687738082,340195
1687738082,344752
1687738082,373863
1687738082,395427
1687738082,418635
1687738082,426905
1687738082,440665
1687738082,444092
1687738082,461732
1687738082,480813
1687738082,524103
1687738082,529024
1687738082,549245
1687738082,550718
1687738082,561843
1687738082,605058
1687738082,635233
1687738082,645900
1687738083,218591
1687738083,219882
1687738083,220697
1687738083,227650
1687738083,229463
1687738083,233575
1687738083,274887
1687738083,276522
1687738083,314281
1687738083,340371
1687738083,358804
1687738083,366829
1687738083,428697
1687738083,463299
1687738083,527287
1687738083,548803
1687738083,600421
1687738083,601094
1687738083,614789
1687738083,635459
1687738084,227518
1687738084,230541
1687738084,233704
1687738084,242508
1687738084,272172
1687738084,274371
1687738084,277012
1687738084,277926
1687738084,278451
1687738084,279440
1687738084,311110
1687738084,320048
1687738084,352436
1687738084,367282
1687738084,436237
1687738084,436294
1687738084,443758
1687738084,459267
1687738084,526210
1687738084,530272
1687738084,541411
1687738084,542120
1687738084,603564
1687738084,607470
1687738084,608382
1687738084,609806
1687738084,621229
1687738084,632164
1687738084,636899
1687738084,640484
1687738084,643500
1687738085,232294
1687738085,233828
1687738085,237439
1687738085,238903
1687738085,243807
1687738085,281856
1687738085,282402
1687738085,282481
1687738085,283259
1687738085,285576
1687738085,286054
1687738085,311017
1687738085,313517
1687738085,316393
1687738085,318306
1687738085,323329
1687738085,330521
1687738085,352594
1687738085,353355
1687738085,359084
1687738085,366570
1687738085,383367
1687738085,391608
1687738085,404037
1687738085,469307
1687738085,488515
1687738085,506575
1687738085,540378
1687738085,550789
1687738085,567543
1687738085,607008
1687738086,166337
1687738086,178864
1687738086,238473
1687738086,240911
1687738086,242688
1687738086,247031
1687738086,247135
1687738086,247196
1687738086,287555
1687738086,288866
1687738086,288875
1687738086,290688
1687738086,291848
1687738086,322696
1687738086,344525
1687738086,431658
1687738086,443290
1687738086,473862
1687738086,505126
1687738086,528564
1687738086,530994
1687738086,553850
1687738086,585586
1687738086,590116
1687738086,596057
1687738086,599604
1687738086,616767
1687738086,635334
1687738086,635610
1687738086,638286
1687738087,240461
1687738087,245518
1687738087,246721
1687738087,247191
1687738087,250649
1687738087,251137
1687738087,260790
1687738087,290895
1687738087,294186
1687738087,295173
1687738087,296725
1687738087,297031
1687738087,312813
1687738087,317955
1687738087,318786
1687738087,332219
1687738087,342022
1687738087,366802
1687738087,369388
1687738087,371861
1687738087,378203
1687738087,380517
1687738087,411205
1687738087,413749
1687738087,471835
1687738087,556079
1687738087,561257
1687738087,616704
1687738087,617212
1687738087,629332
1687738088,241591
1687738088,244992
1687738088,247914
1687738088,250503
1687738088,308391
1687738088,322235
1687738088,338792
1687738088,340638
1687738088,343492
1687738088,363920
1687738088,364746
1687738088,376467
1687738088,427420
1687738088,473815
1687738088,504685
1687738088,509962
1687738088,572912
1687738088,584209
1687738088,592000
1687738088,627406
1687738088,631146
1687738088,640443
1687738089,243545
1687738089,245666
1687738089,246882
1687738089,253252
1687738089,256431
1687738089,312889
1687738089,314297
1687738089,328141
1687738089,337790
1687738089,342638
1687738089,344273
1687738089,354992
1687738089,367732
1687738089,374458
1687738089,391055
1687738089,410188
1687738089,411063
1687738089,433179
1687738089,434171
1687738089,486708
1687738089,488378
1687738089,512477
1687738089,528387
1687738089,574710
1687738089,583454
1687738089,591162
1687738089,624940
1687738089,625030
1687738090,243941
1687738090,246891
1687738090,246907
1687738090,248273
1687738090,251829
1687738090,252557
1687738090,309991
1687738090,327926
1687738090,329078
1687738090,344935
1687738090,396232
1687738090,439703
1687738090,448757
1687738090,455871
1687738090,485726
1687738090,494977
1687738090,505570
1687738090,518828
1687738090,520051
1687738090,524144
1687738090,596004
1687738090,598792
1687738090,616765
1687738090,636491
1687738090,637688
1687738091,248029
1687738091,250197
1687738091,251648
1687738091,251708
1687738091,252702
1687738091,317156
1687738091,317573
1687738091,319064
1687738091,322479
1687738091,364491
1687738091,376746
1687738091,406808
1687738091,427942
1687738091,464624
1687738091,485506
1687738091,499737
1687738091,515343
1687738091,521423
1687738091,544389
1687738091,555141
1687738091,569433
1687738091,617154
1687738091,621285
1687738091,627762
1687738092,245468
1687738092,252270
1687738092,336348
1687738092,342232
1687738092,367505
1687738092,385332
1687738092,401765
1687738092,418404
1687738092,420531
1687738092,439717
1687738092,451866
1687738092,452098
1687738092,462970
1687738092,486769
1687738092,508911
1687738092,539211
1687738092,568901
1687738092,590718
1687738092,602823
1687738092,618511
1687738093,226400
1687738093,249039
1687738093,249353
1687738093,250543
1687738093,250868
1687738093,256155
1687738093,262159
1687738093,290196
1687738093,315271
1687738093,317827
1687738093,319578
1687738093,333752
1687738093,341960
1687738093,360517
1687738093,370484
1687738093,383456
1687738093,406100
1687738093,446302
1687738093,473192
1687738093,497166
1687738093,537971
1687738093,552962
1687738093,565533
1687738093,586219
1687738093,612180
1687738093,635074
1687738093,639169
1687738094,178699
1687738094,187175
1687738094,204838
1687738094,243652
1687738094,250642
1687738094,250885
1687738094,252087
1687738094,253688
1687738094,254094
1687738094,257588
1687738094,276156
1687738094,314645
1687738094,314967
1687738094,320319
1687738094,357729
1687738094,431889
1687738094,442127
1687738094,465087
1687738094,526558
1687738094,532820
1687738094,597716
1687738094,602638
1687738094,602996
1687738094,607141
1687738094,609883
1687738094,632297
1687738094,635467
1687738095,143019
1687738095,146531
1687738095,154912
1687738095,160253
1687738095,252176
1687738095,253543
1687738095,254794
1687738095,256305
1687738095,314427
1687738095,319214
1687738095,361886
1687738095,452540
1687738095,460128
1687738095,498014
1687738095,527197
1687738095,547633
1687738095,550051
1687738095,619043
1687738095,638257
1687738096,137892
1687738096,139528
1687738096,140945
1687738096,141062
1687738096,141616
1687738096,143170
1687738096,252441
1687738096,257814
1687738096,257961
1687738096,310969
1687738096,320121
1687738096,320194
1687738096,320551
1687738096,352703
1687738096,370330
1687738096,372470
1687738096,435094
1687738096,462900
1687738096,469686
1687738096,535585
1687738096,553496
1687738096,554295
1687738096,601935
1687738096,615916
1687738096,630494
1687738097,142127
1687738097,146612
1687738097,255101
1687738097,255339
1687738097,256386
1687738097,258262
1687738097,260365
1687738097,311412
1687738097,323643
1687738097,345254
1687738097,378889
1687738097,426022
1687738097,472266
1687738097,516471
1687738097,554325
1687738097,598710
1687738097,599525
1687738097,609940
1687738097,610824
1687738097,637002
1687738097,637116
1687738098,147850
1687738098,148297
1687738098,151979
1687738098,157371
1687738098,158698
1687738098,258391
1687738098,258568
1687738098,258724
1687738098,259807
1687738098,261580
1687738098,263447
1687738098,310401
1687738098,313909
1687738098,330630
1687738098,349459
1687738098,358111
1687738098,405802
1687738098,432122
1687738098,433618
1687738098,486573
1687738098,517085
1687738098,520023
1687738098,572715
1687738098,589675
1687738098,626359
1687738098,627878
1687738099,158666
1687738099,166472
1687738099,169332
1687738099,169975
1687738099,172429
1687738099,180724
1687738099,260132
1687738099,262460
1687738099,263418
1687738099,263961
1687738099,310939
1687738099,318941
1687738099,332036
1687738099,382207
1687738099,397096
1687738099,397882
1687738099,475078
1687738099,503124
1687738099,555416
1687738099,579515
1687738099,624228
1687738099,632665
1687738100,181017
1687738100,182764
1687738100,186885
1687738100,192722
1687738100,261704
1687738100,262607
1687738100,265621
1687738100,266353
1687738100,266646
1687738100,313070
1687738100,326998
1687738100,334399
1687738100,346918
1687738100,413576
1687738100,432029
1687738100,489795
1687738100,499674
1687738100,519153
1687738100,576709
1687738100,599840
1687738100,610356
1687738100,635126
1687738101,193971
1687738101,194276
1687738101,201601
1687738101,203444
1687738101,265874
1687738101,267601
1687738101,267728
1687738101,268631
1687738101,271301
1687738101,311604
1687738101,316668
1687738101,350572
1687738101,379141
1687738101,437346
1687738101,471805
1687738101,504228
1687738101,528014
1687738101,575131
1687738101,589849
1687738101,596768
1687738101,608189
1687738101,620870
1687738101,622313
1687738101,632871
1687738101,635313
1687738102,149876
1687738102,169591
1687738102,199833
1687738102,210621
1687738102,210734
1687738102,215791
1687738102,216861
1687738102,267918
1687738102,269744
1687738102,271187
1687738102,271809
1687738102,272204
1687738102,310720
1687738102,312991
1687738102,314933
1687738102,319100
1687738102,325829
1687738102,339111
1687738102,372245
1687738102,397312
1687738102,416641
1687738102,438699
1687738102,459821
1687738102,465266
1687738102,482410
1687738102,527297
1687738102,549049
1687738102,550837
1687738102,563319
1687738102,604203
1687738102,635020
1687738102,635373
1687738103,218748
1687738103,219983
1687738103,221117
1687738103,227524
1687738103,229241
1687738103,233830
1687738103,274883
1687738103,276534
1687738103,357387
1687738103,368542
1687738103,369106
1687738103,374763
1687738103,550459
1687738103,599858
1687738103,615641
1687738103,620005
1687738104,227270
1687738104,230751
1687738104,233895
1687738104,242213
1687738104,274358
1687738104,277146
1687738104,277954
1687738104,278438
1687738104,279401
1687738104,310718
1687738104,320878
1687738104,351064
1687738104,434054
1687738104,434291
1687738104,441715
1687738104,461165
1687738104,524487
1687738104,528645
1687738104,540047
1687738104,542901
1687738104,604180
1687738104,607307
1687738104,608021
1687738104,609064
1687738104,632172
1687738104,640588
1687738104,643815
1687738105,232413
1687738105,233649
1687738105,237595
1687738105,238768
1687738105,244161
1687738105,281782
1687738105,282424
1687738105,282583
1687738105,283391
1687738105,286071
1687738105,311440
1687738105,313499
1687738105,316027
1687738105,318003
1687738105,323903
1687738105,331282
1687738105,346137
1687738105,351212
1687738105,354916
1687738105,357768
1687738105,365175
1687738105,385110
1687738105,393388
1687738105,406108
1687738105,450340
1687738105,471006
1687738105,490321
1687738105,508386
1687738105,538659
1687738105,552413
1687738105,568987
1687738105,607675
1687738106,238345
1687738106,240816
1687738106,242731
1687738106,247069
1687738106,247489
1687738106,285623
1687738106,287516
1687738106,288199
1687738106,288881
1687738106,290638
1687738106,291945
1687738106,312884
1687738106,322078
1687738106,343018
1687738106,429644
1687738106,445215
1687738106,471840
1687738106,503516
1687738106,529159
1687738106,530149
1687738106,564048
1687738106,586965
1687738106,588701
1687738106,598769
1687738106,617613
1687738106,634431
1687738106,636277
1687738106,637899
1687738107,240651
1687738107,245531
1687738107,246688
1687738107,247129
1687738107,251261
1687738107,256331
1687738107,260845
1687738107,276878
1687738107,290926
1687738107,294261
1687738107,295184
1687738107,296752
1687738107,297002
1687738107,318242
1687738107,319353
1687738107,333199
1687738107,337852
1687738107,342254
1687738107,368943
1687738107,373646
1687738107,376684
1687738107,379154
1687738107,409300
1687738107,415668
1687738107,470015
1687738107,554338
1687738107,616423
1687738107,629533
1687738108,241507
1687738108,244902
1687738108,250253
1687738108,308425
1687738108,321731
1687738108,341686
1687738108,343341
1687738108,363846
1687738108,364791
1687738108,429150
1687738108,475938
1687738108,502784
1687738108,511504
1687738108,562780
1687738108,571249
1687738108,585562
1687738108,590516
1687738108,617729
1687738108,628245
1687738108,630103
1687738108,640198
1687738109,243705
1687738109,245533
1687738109,246801
1687738109,312958
1687738109,314422
1687738109,316106
1687738109,327253
1687738109,336778
1687738109,343952
1687738109,344434
1687738109,355436
1687738109,367853
1687738109,374621
1687738109,389654
1687738109,408358
1687738109,411874
1687738109,436121
1687738109,484848
1687738109,486538
1687738109,513980
1687738109,573411
1687738109,584696
1687738109,624481
1687738109,625634
1687738110,243926
1687738110,247117
1687738110,248408
1687738110,251620
1687738110,252639
1687738110,309867
1687738110,327064
1687738110,329955
1687738110,346217
1687738110,394361
1687738110,439854
1687738110,456147
1687738110,486323
1687738110,496655
1687738110,505861
1687738110,518912
1687738110,520199
1687738110,525795
1687738110,597076
1687738110,599743
1687738110,615587
1687738110,620407
1687738110,637275
1687738110,637913
1687738111,247875
1687738111,250159
1687738111,251640
1687738111,252376
1687738111,252732
1687738111,317266
1687738111,318525
1687738111,323250
1687738111,362978
1687738111,375315
1687738111,408710
1687738111,446911
1687738111,462281
1687738111,462791
1687738111,485117
1687738111,499586
1687738111,515068
1687738111,521368
1687738111,542631
1687738111,553461
1687738111,570780
1687738111,617887
1687738111,627622
1687738112,245462
1687738112,251682
1687738112,317564
1687738112,335944
1687738112,341175
1687738112,366917
1687738112,387362
1687738112,401142
1687738112,416521
1687738112,420149
1687738112,439488
1687738112,453880
1687738112,488639
1687738112,507153
1687738112,570367
1687738112,589549
1687738112,603582
1687738112,619390
1687738113,226132
1687738113,249245
1687738113,249319
1687738113,250626
1687738113,250630
1687738113,256115
1687738113,259750
1687738113,261693
1687738113,289641
1687738113,314818
1687738113,317249
1687738113,320276
1687738113,343213
1687738113,359104
1687738113,385424
1687738113,404468
1687738113,444504
1687738113,474980
1687738113,495493
1687738113,536191
1687738113,554467
1687738113,584646
1687738113,611147
1687738113,634665
1687738113,639408
1687738114,169382
1687738114,178547
1687738114,186845
1687738114,204361
1687738114,243302
1687738114,246763
1687738114,250655
1687738114,250856
1687738114,252174
1687738114,253855
1687738114,253949
1687738114,257591
1687738114,314354
1687738114,315060
1687738114,320712
1687738114,356288
1687738114,433920
1687738114,440139
1687738114,467060
1687738114,528156
1687738114,531034
1687738114,551398
1687738114,598708
1687738114,601594
1687738114,601933
1687738114,607870
1687738114,610431
1687738114,632107
1687738115,143092
1687738115,146399
1687738115,149797
1687738115,160040
1687738115,252043
1687738115,253523
1687738115,254952
1687738115,256226
1687738115,314733
1687738115,318919
1687738115,454200
1687738115,458352
1687738115,525336
1687738115,545700
1687738115,618048
1687738115,638307
1687738116,137953
1687738116,139486
1687738116,140915
1687738116,141003
1687738116,252467
1687738116,257847
1687738116,258021
1687738116,273265
1687738116,310746
1687738116,320223
1687738116,320597
1687738116,320649
1687738116,351602
1687738116,359778
1687738116,368835
1687738116,373042
1687738116,374298
1687738116,380745
1687738116,433360
1687738116,461208
1687738116,471599
1687738116,537069
1687738116,551908
1687738116,555739
1687738116,555793
1687738116,602662
1687738116,615021
1687738116,630809
1687738117,142235
1687738117,143264
1687738117,146704
1687738117,158711
1687738117,254975
1687738117,255390
1687738117,256475
1687738117,258332
1687738117,260265
1687738117,311470
1687738117,323092
1687738117,344826
1687738117,346656
1687738117,424129
1687738117,474235
1687738117,514852
1687738117,597476
1687738117,598461
1687738117,610619
1687738117,611527
1687738117,637097
1687738117,637102
1687738118,147962
1687738118,148239
1687738118,152082
1687738118,157396
1687738118,247084
1687738118,248077
1687738118,258306
1687738118,258562
1687738118,258647
1687738118,259930
1687738118,261688
1687738118,263403
1687738118,310150
1687738118,313576
1687738118,348166
1687738118,367233
1687738118,407822
1687738118,430135
1687738118,435292
1687738118,477009
1687738118,518169
1687738118,518630
1687738118,530084
1687738118,571188
1687738118,590906
1687738118,625719
1687738118,628435
1687738118,631990
1687738119,158706
1687738119,166607
1687738119,169352
1687738119,169971
1687738119,172610
1687738119,180790
1687738119,259691
1687738119,260153
1687738119,262395
1687738119,263350
1687738119,264046
1687738119,310933
1687738119,313223
1687738119,319271
1687738119,331283
1687738119,331424
1687738119,384029
1687738119,395246
1687738119,396254
1687738119,435132
1687738119,484734
1687738119,504747
1687738119,557005
1687738119,580773
1687738119,597113
1687738119,598782
1687738119,625065
1687738120,181068
1687738120,182755
1687738120,187115
1687738120,192457
1687738120,261816
1687738120,262582
1687738120,265657
1687738120,266327
1687738120,266727
1687738120,326225
1687738120,335444
1687738120,348177
1687738120,415437
1687738120,430015
1687738120,487970
1687738120,501319
1687738120,517301
1687738120,575021
1687738120,610902
1687738120,634895
1687738121,194059
1687738121,194165
1687738121,201307
1687738121,204033
1687738121,265957
1687738121,267485
1687738121,268718
1687738121,271309
1687738121,311257
1687738121,317048
1687738121,349268
1687738121,370625
1687738121,372337
1687738121,380813
1687738121,439321
1687738121,473625
1687738121,502514
1687738121,529667
1687738121,576471
1687738121,588510
1687738121,597634
1687738121,608747
1687738121,619835
1687738121,622941
1687738121,632532
1687738121,635870
1687738121,636067
1687738122,200060
1687738122,210512
1687738122,210737
1687738122,215969
1687738122,216818
1687738122,267866
1687738122,269768
1687738122,271307
1687738122,271912
1687738122,272231
1687738122,273140
1687738122,310551
1687738122,312708
1687738122,315648
1687738122,319475
1687738122,326812
1687738122,332868
1687738122,338076
1687738122,363566
1687738122,399178
1687738122,414663
1687738122,457896
1687738122,484002
1687738122,547380
1687738122,552080
1687738122,552384
1687738122,603350
1687738122,634766
1687738123,141600
1687738123,218907
1687738123,220081
1687738123,221506
1687738123,227404
1687738123,229000
1687738123,234062
1687738123,276561
1687738123,315591
1687738123,355968
1687738123,370268
1687738123,467278
1687738123,564772
1687738123,598642
1687738123,616435
1687738123,635263
1687738124,227028
1687738124,230957
1687738124,234043
1687738124,241937
1687738124,253485
1687738124,274374
1687738124,277277
1687738124,277993
1687738124,278413
1687738124,279365
1687738124,310301
1687738124,321699
1687738124,349680
1687738124,370922
1687738124,431746
1687738124,432367
1687738124,522794
1687738124,526994
1687738124,544367
1687738124,604805
1687738124,606208
1687738124,608312
1687738124,608549
1687738124,632165
1687738124,640644
1687738125,232570
1687738125,233479
1687738125,237786
1687738125,238660
1687738125,244509
1687738125,256240
1687738125,281718
1687738125,282459
1687738125,282687
1687738125,283528
1687738125,286086
1687738125,311896
1687738125,313490
1687738125,317665
1687738125,324527
1687738125,349855
1687738125,356537
1687738125,363806
1687738125,386851
1687738125,395174
1687738125,448584
1687738125,472653
1687738125,492091
1687738125,536933
1687738125,554016
1687738125,570442
1687738125,608328
1687738126,238213
1687738126,240722
1687738126,242789
1687738126,247014
1687738126,247741
1687738126,285683
1687738126,287453
1687738126,287486
1687738126,288907
1687738126,290589
1687738126,292030
1687738126,312979
1687738126,341536
1687738126,427680
1687738126,447160
1687738126,501904
1687738126,527315
1687738126,531738
1687738126,587327
1687738126,597905
1687738126,598130
1687738126,618499
1687738126,637509
1687738127,240841
1687738127,245541
1687738127,246473
1687738127,246641
1687738127,247078
1687738127,251370
1687738127,260891
1687738127,277614
1687738127,290993
1687738127,294338
1687738127,295196
1687738127,296769
1687738127,296977
1687738127,318521
1687738127,334212
1687738127,336949
1687738127,342503
1687738127,343272
1687738127,367687
1687738127,368517
1687738127,375190
1687738127,407419
1687738127,417581
1687738127,468161
1687738127,540689
1687738127,552579
1687738127,615615
1687738128,241435
1687738128,244837
1687738128,249986
1687738128,267781
1687738128,308473
1687738128,321226
1687738128,342775
1687738128,363715
1687738128,364839
1687738128,430881
1687738128,513023
1687738128,569540
1687738128,586858
1687738128,629048
1687738128,629081
1687738129,243885
1687738129,245398
1687738129,246690
1687738129,253691
1687738129,313051
1687738129,314547
1687738129,326394
1687738129,335789
1687738129,344673
1687738129,345294
1687738129,355912
1687738129,367924
1687738129,374776
1687738129,388276
1687738129,412680
1687738129,436755
1687738129,438035
1687738129,439976
1687738129,482986
1687738129,484656
1687738129,515495
1687738129,525603
1687738129,572091
1687738129,585905
1687738129,623986
1687738129,626231
1687738130,243914
1687738130,247344
1687738130,248546
1687738130,251407
1687738130,252696
1687738130,309767
1687738130,326271
1687738130,330851
1687738130,347528
1687738130,392513
1687738130,445077
1687738130,456397
1687738130,460950
1687738130,486923
1687738130,498280
1687738130,506149
1687738130,518987
1687738130,520366
1687738130,527389
1687738130,598095
1687738130,600659
1687738130,614439
1687738130,619498
1687738130,638026
1687738130,638095
1687738131,154901
1687738131,247274
1687738131,247724
1687738131,250121
1687738131,251551
1687738131,251719
1687738131,252739
1687738131,274879
1687738131,316978
1687738131,318001
1687738131,324029
1687738131,361473
1687738131,410600
1687738131,461591
1687738131,463051
1687738131,484721
1687738131,499431
1687738131,514784
1687738131,521297
1687738131,540871
1687738131,551803
1687738131,572090
1687738131,588395
1687738131,618621
1687738131,627465
1687738132,245449
1687738132,252497
1687738132,317974
1687738132,321002
1687738132,335564
1687738132,340123
1687738132,366317
1687738132,389448
1687738132,400502
1687738132,414617
1687738132,419818
1687738132,439283
1687738132,455882
1687738132,490531
1687738132,505387
1687738132,542161
1687738132,571813
1687738132,620262
1687738133,225877
1687738133,248237
1687738133,249299
1687738133,250715
1687738133,256067
1687738133,261218
1687738133,289124
1687738133,314381
1687738133,316684
1687738133,344512
1687738133,357708
1687738133,361465
1687738133,387391
1687738133,402838
1687738133,442708
1687738133,476763
1687738133,493822
1687738133,534405
1687738133,555987
1687738133,583078
1687738133,610081
1687738133,634261
1687738133,639631
1687738134,169145
1687738134,178402
1687738134,186493
1687738134,203894
1687738134,242970
1687738134,250701
1687738134,250833
1687738134,252271
1687738134,253780
1687738134,254021
1687738134,257578
1687738134,314079
1687738134,315147
1687738134,321133
1687738134,354858
1687738134,374165
1687738134,435967
1687738134,438131
1687738134,469009
1687738134,529228
1687738134,529715
1687738134,552735
1687738134,599636
1687738134,600873
1687738134,608600
1687738134,610991
1687738134,629724
1687738134,631867
1687738135,143140
1687738135,146254
1687738135,159816
1687738135,251927
1687738135,253500
1687738135,255106
1687738135,256169
1687738135,315080
1687738135,318631
1687738135,367357
1687738135,437085
1687738135,455818
1687738135,456571
1687738135,523482
1687738135,600582
1687738135,617032
1687738135,638335
1687738136,138018
1687738136,139458
1687738136,140877
1687738136,140937
1687738136,141622
1687738136,252504
1687738136,255437
1687738136,257877
1687738136,258082
1687738136,258412
1687738136,310562
1687738136,319876
1687738136,321002
1687738136,321167
1687738136,322530
1687738136,350524
1687738136,371353
1687738136,376134
1687738136,431620
1687738136,459505
1687738136,473475
1687738136,538517
1687738136,550316
1687738136,557315
1687738136,603359
1687738136,614109
1687738136,631109
1687738137,142330
1687738137,143358
1687738137,146803
1687738137,157430
1687738137,256555
1687738137,260151
1687738137,311549
1687738137,343508
1687738137,348055
1687738137,382623
1687738137,422236
1687738137,476173
1687738137,513248
1687738137,557106
1687738137,596212
1687738137,597336
1687738137,611335
1687738137,612265
1687738137,637062
1687738137,637152
1687738138,148080
1687738138,148154
1687738138,152193
1687738138,158720
1687738138,258231
1687738138,258537
1687738138,258569
1687738138,260058
1687738138,261807
1687738138,263362
1687738138,309921
1687738138,313281
1687738138,332008
1687738138,332259
1687738138,346887
1687738138,373863
1687738138,409823
1687738138,428099
1687738138,436898
1687738138,478887
1687738138,516301
1687738138,520197
1687738138,569668
1687738138,592111
1687738138,625023
1687738138,628920
1687738139,158735
1687738139,166719
1687738139,169385
1687738139,169966
1687738139,172791
1687738139,180856
1687738139,249462
1687738139,250378
1687738139,259648
1687738139,260175
1687738139,262337
1687738139,263295
1687738139,264132
1687738139,310942
1687738139,319602
1687738139,330557
1687738139,336540
1687738139,385830
1687738139,393401
1687738139,394622
1687738139,482898
1687738139,506371
1687738139,558610
1687738139,582069
1687738139,625908
1687738139,631303
1687738139,634627
1687738140,181097
1687738140,192221
1687738140,261923
1687738140,262581
1687738140,265713
1687738140,266295
1687738140,266803
1687738140,313383
1687738140,325488
1687738140,349470
1687738140,417279
1687738140,428006
1687738140,486139
1687738140,502946
1687738140,515500
1687738140,573309
1687738140,597661
1687738140,611465
1687738141,194069
1687738141,200993
1687738141,204628
1687738141,266061
1687738141,267356
1687738141,267834
1687738141,268787
1687738141,271317
1687738141,310939
1687738141,317436
1687738141,347971
1687738141,369007
1687738141,382478
1687738141,441282
1687738141,475417
1687738141,500822
1687738141,531345
1687738141,577787
1687738141,598488
1687738141,609311
1687738141,618795
1687738141,623516
1687738141,632152
1687738141,636409
1687738141,636590
1687738142,200280
1687738142,210316
1687738142,210839
1687738142,216163
1687738142,216767
1687738142,267838
1687738142,269795
1687738142,271415
1687738142,272005
1687738142,272260
1687738142,273009
1687738142,310369
1687738142,312467
1687738142,315245
1687738142,319864
1687738142,327824
1687738142,337082
1687738142,401057
1687738142,412712
1687738142,434802
1687738142,455980
1687738142,485628
1687738142,523942
1687738142,543760
1687738142,545674
1687738142,553671
1687738142,553901
1687738142,602476
1687738142,634484
1687738143,219063
1687738143,220179
1687738143,221884
1687738143,227314
1687738143,228730
1687738143,234310
1687738143,254873
1687738143,274879
1687738143,276592
1687738143,354565
1687738143,365310
1687738143,372062
1687738143,469294
1687738143,566207
1687738143,597392
1687738143,604324
1687738143,609066
1687738143,617204
1687738143,635136
1687738144,226790
1687738144,231187
1687738144,232768
1687738144,234152
1687738144,241667
1687738144,256148
1687738144,274395
1687738144,277404
1687738144,278059
1687738144,278385
1687738144,279331
1687738144,309848
1687738144,322545
1687738144,348312
1687738144,429415
1687738144,430442
1687738144,521056
1687738144,525341
1687738144,545807
1687738144,605079
1687738144,605461
1687738144,607546
1687738144,632123
1687738145,233325
1687738145,237977
1687738145,238567
1687738145,281667
1687738145,282492
1687738145,282770
1687738145,283650
1687738145,286094
1687738145,312369
1687738145,313486
1687738145,317325
1687738145,325168
1687738145,348559
1687738145,358237
1687738145,362452
1687738145,388635
1687738145,397016
1687738145,446813
1687738145,474279
1687738145,493832
1687738145,555615
1687738145,571889
1687738145,608946
1687738146,154888
1687738146,238091
1687738146,240604
1687738146,242863
1687738146,246942
1687738146,247981
1687738146,285746
1687738146,286712
1687738146,287391
1687738146,288942
1687738146,290534
1687738146,292111
1687738146,313090
1687738146,340076
1687738146,425781
1687738146,449088
1687738146,500269
1687738146,525476
1687738146,533305
1687738146,585943
1687738146,596966
1687738146,599094
1687738146,619399
1687738146,629916
1687738146,637086
1687738147,149714
1687738147,182745
1687738147,187357
1687738147,194160
1687738147,241039
1687738147,245552
1687738147,246170
1687738147,246589
1687738147,247038
1687738147,251453
1687738147,260927
1687738147,278370
1687738147,291073
1687738147,294431
1687738147,295207
1687738147,296786
1687738147,296973
1687738147,318778
1687738147,335271
1687738147,336056
1687738147,342778
1687738147,368098
1687738147,368140
1687738147,373700
1687738147,405562
1687738147,419515
1687738147,466297
1687738147,614798
1687738147,627975
1687738148,241377
1687738148,244811
1687738148,248399
1687738148,249701
1687738148,308561
1687738148,320713
1687738148,343274
1687738148,343935
1687738148,344956
1687738148,363539
1687738148,364872
1687738148,432652
1687738148,464885
1687738148,514542
1687738148,550781
1687738148,567816
1687738148,588138
1687738148,629928
1687738149,244065
1687738149,245273
1687738149,246578
1687738149,253860
1687738149,314655
1687738149,325574
1687738149,356384
1687738149,367959
1687738149,374916
1687738149,386886
1687738149,413507
1687738149,440099
1687738149,481119
1687738149,482809
1687738149,517042
1687738149,570720
1687738149,587084
1687738149,623463
1687738149,626815
1687738150,243914
1687738150,247553
1687738150,248663
1687738150,251197
1687738150,252747
1687738150,309701
1687738150,316248
1687738150,325560
1687738150,331787
1687738150,348866
1687738150,372704
1687738150,390682
1687738150,439068
1687738150,456623
1687738150,459076
1687738150,487519
1687738150,506440
1687738150,519075
1687738150,520521
1687738150,528964
1687738150,599080
1687738150,618532
1687738150,638716
1687738150,640670
1687738151,247468
1687738151,247587
1687738151,250087
1687738151,251475
1687738151,252718
1687738151,317526
1687738151,318383
1687738151,372393
1687738151,412466
1687738151,412737
1687738151,460913
1687738151,484353
1687738151,499292
1687738151,499876
1687738151,503667
1687738151,514432
1687738151,521222
1687738151,550133
1687738151,573387
1687738151,587219
1687738151,619381
1687738151,627299
1687738152,244851
1687738152,245439
1687738152,249658
1687738152,250118
1687738152,250780
1687738152,251754
1687738152,256010
1687738152,321760
1687738152,335192
1687738152,339094
1687738152,363175
1687738152,365708
1687738152,399879
1687738152,419509
1687738152,439095
1687738152,457901
1687738152,543627
1687738152,605053
1687738153,225652
1687738153,249305
1687738153,260724
1687738153,288610
1687738153,313957
1687738153,316128
1687738153,356305
1687738153,440896
1687738153,478548
1687738153,532603
1687738153,557529
1687738153,608955
1687738153,611565
1687738154,154864
1687738154,168904
1687738154,178266
1687738154,186150
1687738154,203437
1687738154,242634
1687738154,250780
1687738154,250817
1687738154,252359
1687738154,253607
1687738154,254184
1687738154,257538
1687738154,313833
1687738154,321576
1687738154,353483
1687738154,375968
1687738154,436124
1687738154,470946
1687738154,527392
1687738154,531243
1687738154,554067
1687738154,599810
1687738154,600516
1687738154,609298
1687738154,631640
1687738155,143177
1687738155,149645
1687738155,159614
1687738155,251815
1687738155,253484
1687738155,255272
1687738155,256113
1687738155,310401
1687738155,315426
1687738155,318365
1687738155,367071
1687738155,454767
1687738155,457421
1687738155,521643
1687738155,541809
1687738155,587125
1687738155,599580
1687738155,616025
1687738155,638318
1687738156,138097
1687738156,139445
1687738156,140839
1687738156,140858
1687738156,141645
1687738156,252578
1687738156,254787
1687738156,256631
1687738156,257888
1687738156,258144
1687738156,260043
1687738156,319496
1687738156,321415
1687738156,321679
1687738156,349455
1687738156,365889
1687738156,369686
1687738156,378006
1687738156,429898
1687738156,457790
1687738156,475362
1687738156,539906
1687738156,548666
1687738156,558844
1687738156,604059
1687738156,613152
1687738156,631378
1687738157,142400
1687738157,143436
1687738157,146910
1687738157,148199
1687738157,255500
1687738157,258488
1687738157,311653
1687738157,322013
1687738157,342200
1687738157,349452
1687738157,384513
1687738157,420364
1687738157,478105
1687738157,511655
1687738157,535180
1687738157,558534
1687738157,594907
1687738157,596165
1687738157,612077
1687738157,613016
1687738157,636969
1687738157,637173
1687738158,148069
1687738158,157480
1687738158,158726
1687738158,258144
1687738158,258500
1687738158,258508
1687738158,260176
1687738158,261940
1687738158,263306
1687738158,309708
1687738158,313007
1687738158,333125
1687738158,345632
1687738158,411818
1687738158,426028
1687738158,438449
1687738158,480723
1687738158,514429
1687738158,521742
1687738158,568182
1687738158,593311
1687738158,629365
1687738158,630584
1687738158,639799
1687738159,158756
1687738159,166845
1687738159,169435
1687738159,169966
1687738159,172984
1687738159,180916
1687738159,252629
1687738159,259620
1687738159,260196
1687738159,262286
1687738159,263237
1687738159,264196
1687738159,310961
1687738159,319971
1687738159,329866
1687738159,337681
1687738159,387621
1687738159,391567
1687738159,392997
1687738159,481085
1687738159,513710
1687738159,560216
1687738159,583325
1687738159,612031
1687738159,624285
1687738159,626749
1687738159,634296
1687738160,181106
1687738160,182734
1687738160,187581
1687738160,191988
1687738160,194241
1687738160,205211
1687738160,256049
1687738160,262031
1687738160,262580
1687738160,265768
1687738160,266256
1687738160,313595
1687738160,324757
1687738160,350786
1687738160,389342
1687738160,419098
1687738160,425977
1687738160,484300
1687738160,504542
1687738160,596502
1687738160,624050
1687738161,193989
1687738161,200673
1687738161,266155
1687738161,267239
1687738161,267868
1687738161,268838
1687738161,271313
1687738161,310648
1687738161,317824
1687738161,346648
1687738161,384139
1687738161,443210
1687738161,477201
1687738161,499168
1687738161,533031
1687738161,579106
1687738161,585724
1687738161,599320
1687738161,609880
1687738161,617740
1687738161,631742
1687738161,636888
1687738162,200499
1687738162,210119
1687738162,210918
1687738162,216363
1687738162,216701
1687738162,267832
1687738162,269823
1687738162,271499
1687738162,272091
1687738162,272288
1687738162,272854
1687738162,310164
1687738162,312242
1687738162,314900
1687738162,320252
1687738162,328869
1687738162,336099
1687738162,402901
1687738162,410779
1687738162,432818
1687738162,454043
1687738162,487261
1687738162,522306
1687738162,543960
1687738162,555259
1687738162,555395
1687738162,601626
1687738162,634209
1687738163,146095
1687738163,219226
1687738163,220269
1687738163,222232
1687738163,227261
1687738163,228446
1687738163,234532
1687738163,274881
1687738163,276626
1687738163,316915
1687738163,353148
1687738163,373881
1687738163,374485
1687738163,466681
1687738163,471324
1687738163,567619
1687738163,596125
1687738163,609636
1687738163,617975
1687738163,634974
1687738163,640657
1687738164,226568
1687738164,231438
1687738164,232989
1687738164,234226
1687738164,241371
1687738164,274419
1687738164,277513
1687738164,278135
1687738164,278354
1687738164,279305
1687738164,309405
1687738164,323408
1687738164,346960
1687738164,427054
1687738164,428536
1687738164,519308
1687738164,523685
1687738164,533456
1687738164,547237
1687738164,603889
1687738164,606152
1687738164,606813
1687738164,632052
1687738165,233188
1687738165,238166
1687738165,238481
1687738165,245168
1687738165,281620
1687738165,282515
1687738165,282830
1687738165,283776
1687738165,286090
1687738165,312882
1687738165,313483
1687738165,316984
1687738165,325848
1687738165,347304
1687738165,360003
1687738165,361103
1687738165,390440
1687738165,398872
1687738165,445031
1687738165,475905
1687738165,495566
1687738165,508026
1687738165,557251
1687738165,573310
1687738165,609517
1687738166,237984
1687738166,240480
1687738166,242976
1687738166,246844
1687738166,248208
1687738166,285816
1687738166,285899
1687738166,287334
1687738166,288990
1687738166,290472
1687738166,292184
1687738166,338623
1687738166,423940
1687738166,451004
1687738166,498601
1687738166,523658
1687738166,534879
1687738166,571585
1687738166,584548
1687738166,595963
1687738166,600018
1687738166,620299
1687738166,630079
1687738166,636600
1687738167,241246
1687738167,245567
1687738167,245855
1687738167,246534
1687738167,247012
1687738167,251502
1687738167,260947
1687738167,279148
1687738167,291149
1687738167,294521
1687738167,295208
1687738167,296799
1687738167,296972
1687738167,313201
1687738167,319023
1687738167,335161
1687738167,336356
1687738167,343077
1687738167,367727
1687738167,368621
1687738167,372209
1687738167,403749
1687738167,421445
1687738167,464434
1687738167,548982
1687738167,613978
1687738167,626902
1687738168,241336
1687738168,244806
1687738168,248582
1687738168,249419
1687738168,308698
1687738168,320225
1687738168,343309
1687738168,345126
1687738168,363328
1687738168,364886
1687738168,516082
1687738168,566128
1687738168,589343
1687738169,152302
1687738169,244258
1687738169,245178
1687738169,246452
1687738169,254006
1687738169,266881
1687738169,314776
1687738169,324769
1687738169,345246
1687738169,356855
1687738169,367384
1687738169,367959
1687738169,375069
1687738169,385493
1687738169,414331
1687738169,440240
1687738169,479219
1687738169,480990
1687738169,518601
1687738169,569320
1687738169,588279
1687738169,622924
1687738169,627425
1687738170,243931
1687738170,247783
1687738170,248788
1687738170,250991
1687738170,252784
1687738170,309655
1687738170,324913
1687738170,332789
1687738170,350221
1687738170,388896
1687738170,441059
1687738170,456861
1687738170,457172
1687738170,488120
1687738170,506699
1687738170,519168
1687738170,520693
1687738170,530516
1687738170,600040
1687738170,617547
1687738170,639358
1687738171,247432
1687738171,247664
1687738171,250066
1687738171,251394
1687738171,252680
1687738171,317065
1687738171,338052
1687738171,370888
1687738171,410894
1687738171,414332
1687738171,460256
1687738171,483978
1687738171,499152
1687738171,501444
1687738171,501983
1687738171,514047
1687738171,521153
1687738171,548442
1687738171,574669
1687738171,586029
1687738171,620164
1687738171,627117
1687738172,245430
1687738172,249831
1687738172,249875
1687738172,250841
1687738172,251783
1687738172,252762
1687738172,318776
1687738172,322537
1687738172,334821
1687738172,364938
1687738172,365074
1687738172,399261
1687738172,419190
1687738172,438899
1687738172,459923
1687738172,545128
1687738172,605788
1687738173,242282
1687738173,249313
1687738173,255942
1687738173,260209
1687738173,288091
1687738173,313544
1687738173,315586
1687738173,354911
1687738173,391274
1687738173,439065
1687738173,480341
1687738173,559026
1687738173,607797
1687738174,168662
1687738174,178129
1687738174,185826
1687738174,202982
1687738174,225433
1687738174,250811
1687738174,250894
1687738174,252412
1687738174,253438
1687738174,254332
1687738174,257491
1687738174,313589
1687738174,322042
1687738174,352145
1687738174,377752
1687738174,434144
1687738174,472871
1687738174,525560
1687738174,555412
1687738174,598726
1687738174,609959
1687738174,612151
1687738174,631412
1687738175,145914
1687738175,149588
1687738175,154834
1687738175,159418
1687738175,251712
1687738175,253482
1687738175,255433
1687738175,255917
1687738175,256053
1687738175,315787
1687738175,318108
1687738175,321822
1687738175,368840
1687738175,434433
1687738175,459031
1687738175,519824
1687738175,598532
1687738175,630759
1687738175,638243
1687738176,138185
1687738176,139442
1687738176,140779
1687738176,140794
1687738176,141674
1687738176,252666
1687738176,254720
1687738176,256701
1687738176,257888
1687738176,258185
1687738176,310263
1687738176,348383
1687738176,368052
1687738176,428155
1687738176,456067
1687738176,541317
1687738176,546982
1687738176,604749
1687738176,612208
1687738176,631586
1687738177,142456
1687738177,143196
1687738177,143493
1687738177,147022
1687738177,148315
1687738177,158725
1687738177,255574
1687738177,258059
1687738177,258555
1687738177,259945
1687738177,311790
1687738177,321509
1687738177,350866
1687738177,386423
1687738177,480039
1687738177,559945
1687738177,594960
1687738177,612858
1687738177,636817
1687738177,639889
1687738178,147999
1687738178,152408
1687738178,157535
1687738178,158773
1687738178,258444
1687738178,258478
1687738178,260270
1687738178,263251
1687738178,309496
1687738178,344400
1687738178,423973
1687738178,440003
1687738178,512549
1687738178,523246
1687738178,566710
1687738178,594481
1687738178,629774
1687738178,629830
1687738179,166994
1687738179,169497
1687738179,169974
1687738179,173189
1687738179,180971
1687738179,259609
1687738179,260209
1687738179,262246
1687738179,263199
1687738179,264244
1687738179,310989
1687738179,320363
1687738179,329174
1687738179,389409
1687738179,389740
1687738179,391345
1687738179,479283
1687738179,561815
1687738179,569848
1687738179,623496
1687738179,633902
1687738180,181114
1687738180,182721
1687738180,187779
1687738180,191737
1687738180,194331
1687738180,205790
1687738180,262153
1687738180,262575
1687738180,265823
1687738180,266224
1687738180,313827
1687738180,324060
1687738180,352133
1687738180,420912
1687738180,482435
1687738180,506130
1687738180,511901
1687738180,584297
1687738180,595283
1687738181,193941
1687738181,200372
1687738181,200744
1687738181,266216
1687738181,267101
1687738181,267895
1687738181,268878
1687738181,271303
1687738181,310386
1687738181,318227
1687738181,345290
1687738181,385808
1687738181,445148
1687738181,478961
1687738181,497541
1687738181,534738
1687738181,542253
1687738181,556871
1687738181,580411
1687738181,600132
1687738181,610417
1687738181,616727
1687738181,631286
1687738181,637287
1687738182,209937
1687738182,210959
1687738182,216609
1687738182,267829
1687738182,269858
1687738182,271542
1687738182,272198
1687738182,272331
1687738182,272699
1687738182,309975
1687738182,312038
1687738182,314576
1687738182,320647
1687738182,329930
1687738182,335170
1687738182,365770
1687738182,404702
1687738182,408869
1687738182,430839
1687738182,452109
1687738182,488905
1687738182,520645
1687738182,600756
1687738182,633934
1687738183,219405
1687738183,220364
1687738183,222555
1687738183,227226
1687738183,228129
1687738183,234750
1687738183,274881
1687738183,276645
1687738183,317585
1687738183,351730
1687738183,375679
1687738183,376262
1687738183,468423
1687738183,473333
1687738183,556804
1687738183,569022
1687738183,594834
1687738183,610221
1687738183,618738
1687738183,634793
1687738183,640592
1687738184,226380
1687738184,233227
1687738184,234262
1687738184,241042
1687738184,262069
1687738184,274429
1687738184,277620
1687738184,278215
1687738184,278333
1687738184,279295
1687738184,308990
1687738184,324298
1687738184,345644
1687738184,346116
1687738184,424710
1687738184,426661
1687738184,517535
1687738184,521997
1687738184,531712
1687738184,548658
1687738184,602662
1687738184,606079
1687738184,606842
1687738184,631975
1687738185,233078
1687738185,238381
1687738185,238382
1687738185,245460
1687738185,266969
1687738185,281580
1687738185,282534
1687738185,282894
1687738185,283902
1687738185,285017
1687738185,286078
1687738185,313407
1687738185,313489
1687738185,316636
1687738185,326568
1687738185,359753
1687738185,361792
1687738185,392243
1687738185,400736
1687738185,443252
1687738185,477527
1687738185,497275
1687738185,558863
1687738185,574709
1687738185,610026
1687738186,237883
1687738186,240343
1687738186,243113
1687738186,246737
1687738186,248413
1687738186,285877
1687738186,287286
1687738186,289038
1687738186,290428
1687738186,292256
1687738186,337179
1687738186,422144
1687738186,452933
1687738186,482540
1687738186,496924
1687738186,521803
1687738186,536447
1687738186,583102
1687738186,600890
1687738186,612641
1687738186,621217
1687738186,630218
1687738186,636069
1687738187,241462
1687738187,245557
1687738187,245579
1687738187,246483
1687738187,246996
1687738187,251517
1687738187,260918
1687738187,279930
1687738187,291243
1687738187,294632
1687738187,295204
1687738187,296801
1687738187,296990
1687738187,313333
1687738187,319279
1687738187,334246
1687738187,337475
1687738187,338864
1687738187,343408
1687738187,367365
1687738187,369117
1687738187,401969
1687738187,423340
1687738187,423947
1687738187,462624
1687738187,547208
1687738187,613170
1687738187,624567
1687738188,241310
1687738188,244836
1687738188,248751
1687738188,249125
1687738188,308874
1687738188,319726
1687738188,343376
1687738188,345518
1687738188,346356
1687738188,363072
1687738188,364894
1687738188,415122
1687738188,436253
1687738188,517588
1687738188,530800
1687738188,564433
1687738188,590506
1687738188,625845
1687738188,628008
1687738188,631588
1687738189,216565
1687738189,244471
1687738189,245124
1687738189,246299
1687738189,248019
1687738189,254104
1687738189,314895
1687738189,323992
1687738189,357333
1687738189,367930
1687738189,375250
1687738189,384073
1687738189,440398
1687738189,477315
1687738189,479175
1687738189,520197
1687738189,567878
1687738189,589500
1687738189,622355
1687738190,243965
1687738190,250774
1687738190,252816
1687738190,309641
1687738190,324320
1687738190,333820
1687738190,351592
1687738190,387200
1687738190,416179
1687738190,443069
1687738190,457105
1687738190,488707
1687738190,506988
1687738190,519242
1687738190,520874
1687738190,532060
1687738190,600974
1687738190,616548
1687738190,639938
1687738191,247263
1687738191,247864
1687738191,250050
1687738191,251304
1687738191,252636
1687738191,316619
1687738191,369373
1687738191,409105
1687738191,455280
1687738191,459612
1687738191,483603
1687738191,499005
1687738191,500306
1687738191,503017
1687738191,513627
1687738191,521045
1687738191,546751
1687738191,575951
1687738191,584795
1687738191,620949
1687738191,626926
1687738192,245436
1687738192,249656
1687738192,249973
1687738192,250907
1687738192,251798
1687738192,252908
1687738192,313153
1687738192,323349
1687738192,334468
1687738192,337039
1687738192,364450
1687738192,366727
1687738192,398626
1687738192,418852
1687738192,438692
1687738192,461924
1687738192,546621
1687738192,594928
1687738192,606506
1687738193,241926
1687738193,249327
1687738193,255878
1687738193,259716
1687738193,315086
1687738193,353519
1687738193,393193
1687738193,482133
1687738193,529010
1687738193,560480
1687738193,606668
1687738193,612761
1687738194,168436
1687738194,178006
1687738194,185534
1687738194,202514
1687738194,225193
1687738194,251022
1687738194,252451
1687738194,253272
1687738194,257443
1687738194,313380
1687738194,322502
1687738194,350825
1687738194,370604
1687738194,379563
1687738194,432201
1687738194,474785
1687738194,523743
1687738194,556784
1687738194,597647
1687738194,610616
1687738194,631178
1687738194,639929
1687738195,143200
1687738195,145719
1687738195,149551
1687738195,154801
1687738195,159239
1687738195,251625
1687738195,253480
1687738195,255625
1687738195,255782
1687738195,256005
1687738195,310121
1687738195,316152
1687738195,317871
1687738195,370718
1687738195,460672
1687738195,518024
1687738195,597480
1687738195,638138
1687738196,138276
1687738196,139442
1687738196,140750
1687738196,141702
1687738196,147156
1687738196,252767
1687738196,254654
1687738196,257880
1687738196,258205
1687738196,322272
1687738196,347318
1687738196,366453
1687738196,426406
1687738196,454352
1687738196,542752
1687738196,545221
1687738196,605387
1687738196,611292
1687738196,631779
1687738197,142534
1687738197,147927
1687738197,148414
1687738197,255670
1687738197,257972
1687738197,258601
1687738197,259833
1687738197,262192
1687738197,311924
1687738197,321013
1687738197,352292
1687738197,388335
1687738197,481954
1687738197,561399
1687738197,613681
1687738197,636573
1687738198,152516
1687738198,157585
1687738198,158717
1687738198,248922
1687738198,258411
1687738198,258454
1687738198,260366
1687738198,263177
1687738198,309315
1687738198,319186
1687738198,343179
1687738198,421924
1687738198,441555
1687738198,510677
1687738198,524731
1687738198,565244
1687738198,595645
1687738198,630124
1687738199,158802
1687738199,167135
1687738199,169562
1687738199,169986
1687738199,173393
1687738199,181010
1687738199,231699
1687738199,259611
1687738199,260223
1687738199,262218
1687738199,263165
1687738199,264309
1687738199,311029
1687738199,320815
1687738199,328544
1687738199,387943
1687738199,391202
1687738199,477466
1687738199,484358
1687738199,563427
1687738199,613267
1687738199,622705
1687738199,633466
1687738200,181127
1687738200,182714
1687738200,187956
1687738200,191482
1687738200,194425
1687738200,250809
1687738200,254475
1687738200,262278
1687738200,262567
1687738200,265883
1687738200,266182
1687738200,267058
1687738200,287569
1687738200,340084
1687738200,343921
1687738200,421932
1687738200,422701
1687738200,507710
1687738200,510132
1687738200,581724
1687738200,582861
1687738200,594054
1687738201,193922
1687738201,200099
1687738201,266291
1687738201,266948
1687738201,267940
1687738201,268904
1687738201,271279
1687738201,310124
1687738201,318655
1687738201,387466
1687738201,437227
1687738201,480711
1687738201,610993
1687738201,630800
1687738202,209762
1687738202,216490
1687738202,216777
1687738202,267820
1687738202,269920
1687738202,271573
1687738202,272305
1687738202,272392
1687738202,272538
1687738202,311824
1687738202,331038
1687738202,334265
1687738202,406514
1687738202,407008
1687738202,428897
1687738202,490567
1687738202,518994
1687738202,558385
1687738202,599792
1687738202,633648
1687738203,219575
1687738203,220466
1687738203,222861
1687738203,227214
1687738203,227799
1687738203,234965
1687738203,256789
1687738203,274878
1687738203,276652
1687738203,318252
1687738203,350312
1687738203,378019
1687738203,470125
1687738203,570444
1687738203,593506
1687738203,619537
1687738203,634600
1687738204,143527
1687738204,226198
1687738204,232009
1687738204,233459
1687738204,234274
1687738204,240660
1687738204,274452
1687738204,277718
1687738204,278301
1687738204,278315
1687738204,279273
1687738204,308612
1687738204,325190
1687738204,344351
1687738204,422415
1687738204,520252
1687738204,529979
1687738204,550056
1687738204,560443
1687738204,605316
1687738204,607537
1687738204,631873
1687738205,232993
1687738205,238288
1687738205,238638
1687738205,240172
1687738205,245738
1687738205,281540
1687738205,282547
1687738205,282951
1687738205,284040
1687738205,285922
1687738205,286073
1687738205,313973
1687738205,316279
1687738205,327309
1687738205,358418
1687738205,363596
1687738205,394043
1687738205,402614
1687738205,441461
1687738205,479203
1687738205,498972
1687738205,576060
1687738205,593872
1687738205,610470
1687738206,140681
1687738206,243268
1687738206,246608
1687738206,248589
1687738206,284087
1687738206,287260
1687738206,289075
1687738206,290373
1687738206,292315
1687738206,335785
1687738206,420391
1687738206,454840
1687738206,495228
1687738206,537998
1687738206,581611
1687738206,601693
1687738206,622151
1687738206,630356
1687738206,635492
1687738207,241693
1687738207,245275
1687738207,245586
1687738207,246451
1687738207,246988
1687738207,251530
1687738207,260845
1687738207,280704
1687738207,291340
1687738207,294736
1687738207,295196
1687738207,296797
1687738207,297025
1687738207,313463
1687738207,319574
1687738207,333302
1687738207,338647
1687738207,343756
1687738207,367054
1687738207,369235
1687738207,369610
1687738207,400182
1687738207,425262
1687738207,460842
1687738207,593762
1687738207,612365
1687738208,200995
1687738208,206349
1687738208,210967
1687738208,241279
1687738208,244884
1687738208,248842
1687738208,248937
1687738208,309083
1687738208,319251
1687738208,343462
1687738208,345768
1687738208,347638
1687738208,362814
1687738208,364941
1687738208,438072
1687738208,495982
1687738208,519102
1687738208,562768
1687738208,591655
1687738208,624780
1687738208,625089
1687738208,628558
1687738208,632438
1687738209,244668
1687738209,245096
1687738209,246162
1687738209,248263
1687738209,254153
1687738209,314992
1687738209,323246
1687738209,357759
1687738209,367855
1687738209,375435
1687738209,382628
1687738209,415928
1687738209,440589
1687738209,475383
1687738209,477362
1687738209,621759
1687738210,237793
1687738210,244014
1687738210,250557
1687738210,309670
1687738210,323761
1687738210,334865
1687738210,352965
1687738210,385577
1687738210,445078
1687738210,457389
1687738210,489260
1687738210,507289
1687738210,519294
1687738210,521055
1687738210,533583
1687738210,601853
1687738210,615543
1687738210,640458
1687738211,247091
1687738211,248072
1687738211,250029
1687738211,251211
1687738211,252592
1687738211,316203
1687738211,319581
1687738211,336058
1687738211,367850
1687738211,418024
1687738211,453358
1687738211,458969
1687738211,483251
1687738211,498845
1687738211,504567
1687738211,513193
1687738211,520941
1687738211,544998
1687738211,577221
1687738211,583510
1687738211,621740
1687738211,626712
1687738212,245469
1687738212,249429
1687738212,250123
1687738212,251785
1687738212,252832
1687738212,253050
1687738212,255785
1687738212,324188
1687738212,334100
1687738212,363825
1687738212,368528
1687738212,397969
1687738212,407374
1687738212,418483
1687738212,438464
1687738212,463931
1687738212,483903
1687738212,498605
1687738212,519915
1687738212,548088
1687738212,607221
1687738212,639903
1687738213,241559
1687738213,249346
1687738213,250797
1687738213,250979
1687738213,253114
1687738213,254639
1687738213,259250
1687738213,287017
1687738213,314550
1687738213,395116
1687738213,430312
1687738213,527231
1687738213,561930
1687738213,605504
1687738214,168222
1687738214,177864
1687738214,185274
1687738214,202052
1687738214,224916
1687738214,251145
1687738214,252465
1687738214,257392
1687738214,313182
1687738214,322938
1687738214,349541
1687738214,381369
1687738214,476688
1687738214,521909
1687738214,558142
1687738214,596545
1687738214,611290
1687738214,613387
1687738214,630961
1687738215,140595
1687738215,143200
1687738215,145525
1687738215,149525
1687738215,154770
1687738215,159075
1687738215,249027
1687738215,251523
1687738215,253487
1687738215,255615
1687738215,255851
1687738215,255972
1687738215,257873
1687738215,309811
1687738215,309987
1687738215,316507
1687738215,317629
1687738215,372356
1687738215,462346
1687738215,516221
1687738215,521805
1687738215,590737
1687738215,596405
1687738215,637987
1687738216,138370
1687738216,139449
1687738216,140704
1687738216,141703
1687738216,252901
1687738216,254581
1687738216,256877
1687738216,258208
1687738216,322721
1687738216,346252
1687738216,364884
1687738216,424667
1687738216,452629
1687738216,543415
1687738216,544203
1687738216,545448
1687738216,562889
1687738216,566415
1687738216,606001
1687738216,610382
1687738216,631949
1687738217,142628
1687738217,143546
1687738217,147272
1687738217,147876
1687738217,148510
1687738217,255773
1687738217,258630
1687738217,259686
1687738217,262306
1687738217,312077
1687738217,320553
1687738217,353722
1687738217,390242
1687738217,483834
1687738217,614522
1687738217,636271
1687738218,152611
1687738218,157640
1687738218,158696
1687738218,158855
1687738218,257892
1687738218,258448
1687738218,260473
1687738218,263101
1687738218,309158
1687738218,341963
1687738218,419861
1687738218,435359
1687738218,443119
1687738218,508841
1687738218,526200
1687738218,563737
1687738218,596791
1687738218,630466
1687738219,167280
1687738219,169623
1687738219,170009
1687738219,173600
1687738219,181047
1687738219,259626
1687738219,260239
1687738219,262181
1687738219,262415
1687738219,263119
1687738219,264385
1687738219,311079
1687738219,321303
1687738219,327907
1687738219,352112
1687738219,386163
1687738219,392991
1687738219,475644
1687738219,486177
1687738219,565034
1687738219,613916
1687738219,621863
1687738219,633003
1687738220,181155
1687738220,182706
1687738220,188118
1687738220,191218
1687738220,194528
1687738220,199874
1687738220,262559
1687738220,265917
1687738220,266131
1687738220,267133
1687738220,341320
1687738220,342543
1687738220,419949
1687738220,424455
1687738220,508352
1687738220,509271
1687738220,592793
1687738220,625615
1687738221,193960
1687738221,201314
1687738221,206867
1687738221,209572
1687738221,210889
1687738221,266365
1687738221,266792
1687738221,268016
1687738221,268927
1687738221,271242
1687738221,319117
1687738221,333396
1687738221,389115
1687738221,482478
1687738221,494463
1687738221,581433
1687738221,611608
1687738221,630263
1687738222,216347
1687738222,217007
1687738222,267799
1687738222,269991
1687738222,271607
1687738222,272369
1687738222,272417
1687738222,272458
1687738222,311613
1687738222,405139
1687738222,408297
1687738222,426978
1687738222,492200
1687738222,517312
1687738222,559935
1687738222,598730
1687738222,633316
1687738223,219759
1687738223,220573
1687738223,223157
1687738223,227204
1687738223,227490
1687738223,235158
1687738223,274872
1687738223,276664
1687738223,318933
1687738223,348899
1687738223,379761
1687738223,471852
1687738223,592184
1687738223,592545
1687738223,620323
1687738223,634412
1687738224,226044
1687738224,232349
1687738224,233672
1687738224,234255
1687738224,240243
1687738224,258377
1687738224,274475
1687738224,277831
1687738224,278299
1687738224,278391
1687738224,279232
1687738224,308268
1687738224,326088
1687738224,343069
1687738224,420114
1687738224,518458
1687738224,528268
1687738224,551460
1687738224,604527
1687738224,608221
1687738224,631779
1687738225,232932
1687738225,238190
1687738225,238933
1687738225,239995
1687738225,245985
1687738225,281489
1687738225,282572
1687738225,282995
1687738225,283118
1687738225,284188
1687738225,286073
1687738225,289119
1687738225,314579
1687738225,315904
1687738225,357078
1687738225,365433
1687738225,395833
1687738225,439713
1687738225,480896
1687738225,517993
1687738225,561995
1687738225,592826
1687738226,237704
1687738226,243419
1687738226,246451
1687738226,248753
1687738226,285974
1687738226,287215
1687738226,290318
1687738226,292354
1687738226,334403
1687738226,418654
1687738226,456762
1687738226,539546
1687738226,602481
1687738226,630481
1687738227,241932
1687738227,244977
1687738227,245595
1687738227,246429
1687738227,246988
1687738227,251537
1687738227,260752
1687738227,281461
1687738227,291463
1687738227,294824
1687738227,295189
1687738227,296785
1687738227,297056
1687738227,309864
1687738227,312774
1687738227,319874
1687738227,344117
1687738227,366789
1687738227,367734
1687738227,370108
1687738227,459068
1687738227,583048
1687738227,611550
1687738228,241251
1687738228,244949
1687738228,248549
1687738228,249145
1687738228,309335
1687738228,318795
1687738228,343544
1687738228,345993
1687738228,362563
1687738228,365012
1687738228,416701
1687738228,439884
1687738228,523407
1687738228,591950
1687738229,244879
1687738229,245094
1687738229,246014
1687738229,248527
1687738229,250324
1687738229,323207
1687738229,358153
1687738229,367748
1687738229,375674
1687738229,440831
1687738229,475515
1687738229,564946
1687738229,621119
1687738229,629075
1687738230,244082
1687738230,309715
1687738230,332156
1687738230,335967
1687738230,383991
1687738230,457712
1687738230,489821
1687738230,507608
1687738230,519313
1687738230,521232
1687738230,602697
1687738230,614567
1687738230,640943
1687738231,246915
1687738231,248301
1687738231,250001
1687738231,251117
1687738231,252562
1687738231,315783
1687738231,319978
1687738231,366300
1687738231,419871
1687738231,451428
1687738231,458353
1687738231,482879
1687738231,498657
1687738231,506102
1687738231,512785
1687738231,520843
1687738231,543230
1687738231,578457
1687738231,582180
1687738231,622544
1687738231,626413
1687738232,245515
1687738232,249221
1687738232,251758
1687738232,253175
1687738232,255686
1687738232,312428
1687738232,325051
1687738232,333719
1687738232,335059
1687738232,363193
1687738232,370336
1687738232,397276
1687738232,405653
1687738232,418098
1687738232,438253
1687738232,465893
1687738232,496873
1687738232,543736
1687738232,571865
1687738232,610917
1687738232,639844
1687738233,241182
1687738233,249115
1687738233,249377
1687738233,250781
1687738233,251089
1687738233,251276
1687738233,254811
1687738233,258811
1687738233,286443
1687738233,312990
1687738233,314009
1687738233,350738
1687738233,397052
1687738233,485630
1687738233,525468
1687738233,563327
1687738233,604382
1687738234,167992
1687738234,177708
1687738234,185054
1687738234,201607
1687738234,224607
1687738234,252472
1687738234,257343
1687738234,309659
1687738234,323339
1687738234,348293
1687738234,383178
1687738234,428425
1687738234,478565
1687738234,520073
1687738234,559512
1687738234,611999
1687738234,614028
1687738234,630738
1687738235,140526
1687738235,143192
1687738235,145338
1687738235,149505
1687738235,154744
1687738235,158886
1687738235,251416
1687738235,255443
1687738235,255949
1687738235,256092
1687738235,316878
1687738235,317389
1687738235,374134
1687738235,433476
1687738235,464036
1687738235,514416
1687738235,545670
1687738235,595290
1687738235,637784
1687738236,138448
1687738236,139471
1687738236,141703
1687738236,253016
1687738236,254517
1687738236,256952
1687738236,257876
1687738236,258193
1687738236,323221
1687738236,345213
1687738236,363349
1687738236,422899
1687738236,450948
1687738236,541596
1687738236,606589
1687738236,609446
1687738236,615343
1687738236,632077
1687738237,140653
1687738237,142739
1687738237,143547
1687738237,148607
1687738237,254170
1687738237,255886
1687738237,258348
1687738237,258668
1687738237,259517
1687738237,262399
1687738237,312264
1687738237,320103
1687738237,355161
1687738237,564355
1687738237,635917
1687738238,147827
1687738238,152716
1687738238,157679
1687738238,158659
1687738238,158927
1687738238,250276
1687738238,257819
1687738238,258445
1687738238,260594
1687738238,263011
1687738238,309045
1687738238,340816
1687738238,417794
1687738238,444695
1687738238,507046
1687738238,527666
1687738238,562180
1687738238,591319
1687738238,597884
1687738238,630764
1687738239,167426
1687738239,169675
1687738239,170032
1687738239,173804
1687738239,181089
1687738239,259642
1687738239,260253
1687738239,262132
1687738239,263084
1687738239,264451
1687738239,311123
1687738239,321823
1687738239,327282
1687738239,348947
1687738239,384418
1687738239,394780
1687738239,473825
1687738239,487970
1687738239,566660
1687738239,614596
1687738239,620980
1687738239,632549
1687738240,181187
1687738240,182691
1687738240,188288
1687738240,190956
1687738240,194626
1687738240,199696
1687738240,262552
1687738240,262574
1687738240,265939
1687738240,266089
1687738240,267192
1687738240,309599
1687738240,341190
1687738240,342565
1687738240,390750
1687738240,417983
1687738240,426178
1687738240,506567
1687738240,510821
1687738240,549542
1687738240,584361
1687738240,591500
1687738240,626105
1687738241,194055
1687738241,201700
1687738241,207361
1687738241,210784
1687738241,252956
1687738241,266440
1687738241,266625
1687738241,268107
1687738241,268954
1687738241,271195
1687738241,319620
1687738241,332578
1687738241,484224
1687738241,492964
1687738241,561480
1687738241,580008
1687738241,595405
1687738241,607911
1687738241,612198
1687738241,629685
1687738242,209403
1687738242,216178
1687738242,217245
1687738242,267777
1687738242,270058
1687738242,271649
1687738242,272235
1687738242,272531
1687738242,272549
1687738242,311444
1687738242,333273
1687738242,403302
1687738242,410071
1687738242,425055
1687738242,493847
1687738242,515621
1687738242,597569
1687738242,632972
1687738243,219931
1687738243,220724
1687738243,223441
1687738243,227193
1687738243,227198
1687738243,235332
1687738243,274509
1687738243,274861
1687738243,276675
1687738243,309864
1687738243,319591
1687738243,347511
1687738243,381469
1687738243,392128
1687738243,473562
1687738243,485682
1687738243,590865
1687738243,621083
1687738243,634200
1687738244,147384
1687738244,225925
1687738244,232698
1687738244,233882
1687738244,234220
1687738244,239822
1687738244,252845
1687738244,277954
1687738244,278289
1687738244,278478
1687738244,279165
1687738244,307930
1687738244,327004
1687738244,341810
1687738244,417849
1687738244,516639
1687738244,526519
1687738244,552842
1687738244,603684
1687738244,608892
1687738244,631656
1687738245,232894
1687738245,238090
1687738245,239284
1687738245,239803
1687738245,246191
1687738245,281435
1687738245,282599
1687738245,283033
1687738245,284329
1687738245,286081
1687738245,315199
1687738245,315510
1687738245,355744
1687738245,367303
1687738245,397594
1687738245,437980
1687738245,482597
1687738245,516035
1687738245,563507
1687738245,591809
1687738245,611377
1687738246,237616
1687738246,243569
1687738246,246281
1687738246,248898
1687738246,282119
1687738246,286026
1687738246,287159
1687738246,289162
1687738246,290271
1687738246,292386
1687738246,333038
1687738246,344495
1687738246,416909
1687738246,458696
1687738246,541093
1687738246,603256
1687738246,630603
1687738247,242188
1687738247,244682
1687738247,245623
1687738247,246418
1687738247,246980
1687738247,251542
1687738247,260644
1687738247,282234
1687738247,291605
1687738247,294930
1687738247,295178
1687738247,296773
1687738247,297088
1687738247,320196
1687738247,366217
1687738247,366556
1687738247,370594
1687738247,457279
1687738247,542043
1687738247,610698
1687738248,241227
1687738248,245037
1687738248,248240
1687738248,249351
1687738248,253500
1687738248,309626
1687738248,318360
1687738248,343620
1687738248,346175
1687738248,350327
1687738248,362289
1687738248,365122
1687738248,417459
1687738248,525008
1687738248,573286
1687738248,593124
1687738249,245083
1687738249,245095
1687738249,245830
1687738249,248799
1687738249,250089
1687738249,358518
1687738249,367631
1687738249,375953
1687738249,441127
1687738249,473686
1687738249,563483
1687738249,620473
1687738249,629504
1687738250,244151
1687738250,249190
1687738250,252854
1687738250,309532
1687738250,309793
1687738250,322721
1687738250,337094
1687738250,382451
1687738250,458055
1687738250,490411
1687738250,507976
1687738250,519312
1687738250,521370
1687738251,248549
1687738251,249964
1687738251,251027
1687738251,252520
1687738251,421707
1687738251,457727
1687738251,482488
1687738251,498446
1687738251,507620
1687738251,512356
1687738251,520737
1687738251,579704
1687738251,580782
1687738251,623341
1687738251,626082
1687738252,245568
1687738252,249027
1687738252,250432
1687738252,251726
1687738252,253297
1687738252,312108
1687738252,325914
1687738252,333351
1687738252,334083
1687738252,362587
1687738252,396587
1687738252,403939
1687738252,417703
1687738252,438018
1687738252,495126
1687738253,224282
1687738253,240811
1687738253,249420
1687738253,250762
1687738253,251230
1687738253,254982
1687738253,258403
1687738253,285858
1687738253,313464
1687738253,398972
1687738253,487337
1687738253,564741
1687738253,614654
1687738254,167754
1687738254,177549
1687738254,184840
1687738254,201190
1687738254,251413
1687738254,252469
1687738254,253522
1687738254,254160
1687738254,257286
1687738254,347110
1687738254,426567
1687738254,441707
1687738254,518206
1687738254,594281
1687738254,630508
1687738255,140446
1687738255,143179
1687738255,145146
1687738255,149486
1687738255,154730
1687738255,158666
1687738255,251292
1687738255,255282
1687738255,255941
1687738255,256327
1687738255,317163
1687738255,317273
1687738255,375932
1687738255,465742
1687738255,512598
1687738256,138518
1687738256,139507
1687738256,140609
1687738256,141703
1687738256,253137
1687738256,257023
1687738256,257890
1687738256,258177
1687738256,309765
1687738256,323758
1687738256,344169
1687738256,393986
1687738256,421117
1687738256,449275
1687738256,487494
1687738256,547109
1687738256,607171
1687738256,608489
1687738256,632194
1687738257,142832
1687738257,143544
1687738257,147495
1687738257,148707
1687738257,255991
1687738257,258318
1687738257,259337
1687738257,262464
1687738257,312501
1687738257,319668
1687738257,415678
1687738257,565840
1687738257,616199
1687738257,635522
1687738258,152841
1687738258,158609
1687738258,159040
1687738258,246761
1687738258,257765
1687738258,258437
1687738258,260732
1687738258,262913
1687738258,308982
1687738258,339685
1687738258,446285
1687738258,529161
1687738258,560617
1687738258,590095
1687738258,598917
1687738258,620095
1687738258,631024
1687738259,167552
1687738259,170043
1687738259,174006
1687738259,181122
1687738259,258707
1687738259,262053
1687738259,263051
1687738259,264530
1687738259,311168
1687738259,322392
1687738259,326668
1687738259,382699
1687738259,396555
1687738259,472021
1687738259,489745
1687738259,568276
1687738259,615280
1687738259,632068
1687738260,181237
1687738260,182676
1687738260,188469
1687738260,194194
1687738260,194716
1687738260,199548
1687738260,255572
1687738260,262573
1687738260,262729
1687738260,265957
1687738260,266046
1687738260,267235
1687738260,309343
1687738260,339875
1687738260,343847
1687738260,416039
1687738260,427877
1687738260,504831
1687738260,512378
1687738260,585652
1687738260,590220
1687738261,207842
1687738261,210637
1687738261,252818
1687738261,266471
1687738261,266527
1687738261,268205
1687738261,268998
1687738261,271119
1687738261,320177
1687738261,331763
1687738261,392384
1687738261,401494
1687738261,485936
1687738261,491493
1687738261,563005
1687738261,578562
1687738261,629072
1687738262,209246
1687738262,216003
1687738262,217510
1687738262,226893
1687738262,267755
1687738262,270124
1687738262,271712
1687738262,272125
1687738262,272607
1687738262,272664
1687738262,309404
1687738262,311284
1687738262,334408
1687738262,411823
1687738262,423124
1687738262,495523
1687738262,513956
1687738262,596343
1687738262,612808
1687738262,632593
1687738263,220091
1687738263,220903
1687738263,223707
1687738263,227200
1687738263,235487
1687738263,274850
1687738263,276681
1687738263,320250
1687738263,346159
1687738263,383143
1687738263,475263
1687738263,589568
1687738263,621846
1687738263,633979
1687738264,147773
1687738264,225798
1687738264,233072
1687738264,234085
1687738264,234160
1687738264,239396
1687738264,274563
1687738264,278081
1687738264,278285
1687738264,278554
1687738264,279081
1687738264,307640
1687738264,327916
1687738264,340579
1687738264,415602
1687738264,505253
1687738264,514757
1687738264,524800
1687738264,554213
1687738264,602814
1687738264,609555
1687738264,631515
1687738265,157709
1687738265,232869
1687738265,238018
1687738265,239574
1687738265,239659
1687738265,246361
1687738265,260271
1687738265,281372
1687738265,282631
1687738265,283049
1687738265,284471
1687738265,286117
1687738265,315118
1687738265,315860
1687738265,354435
1687738265,361864
1687738265,369161
1687738265,399343
1687738265,415182
1687738265,436227
1687738265,484311
1687738265,514078
1687738265,564998
1687738265,590802
1687738265,611804
1687738266,169712
1687738266,237525
1687738266,243712
1687738266,249010
1687738266,254427
1687738266,260536
1687738266,281097
1687738266,286076
1687738266,287100
1687738266,289209
1687738266,290236
1687738266,292400
1687738266,331715
1687738266,460651
1687738266,539765
1687738266,542625
1687738266,604001
1687738266,630710
1687738267,242453
1687738267,244366
1687738267,245673
1687738267,246389
1687738267,246965
1687738267,251524
1687738267,283046
1687738267,291753
1687738267,295027
1687738267,295161
1687738267,296768
1687738267,297112
1687738267,320528
1687738267,344909
1687738267,356603
1687738267,364706
1687738267,366378
1687738267,371099
1687738267,455427
1687738267,609837
1687738268,241210
1687738268,245128
1687738268,247951
1687738268,249554
1687738268,259662
1687738268,309975
1687738268,317965
1687738268,343689
1687738268,346324
1687738268,351786
1687738268,362030
1687738268,365301
1687738268,418203
1687738268,526575
1687738268,594277
1687738269,245109
1687738269,245251
1687738269,245676
1687738269,249856
1687738269,254146
1687738269,358838
1687738269,367498
1687738269,376247
1687738269,471882
1687738269,561980
1687738269,629911
1687738270,244232
1687738270,246614
1687738270,249240
1687738270,252850
1687738270,309907
1687738270,322266
1687738270,338251
1687738270,380901
1687738270,458403
1687738270,491001
1687738270,508331
1687738270,519311
1687738270,521487
1687738270,626541
1687738271,202119
1687738271,249924
1687738271,252441
1687738271,423539
1687738271,457108
1687738271,482081
1687738271,498236
1687738271,509109
1687738271,511906
1687738271,520661
1687738271,579356
1687738271,580899
1687738271,624116
1687738271,625742
1687738272,245618
1687738272,248857
1687738272,249465
1687738272,250582
1687738272,251694
1687738272,253418
1687738272,311843
1687738272,326817
1687738272,332967
1687738272,333138
1687738272,361968
1687738272,395876
1687738272,402197
1687738272,417312
1687738272,437769
1687738272,493387
1687738272,566149
1687738273,223940
1687738273,240428
1687738273,250736
1687738273,251378
1687738273,252686
1687738273,255145
1687738273,255413
1687738273,258000
1687738273,285262
1687738273,312885
1687738273,400874
1687738273,489013
1687738273,630266
1687738274,158434
1687738274,167519
1687738274,177383
1687738274,184634
1687738274,200794
1687738274,251538
1687738274,252465
1687738274,253548
1687738274,257216
1687738274,346013
1687738274,424706
1687738274,516324
1687738274,593114
1687738275,140380
1687738275,143158
1687738275,144967
1687738275,149470
1687738275,154706
1687738275,190714
1687738275,246087
1687738275,255117
1687738275,255946
1687738275,256521
1687738275,316928
1687738275,317667
1687738275,377773
1687738275,443514
1687738275,467432
1687738275,548556
1687738276,138570
1687738276,139554
1687738276,141708
1687738276,249082
1687738276,253271
1687738276,257082
1687738276,257914
1687738276,258162
1687738276,258748
1687738276,447623
1687738276,540315
1687738276,574703
1687738276,607500
1687738276,607815
1687738276,619836
1687738276,632284
1687738277,140564
1687738277,142898
1687738277,147595
1687738277,147721
1687738277,148812
1687738277,256096
1687738277,258276
1687738277,259160
1687738277,262496
1687738277,312783
1687738277,319267
1687738278,152956
1687738278,157752
1687738278,158559
1687738278,159183
1687738278,250951
1687738278,257706
1687738278,258426
1687738278,260895
1687738278,262818
1687738278,264609
1687738278,447860
1687738278,530665
1687738278,559020
1687738278,599880
1687738278,619183
1687738278,631266
1687738279,167656
1687738279,169738
1687738279,170040
1687738279,174226
1687738279,181158
1687738279,261978
1687738279,263026
1687738279,326022
1687738279,380961
1687738279,441445
1687738279,470242
1687738280,181304
1687738280,182656
1687738280,188671
1687738280,194373
1687738280,194809
1687738280,262604
1687738280,262897
1687738280,265957
1687738280,266005
1687738280,266306
1687738280,267260
1687738280,309089
1687738280,311209
1687738280,345147
1687738280,429568
1687738280,513932
1687738280,586917
1687738280,615293
1687738281,190486
1687738281,199438
1687738281,208277
1687738281,210453
1687738281,254324
1687738281,266609
1687738281,268290
1687738281,269049
1687738281,271031
1687738281,320769
1687738281,330969
1687738281,394040
1687738281,399699
1687738281,487596
1687738281,489961
1687738281,564506
1687738281,577115
1687738281,628440
1687738282,143539
1687738282,209084
1687738282,215808
1687738282,217803
1687738282,251170
1687738282,267741
1687738282,270164
1687738282,272000
1687738282,272684
1687738282,309281
1687738282,311123
1687738282,335524
1687738282,360441
1687738282,413543
1687738282,421156
1687738282,497191
1687738282,512276
1687738282,537930
1687738282,576095
1687738282,595125
1687738282,613421
1687738282,632158
1687738283,220254
1687738283,221114
1687738283,223945
1687738283,226590
1687738283,227225
1687738283,235624
1687738283,274835
1687738283,320891
1687738283,344825
1687738283,358085
1687738283,384857
1687738283,476962
1687738283,588269
1687738283,633730
1687738284,225674
1687738284,233463
1687738284,234060
1687738284,234305
1687738284,239002
1687738284,248788
1687738284,274622
1687738284,278221
1687738284,278283
1687738284,278623
1687738284,279008
1687738284,307361
1687738284,328842
1687738284,339362
1687738284,413385
1687738284,512855
1687738284,523049
1687738284,555608
1687738284,601943
1687738284,610232
1687738284,631351
1687738285,232865
1687738285,237967
1687738285,239319
1687738285,240018
1687738285,246469
1687738285,281311
1687738285,282656
1687738285,283063
1687738285,284627
1687738285,286174
1687738285,314701
1687738285,316498
1687738285,353105
1687738285,371022
1687738285,401118
1687738285,434472
1687738285,486014
1687738285,512114
1687738285,566504
1687738285,589791
1687738285,612217
1687738285,626960
1687738286,237454
1687738286,243842
1687738286,249110
1687738286,259678
1687738286,260296
1687738286,260427
1687738286,286125
1687738286,289256
1687738286,290220
1687738286,292407
1687738286,330404
1687738286,413486
1687738286,462578
1687738286,544148
1687738286,604761
1687738286,630793
1687738287,202588
1687738287,242722
1687738287,244041
1687738287,245737
1687738287,246355
1687738287,246949
1687738287,251478
1687738287,283880
1687738287,291870
1687738287,295115
1687738287,295143
1687738287,296762
1687738287,297129
1687738287,320867
1687738287,345373
1687738287,363178
1687738287,366233
1687738287,371636
1687738287,453556
1687738287,608960
1687738288,241206
1687738288,245225
1687738288,247640
1687738288,249737
1687738288,310399
1687738288,317558
1687738288,343768
1687738288,346415
1687738288,353294
1687738288,361800
1687738288,365500
1687738288,445318
1687738288,528128
1687738288,595411
1687738289,245141
1687738289,245418
1687738289,245530
1687738289,249373
1687738289,249626
1687738289,276672
1687738289,321832
1687738289,359126
1687738289,367341
1687738289,376581
1687738289,418900
1687738289,470099
1687738289,560438
1687738289,619177
1687738289,630257
1687738290,244319
1687738290,245906
1687738290,246480
1687738290,252836
1687738290,272770
1687738290,310016
1687738290,339434
1687738290,379378
1687738290,458766
1687738290,491609
1687738290,508671
1687738290,519307
1687738290,521584
1687738291,249892
1687738291,425360
1687738291,456511
1687738291,481672
1687738291,497992
1687738291,510612
1687738291,511421
1687738291,520563
1687738291,577905
1687738291,582106
1687738291,622596
1687738291,624870
1687738291,625354
1687738292,245654
1687738292,248721
1687738292,250713
1687738292,251679
1687738292,253526
1687738292,271794
1687738292,311629
1687738292,327754
1687738292,332213
1687738292,332580
1687738292,361321
1687738292,395150
1687738292,400425
1687738292,416940
1687738292,437512
1687738292,491660
1687738292,538568
1687738293,240042
1687738293,249508
1687738293,250714
1687738293,251528
1687738293,252585
1687738293,255249
1687738293,255311
1687738293,257602
1687738293,280039
1687738293,284638
1687738293,312350
1687738293,402766
1687738293,490660
1687738293,514466
1687738293,567534
1687738293,615930
1687738293,630013
1687738294,167293
1687738294,177248
1687738294,184432
1687738294,200440
1687738294,252460
1687738294,253582
1687738294,256725
1687738294,257137
1687738294,287043
1687738294,344983
1687738294,422849
1687738294,441762
1687738294,591918
1687738295,140303
1687738295,143139
1687738295,144785
1687738295,149443
1687738295,154668
1687738295,158179
1687738295,251064
1687738295,254975
1687738295,255952
1687738295,316672
1687738295,318085
1687738295,379636
1687738295,549981
1687738296,138611
1687738296,139611
1687738296,141728
1687738296,143540
1687738296,250904
1687738296,253374
1687738296,254214
1687738296,257147
1687738296,257948
1687738296,258161
1687738296,258808
1687738296,446008
1687738296,469114
1687738296,536101
1687738296,606489
1687738296,608426
1687738296,632318
1687738297,142946
1687738297,148925
1687738297,256216
1687738297,258247
1687738297,259010
1687738297,262507
1687738297,313105
1687738297,318909
1687738297,359080
1687738297,359605
1687738298,153092
1687738298,157790
1687738298,158505
1687738298,159323
1687738298,170018
1687738298,254116
1687738298,257654
1687738298,258410
1687738298,260326
1687738298,261052
1687738298,262694
1687738298,449445
1687738298,532150
1687738298,557426
1687738298,600793
1687738298,618253
1687738298,631474
1687738299,147700
1687738299,167767
1687738299,169745
1687738299,174433
1687738299,181193
1687738299,249029
1687738299,261927
1687738299,264675
1687738299,325376
1687738299,379238
1687738299,468427
1687738300,181374
1687738300,182639
1687738300,188883
1687738300,194588
1687738300,194886
1687738300,223582
1687738300,249283
1687738300,262645
1687738300,263049
1687738300,265949
1687738300,265963
1687738300,266148
1687738300,267296
1687738300,311244
1687738300,346453
1687738300,431245
1687738300,515474
1687738300,588133
1687738300,627349
1687738301,190261
1687738301,199368
1687738301,208688
1687738301,210255
1687738301,251677
1687738301,266681
1687738301,268351
1687738301,269097
1687738301,270945
1687738301,330158
1687738301,397950
1687738301,488402
1687738301,575609
1687738301,627814
1687738302,203074
1687738302,208924
1687738302,215591
1687738302,218092
1687738302,220437
1687738302,224158
1687738302,267741
1687738302,270190
1687738302,271886
1687738302,272764
1687738302,309174
1687738302,336623
1687738302,415238
1687738302,498894
1687738302,577473
1687738303,221346
1687738303,226268
1687738303,227263
1687738303,235770
1687738303,252341
1687738303,274812
1687738303,276637
1687738303,623347
1687738304,225554
1687738304,233858
1687738304,233939
1687738304,234528
1687738304,238603
1687738304,274686
1687738304,278283
1687738304,278347
1687738304,278687
1687738304,278949
1687738304,307085
1687738304,329760
1687738304,338138
1687738304,411224
1687738304,510926
1687738304,586944
1687738305,232893
1687738305,237945
1687738305,239038
1687738305,240359
1687738305,245750
1687738305,246518
1687738305,281270
1687738305,282666
1687738305,283074
1687738305,284784
1687738305,286245
1687738305,402917
1687738305,487707
1687738305,510127
1687738305,567993
1687738305,588753
1687738305,612583
1687738306,237405
1687738306,243981
1687738306,249180
1687738306,259684
1687738306,260317
1687738306,263021
1687738306,278974
1687738306,286162
1687738306,289297
1687738306,290211
1687738306,292414
1687738306,329145
1687738306,411885
1687738306,545651
1687738306,605484
1687738306,630886
1687738307,242980
1687738307,243723
1687738307,245822
1687738307,246324
1687738307,246936
1687738307,251412
1687738307,271901
1687738307,272871
1687738307,284745
1687738307,291964
1687738307,295125
1687738307,295210
1687738307,296747
1687738307,297156
1687738307,321255
1687738307,345926
1687738307,361650
1687738307,366149
1687738307,372222
1687738307,451668
1687738307,536840
1687738307,608046
1687738307,633447
1687738308,140523
1687738308,241215
1687738308,245319
1687738308,247342
1687738308,249910
1687738308,310861
1687738308,317174
1687738308,343866
1687738308,346468
1687738308,354865
1687738308,361582
1687738308,365712
1687738308,447134
1687738308,529651
1687738308,596555
1687738309,245181
1687738309,245369
1687738309,245560
1687738309,249674
1687738309,321455
1687738309,359385
1687738309,367169
1687738309,376933
1687738309,419565
1687738309,442033
1687738309,468296
1687738309,558860
1687738309,630581
1687738310,244395
1687738310,249399
1687738310,287005
1687738310,340626
1687738310,377910
1687738310,459144
1687738310,492204
1687738310,508994
1687738310,519294
1687738310,521653
1687738311,249872
1687738311,252242
1687738311,455915
1687738311,481273
1687738311,497754
1687738311,510927
1687738311,512112
1687738311,520461
1687738311,576430
1687738311,583340
1687738311,624962
1687738311,625626
1687738312,147644
1687738312,248585
1687738312,250818
1687738312,251679
1687738312,253629
1687738312,311445
1687738312,328733
1687738312,331306
1687738312,332201
1687738312,360646
1687738312,394424
1687738312,398653
1687738312,416593
1687738312,437213
1687738312,489933
1687738313,223218
1687738313,239658
1687738313,250698
1687738313,250868
1687738313,251663
1687738313,252481
1687738313,255057
1687738313,255454
1687738313,257220
1687738313,284033
1687738313,311811
1687738313,404623
1687738313,492309
1687738313,512638
1687738313,568883
1687738313,616577
1687738313,629769
1687738314,157954
1687738314,167104
1687738314,177119
1687738314,184210
1687738314,200075
1687738314,251807
1687738314,252441
1687738314,253633
1687738314,254061
1687738314,257066
1687738314,316399
1687738314,318542
1687738314,344011
1687738314,421017
1687738314,590742
1687738314,618500
1687738315,140219
1687738315,143112
1687738315,144592
1687738315,149408
1687738315,154622
1687738315,249319
1687738315,250975
1687738315,254851
1687738315,255956
1687738315,256886
1687738315,381484
1687738315,470759
1687738316,138657
1687738316,139683
1687738316,141756
1687738316,142979
1687738316,143557
1687738316,253496
1687738316,257229
1687738316,257977
1687738316,258180
1687738316,258885
1687738316,444390
1687738316,551404
1687738316,605485
1687738316,609038
1687738316,632316
1687738317,147549
1687738317,147803
1687738317,149027
1687738317,252804
1687738317,256323
1687738317,258219
1687738317,258884
1687738317,262508
1687738317,310132
1687738317,313472
1687738317,318547
1687738317,357794
1687738317,427173
1687738318,153214
1687738318,157861
1687738318,158449
1687738318,159480
1687738318,249268
1687738318,257618
1687738318,258391
1687738318,260359
1687738318,261182
1687738318,262567
1687738318,361165
1687738318,451063
1687738318,533614
1687738318,555817
1687738318,601663
1687738318,631674
1687738319,167900
1687738319,169741
1687738319,169984
1687738319,174635
1687738319,181216
1687738319,194807
1687738319,245677
1687738319,259690
1687738319,261883
1687738319,263022
1687738319,264748
1687738319,311314
1687738319,324733
1687738319,377521
1687738319,466595
1687738320,181440
1687738320,182628
1687738320,189069
1687738320,194969
1687738320,262693
1687738320,263216
1687738320,265898
1687738320,265929
1687738320,266021
1687738320,347785
1687738320,432925
1687738320,517025
1687738320,589313
1687738321,190072
1687738321,199336
1687738321,209051
1687738321,209992
1687738321,266744
1687738321,267330
1687738321,268393
1687738321,269142
1687738321,270864
1687738321,329365
1687738321,396233
1687738321,486841
1687738321,574073
1687738321,627168
1687738322,208742
1687738322,215362
1687738322,218384
1687738322,224330
1687738322,227325
1687738322,267749
1687738322,270205
1687738322,271780
1687738322,272000
1687738322,272846
1687738322,272960
1687738322,309074
1687738322,337727
1687738322,416920
1687738322,500581
1687738322,578812
1687738323,220669
1687738323,225928
1687738323,235903
1687738323,249554
1687738323,274741
1687738323,274785
1687738323,276594
1687738323,624085
1687738323,633140
1687738324,225431
1687738324,233777
1687738324,234266
1687738324,234756
1687738324,238199
1687738324,278281
1687738324,278472
1687738324,278766
1687738324,278918
1687738324,289352
1687738324,330683
1687738324,336916
1687738324,409098
1687738324,508999
1687738325,232940
1687738325,237948
1687738325,238746
1687738325,240709
1687738325,245595
1687738325,246343
1687738325,246538
1687738325,281247
1687738325,282679
1687738325,283073
1687738325,284923
1687738325,286319
1687738325,286990
1687738325,404720
1687738325,489397
1687738325,508119
1687738325,534254
1687738325,569426
1687738325,587653
1687738325,612937
1687738326,140484
1687738326,237375
1687738326,244118
1687738326,249214
1687738326,254097
1687738326,260196
1687738326,277891
1687738326,286181
1687738326,290206
1687738326,292054
1687738326,292424
1687738326,327956
1687738326,410352
1687738327,243229
1687738327,243423
1687738327,245908
1687738327,246294
1687738327,246931
1687738327,247069
1687738327,251312
1687738327,285637
1687738327,295106
1687738327,295295
1687738327,296718
1687738327,297198
1687738327,321645
1687738327,366107
1687738327,372846
1687738327,617322
1687738328,241232
1687738328,245404
1687738328,250065
1687738328,343972
1687738328,346510
1687738328,361375
1687738328,365953
1687738329,221572
1687738329,245209
1687738329,245239
1687738329,245701
1687738329,249331
1687738329,249985
1687738329,253969
1687738329,359634
1687738329,366972
1687738329,420222
1687738329,442279
1687738330,244490
1687738330,249178
1687738330,252745
1687738330,459558
1687738330,492735
1687738330,509302
1687738330,519275
1687738330,521727
1687738330,627751
1687738331,203548
1687738331,245706
1687738331,246195
1687738331,249873
1687738331,250837
1687738331,252141
1687738331,455313
1687738331,480911
1687738331,497544
1687738331,510446
1687738331,520372
1687738331,574926
1687738331,624525
1687738332,248451
1687738332,250914
1687738332,306840
1687738332,311317
1687738332,329730
1687738332,330403
1687738332,331814
1687738332,359932
1687738332,393688
1687738332,396841
1687738332,416271
1687738332,436928
1687738332,488197
1687738333,222845
1687738333,239256
1687738333,250688
1687738333,251782
1687738333,252365
1687738333,253721
1687738333,254839
1687738333,255584
1687738333,256829
1687738333,283431
1687738333,311266
1687738333,406464
1687738333,493943
1687738333,617252
1687738334,157775
1687738334,166941
1687738334,176987
1687738334,184007
1687738334,199694
1687738334,251934
1687738334,252403
1687738334,253681
1687738334,256987
1687738334,257034
1687738334,318993
1687738334,343086
1687738334,346543
1687738334,419200
1687738334,589528
1687738335,138704
1687738335,140122
1687738335,143082
1687738335,144395
1687738335,149375
1687738335,154553
1687738335,249528
1687738335,250907
1687738335,251679
1687738335,254729
1687738335,255958
1687738335,383349
1687738335,472393
1687738335,609651
1687738336,139756
1687738336,141777
1687738336,143585
1687738336,253622
1687738336,257343
1687738336,258213
1687738336,258979
1687738336,442823
1687738336,552829
1687738336,585634
1687738336,604474
1687738336,632301
1687738337,143016
1687738337,147466
1687738337,147895
1687738337,149114
1687738337,256441
1687738337,258192
1687738337,258762
1687738337,262511
1687738337,313855
1687738337,318202
1687738337,356569
1687738338,157950
1687738338,158395
1687738338,159638
1687738338,169954
1687738338,249613
1687738338,257593
1687738338,258377
1687738338,260405
1687738338,261313
1687738338,262399
1687738338,452726
1687738338,535064
1687738338,554184
1687738338,602505
1687738338,631868
1687738339,168040
1687738339,169738
1687738339,174820
1687738339,181258
1687738339,259695
1687738339,261871
1687738339,263020
1687738339,264815
1687738339,311416
1687738339,324089
1687738339,375841
1687738339,377314
1687738339,464796
1687738340,181507
1687738340,182612
1687738340,189261
1687738340,195045
1687738340,195045
1687738340,262727
1687738340,263396
1687738340,265806
1687738340,265887
1687738340,265915
1687738340,349139
1687738340,434590
1687738340,518541
1687738340,590466
1687738340,629528
1687738341,189901
1687738341,199355
1687738341,209346
1687738341,209681
1687738341,266790
1687738341,267359
1687738341,268425
1687738341,269182
1687738341,270801
1687738341,316088
1687738341,328585
1687738341,394581
1687738341,485276
1687738341,510867
1687738341,532387
1687738341,572529
1687738341,626513
1687738342,153333
1687738342,208596
1687738342,215134
1687738342,218669
1687738342,220922
1687738342,221789
1687738342,224461
1687738342,253990
1687738342,267766
1687738342,270217
1687738342,271666
1687738342,272935
1687738342,273034
1687738342,308982
1687738342,338821
1687738342,418604
1687738342,502243
1687738342,580119
1687738343,225583
1687738343,227422
1687738343,236031
1687738343,257989
1687738343,274754
1687738343,274779
1687738343,276541
1687738343,278904
1687738343,507100
1687738343,616358
1687738343,624799
1687738343,632803
1687738344,140449
1687738344,225324
1687738344,233590
1687738344,234686
1687738344,234964
1687738344,237830
1687738344,278265
1687738344,278587
1687738344,278847
1687738344,283079
1687738344,306584
1687738344,331625
1687738344,335671
1687738344,407022
1687738345,233033
1687738345,237959
1687738345,238435
1687738345,241061
1687738345,245434
1687738345,246526
1687738345,281229
1687738345,282704
1687738345,285058
1687738345,286373
1687738345,286984
1687738345,406530
1687738345,491106
1687738345,506103
1687738345,570850
1687738345,586502
1687738345,613267
1687738345,628154
1687738346,237366
1687738346,244266
1687738346,249231
1687738346,260072
1687738346,276813
1687738346,286221
1687738346,289409
1687738346,292144
1687738346,292434
1687738346,326792
1687738346,408833
1687738347,204041
1687738347,243134
1687738347,243497
1687738347,245998
1687738347,246283
1687738347,246932
1687738347,251212
1687738347,286543
1687738347,295095
1687738347,295369
1687738347,296687
1687738347,297263
1687738347,322064
1687738347,347196
1687738347,366121
1687738347,373467
1687738348,241255
1687738348,245474
1687738348,246808
1687738348,250238
1687738348,344095
1687738348,346540
1687738348,361150
1687738348,366210
1687738349,245025
1687738349,245296
1687738349,245839
1687738349,250289
1687738349,359873
1687738349,362775
1687738349,366751
1687738349,420923
1687738349,442537
1687738350,244605
1687738350,248975
1687738350,252670
1687738350,459994
1687738350,493248
1687738350,497366
1687738350,509611
1687738350,519232
1687738350,521796
1687738351,245752
1687738351,246058
1687738351,249327
1687738351,249907
1687738351,250813
1687738351,251673
1687738351,252061
1687738351,454710
1687738351,480580
1687738351,509959
1687738351,520285
1687738352,248315
1687738352,249785
1687738352,251005
1687738352,253807
1687738352,272077
1687738352,331454
1687738352,359191
1687738352,392962
1687738352,415963
1687738352,436655
1687738353,222476
1687738353,238844
1687738353,249670
1687738353,250688
1687738353,251898
1687738353,252246
1687738353,255704
1687738353,256441
1687738353,282850
1687738353,310717
1687738354,166770
1687738354,176841
1687738354,183837
1687738354,199313
1687738354,252095
1687738354,252357
1687738354,253731
1687738354,255969
1687738354,256902
1687738354,290196
1687738354,377738
1687738354,584289
1687738355,140024
1687738355,143054
1687738355,144187
1687738355,149347
1687738355,154486
1687738355,250854
1687738355,254578
1687738355,257192
1687738355,258258
1687738356,138767
1687738356,139840
1687738356,140410
1687738356,141792
1687738356,143618
1687738356,253751
1687738356,253905
1687738356,257474
1687738356,257987
1687738356,259085
1687738356,441271
1687738357,143046
1687738357,147382
1687738357,147987
1687738357,149186
1687738357,153468
1687738357,256535
1687738357,258176
1687738357,258630
1687738357,262522
1687738357,314254
1687738357,317832
1687738357,355373
1687738358,158338
1687738358,159782
1687738358,168202
1687738358,169933
1687738358,257599
1687738358,258360
1687738358,260444
1687738358,261447
1687738358,262244
1687738358,454408
1687738358,536536
1687738358,552515
1687738358,603271
1687738358,615365
1687738358,632066
1687738359,169739
1687738359,175005
1687738359,181310
1687738359,253849
1687738359,259702
1687738359,261840
1687738359,262759
1687738359,263008
1687738359,264865
1687738359,311554
1687738359,323441
1687738359,374199
1687738359,463006
1687738360,181572
1687738360,182596
1687738360,189456
1687738360,195102
1687738360,195288
1687738360,254640
1687738360,265698
1687738360,265823
1687738360,265830
1687738360,267382
1687738360,350518
1687738360,436225
1687738360,520065
1687738360,591614
1687738360,628529
1687738361,157601
1687738361,189769
1687738361,199415
1687738361,204563
1687738361,209320
1687738361,209609
1687738361,266829
1687738361,268451
1687738361,269227
1687738361,270749
1687738361,327835
1687738361,392965
1687738361,483750
1687738361,570974
1687738361,625819
1687738362,208474
1687738362,214920
1687738362,218925
1687738362,221199
1687738362,221996
1687738362,224565
1687738362,267792
1687738362,270224
1687738362,271573
1687738362,273031
1687738362,273096
1687738362,308895
1687738362,339915
1687738362,420264
1687738362,503937
1687738362,581373
1687738363,225228
1687738363,227537
1687738363,236139
1687738363,274811
1687738363,276484
1687738363,278247
1687738363,278924
1687738363,505228
1687738363,625478
1687738363,632447
1687738364,225215
1687738364,235103
1687738364,235132
1687738364,237484
1687738364,283081
1687738364,332575
1687738364,334441
1687738364,404966
1687738365,233168
1687738365,238006
1687738365,238139
1687738365,241427
1687738365,245256
1687738365,246506
1687738365,281201
1687738365,282741
1687738365,285197
1687738365,286404
1687738365,306354
1687738365,408336
1687738365,492833
1687738365,504078
1687738365,572250
1687738365,585318
1687738365,613552
1687738366,237351
1687738366,244405
1687738366,249238
1687738366,259950
1687738366,263576
1687738366,275744
1687738366,286286
1687738366,289473
1687738366,290184
1687738366,292253
1687738366,292444
1687738366,325645
1687738366,407337
1687738367,242848
1687738367,243806
1687738367,246108
1687738367,246278
1687738367,246929
1687738367,251123
1687738367,287473
1687738367,295095
1687738367,296647
1687738367,297334
1687738367,322514
1687738367,347908
1687738367,366197
1687738367,374091
1687738368,241280
1687738368,245571
1687738368,246577
1687738368,250432
1687738368,272133
1687738368,344227
1687738368,346599
1687738368,360874
1687738368,366446
1687738368,378200
1687738369,244840
1687738369,245367
1687738369,245982
1687738369,250585
1687738369,295455
1687738369,360107
1687738369,366564
1687738369,421678
1687738369,442808
1687738370,244731
1687738370,248791
1687738370,252563
1687738370,278690
1687738370,460440
1687738370,493734
1687738370,509930
1687738370,519186
1687738370,521834
1687738370,582938
1687738371,233414
1687738371,245830
1687738371,245895
1687738371,249947
1687738371,250036
1687738371,250798
1687738371,251651
1687738371,251950
1687738371,274720
1687738371,278879
1687738371,454109
1687738371,480250
1687738371,497232
1687738371,509500
1687738371,520206
1687738372,158031
1687738372,248173
1687738372,251061
1687738372,253896
1687738372,254442
1687738372,286973
1687738372,331084
1687738372,358428
1687738372,392239
1687738372,436388
1687738373,222095
1687738373,238441
1687738373,250697
1687738373,252009
1687738373,252099
1687738373,255805
1687738373,256059
1687738373,282308
1687738373,310140
1687738374,157430
1687738374,166589
1687738374,176680
1687738374,183693
1687738374,198927
1687738374,252281
1687738374,252309
1687738374,253697
1687738374,253770
1687738374,256803
1687738375,139936
1687738375,143029
1687738375,143976
1687738375,149330
1687738375,154423
1687738375,250817
1687738375,254397
1687738375,255991
1687738375,257295
1687738376,138836
1687738376,139923
1687738376,140383
1687738376,141788
1687738376,143650
1687738376,253862
1687738376,257599
1687738376,257968
1687738376,258320
1687738376,259173
1687738377,143065
1687738377,147311
1687738377,148084
1687738377,149242
1687738377,153596
1687738377,256598
1687738377,258161
1687738377,258495
1687738377,262531
1687738378,158117
1687738378,158289
1687738378,168346
1687738378,257621
1687738378,258347
1687738378,260475
1687738378,261600
1687738378,262108
1687738379,169748
1687738379,169912
1687738379,175183
1687738379,181370
1687738379,259738
1687738379,261802
1687738379,262990
1687738379,263768
1687738379,264903
1687738379,415668
1687738380,181644
1687738380,182571
1687738380,189630
1687738380,195161
1687738380,262806
1687738380,265582
1687738380,265758
1687738380,265764
1687738380,267396
1687738381,189694
1687738381,199510
1687738381,205102
1687738381,208891
1687738381,209810
1687738381,266869
1687738381,268465
1687738381,269263
1687738381,270700
1687738382,208366
1687738382,214703
1687738382,219170
1687738382,221503
1687738382,222217
1687738382,224637
1687738382,249282
1687738382,267825
1687738382,270235
1687738382,271507
1687738382,273134
1687738382,273155
1687738382,341006
1687738382,421919
1687738382,505670
1687738382,582588
1687738383,224850
1687738383,227658
1687738383,236208
1687738383,249737
1687738383,272160
1687738383,274840
1687738383,276433
1687738383,278799
1687738383,306151
1687738383,503376
1687738383,581590
1687738383,626086
1687738383,632049
1687738384,233247
1687738384,235291
1687738384,235522
1687738384,237171
1687738384,278223
1687738384,278843
1687738384,279006
1687738384,283078
1687738384,333236
1687738384,333562
1687738384,402947
1687738385,233340
1687738385,237843
1687738385,238078
1687738385,241822
1687738385,244523
1687738385,245061
1687738385,246454
1687738385,253838
1687738385,281173
1687738385,282784
1687738385,285312
1687738385,286418
1687738385,286953
1687738385,410139
1687738385,494586
1687738385,502100
1687738385,573631
1687738385,584121
1687738385,613809
1687738386,237338
1687738386,249234
1687738386,259836
1687738386,274673
1687738386,286359
1687738386,289533
1687738386,290175
1687738386,292361
1687738386,292449
1687738386,295527
1687738386,324508
1687738387,242570
1687738387,244129
1687738387,246234
1687738387,246262
1687738387,246916
1687738387,250618
1687738387,251009
1687738387,288427
1687738387,295096
1687738387,297392
1687738387,322981
1687738387,348640
1687738387,366300
1687738387,374693
1687738388,159936
1687738388,241305
1687738388,245689
1687738388,246361
1687738388,253510
1687738388,274691
1687738388,344340
1687738388,346659
1687738388,360528
1687738388,366697
1687738389,244695
1687738389,245441
1687738389,246152
1687738389,250867
1687738389,360335
1687738389,366400
1687738389,422452
1687738389,443117
1687738390,195523
1687738390,225115
1687738390,244888
1687738390,248634
1687738390,249197
1687738390,250293
1687738390,252441
1687738390,460900
1687738390,494211
1687738390,510250
1687738390,519145
1687738390,521861
1687738391,245736
1687738391,245932
1687738391,249992
1687738391,251618
1687738391,251802
1687738391,436116
1687738391,453521
1687738391,479948
1687738391,497078
1687738391,509016
1687738391,520128
1687738392,248034
1687738392,251110
1687738392,253990
1687738392,330730
1687738392,357653
1687738392,391505
1687738392,415376
1687738393,221701
1687738393,238046
1687738393,250710
1687738393,251962
1687738393,252105
1687738393,254247
1687738393,255677
1687738393,255929
1687738393,281769
1687738393,309566
1687738394,157233
1687738394,166386
1687738394,176519
1687738394,183574
1687738394,198566
1687738394,252255
1687738394,252478
1687738394,253793
1687738394,256691
1687738395,139857
1687738395,143016
1687738395,143794
1687738395,149312
1687738395,154365
1687738395,250781
1687738395,254226
1687738395,256016
1687738395,257431
1687738395,405826
1687738396,138895
1687738396,139996
1687738396,140362
1687738396,141773
1687738396,143672
1687738396,253980
1687738396,257731
1687738396,257946
1687738396,258368
1687738396,259225
1687738397,143073
1687738397,147255
1687738397,148176
1687738397,149302
1687738397,153737
1687738397,256651
1687738397,258164
1687738397,258322
1687738397,262538
1687738398,158190
1687738398,158235
1687738398,249815
1687738398,257647
1687738398,258334
1687738398,260500
1687738398,261752
1687738398,261967
1687738398,378715
1687738399,169766
1687738399,175367
1687738399,181458
1687738399,259791
1687738399,261749
1687738399,262863
1687738399,262971
1687738399,263943
1687738399,264929
1687738400,169903
1687738400,181731
1687738400,182542
1687738400,189827
1687738400,195228
1687738400,205673
1687738400,265479
1687738400,265700
1687738400,265701
1687738400,267408
1687738400,269292
1687738400,296613
1687738401,189669
1687738401,199659
1687738401,208419
1687738401,209944
1687738401,253793
1687738401,266926
1687738401,268483
1687738401,270649
1687738402,208295
1687738402,214495
1687738402,219392
1687738402,222449
1687738402,224705
1687738402,267864
1687738402,270274
1687738402,271441
1687738402,273210
1687738402,273253
1687738403,168471
1687738403,221819
1687738403,224458
1687738403,225029
1687738403,227793
1687738403,236261
1687738403,274672
1687738403,274864
1687738403,276376
1687738403,278908
1687738404,233086
1687738404,235443
1687738404,235930
1687738404,236884
1687738404,278199
1687738404,278803
1687738404,279081
1687738404,281149
1687738404,283084
1687738404,286429
1687738405,160091
1687738405,195765
1687738405,233541
1687738405,237579
1687738405,238171
1687738405,242195
1687738405,246385
1687738405,250800
1687738405,282831
1687738405,285410
1687738405,286923
1687738406,237334
1687738406,244627
1687738406,244869
1687738406,249197
1687738406,286442
1687738406,289568
1687738406,290166
1687738406,292437
1687738406,292451
1687738406,295608
1687738407,242296
1687738407,244459
1687738407,246146
1687738407,246230
1687738407,246375
1687738407,246900
1687738407,250797
1687738407,250878
1687738407,296590
1687738407,297438
1687738407,366447
1687738407,375283
1687738408,241333
1687738408,244554
1687738408,245810
1687738408,246294
1687738408,253322
1687738408,344447
1687738408,346712
1687738408,360116
1687738408,366945
1687738409,245506
1687738409,251136
1687738409,360539
1687738409,366275
1687738409,423255
1687738409,443443
1687738410,245078
1687738410,248507
1687738410,250538
1687738410,252322
1687738410,461355
1687738410,494695
1687738410,510545
1687738410,519107
1687738410,521863
1687738411,245591
1687738411,246064
1687738411,250037
1687738411,250813
1687738411,251585
1687738411,251643
1687738411,435827
1687738411,452969
1687738411,479656
1687738411,496903
1687738411,508522
1687738411,520022
1687738412,247905
1687738412,251142
1687738412,254080
1687738412,272176
1687738412,330409
1687738412,356873
1687738412,390756
1687738412,415078
1687738413,221295
1687738413,237672
1687738413,250730
1687738413,251854
1687738413,252222
1687738413,254074
1687738413,255303
1687738413,256057
1687738413,281226
1687738413,309003
1687738413,379289
1687738414,157015
1687738414,166172
1687738414,176351
1687738414,183464
1687738414,198231
1687738414,252192
1687738414,252673
1687738414,253828
1687738414,256572
1687738415,139803
1687738415,140329
1687738415,143013
1687738415,143615
1687738415,149286
1687738415,154317
1687738415,250750
1687738415,254037
1687738415,256045
1687738415,257572
1687738415,295108
1687738416,138945
1687738416,140078
1687738416,141753
1687738416,143052
1687738416,143688
1687738416,253744
1687738416,254114
1687738416,257842
1687738416,257928
1687738416,258404
1687738416,259256
1687738417,147203
1687738417,148273
1687738417,149375
1687738417,153903
1687738417,256713
1687738417,258129
1687738417,258191
1687738417,262534
1687738418,158175
1687738418,158248
1687738418,160244
1687738418,168601
1687738418,169893
1687738418,257671
1687738418,258322
1687738418,260510
1687738418,261848
1687738418,261895
1687738419,175565
1687738419,181530
1687738419,259861
1687738419,261691
1687738419,262956
1687738419,264128
1687738419,264940
1687738419,267417
1687738420,181830
1687738420,182507
1687738420,190003
1687738420,195290
1687738420,195994
1687738420,249093
1687738420,265396
1687738420,265639
1687738420,265646
1687738421,189694
1687738421,199850
1687738421,206278
1687738421,207903
1687738421,210027
1687738421,266988
1687738421,268504
1687738421,269305
1687738421,270605
1687738422,208235
1687738422,214292
1687738422,219577
1687738422,222692
1687738422,224749
1687738422,267894
1687738422,270327
1687738422,271386
1687738422,273272
1687738422,273372
1687738423,222155
1687738423,224041
1687738423,224972
1687738423,227913
1687738423,236296
1687738423,249879
1687738423,274660
1687738423,274884
1687738423,276318
1687738423,279006
1687738424,232947
1687738424,235607
1687738424,236323
1687738424,236609
1687738424,278184
1687738424,278765
1687738424,279167
1687738424,281146
1687738424,283082
1687738424,285485
1687738425,233747
1687738425,237316
1687738425,238272
1687738425,242566
1687738425,246279
1687738425,286447
1687738425,286880
1687738426,237360
1687738426,244687
1687738426,244692
1687738426,249130
1687738426,286513
1687738426,289601
1687738426,290158
1687738426,292423
1687738426,292518
1687738426,295697
1687738427,242036
1687738427,244796
1687738427,245939
1687738427,246181
1687738427,246534
1687738427,246886
1687738427,250722
1687738427,262927
1687738427,295131
1687738427,296559
1687738428,241389
1687738428,245570
1687738428,245961
1687738428,253115
1687738428,272197
1687738429,244430
1687738429,251386
1687738430,245282
1687738430,248369
1687738430,250768
1687738430,252187
1687738430,297466
1687738431,169794
1687738431,245464
1687738431,246221
1687738431,250081
1687738431,250826
1687738431,251449
1687738431,251557
1687738431,282883
1687738432,247786
1687738432,251163
1687738432,253917
1687738432,254173
1687738432,330070
1687738433,220841
1687738433,237300
1687738433,249947
1687738433,250750
1687738433,251776
1687738433,252360
1687738433,254944
1687738433,256173
1687738433,280675
1687738433,308474
1687738434,156805
1687738434,165958
1687738434,176190
1687738434,183353
1687738434,197912
1687738434,252130
1687738434,252846
1687738434,253870
1687738434,256459
1687738435,139723
1687738435,143017
1687738435,143449
1687738435,149262
1687738435,154267
1687738435,246430
1687738435,248961
1687738435,250725
1687738435,250962
1687738435,253870
1687738435,256068
1687738435,257697
1687738436,138985
1687738436,140151
1687738436,140301
1687738436,141733
1687738436,143004
1687738436,143701
1687738436,253693
1687738436,254267
1687738436,257923
1687738436,257938
1687738436,258422
1687738436,259277
1687738437,147160
1687738437,148363
1687738437,149439
1687738437,154075
1687738437,256794
1687738437,257951
1687738437,258241
1687738437,262507
1687738438,158094
1687738438,158304
1687738438,160408
1687738438,168712
1687738438,169822
1687738438,169877
1687738438,257684
1687738438,258318
1687738438,260516
1687738438,261730
1687738438,262034
1687738439,181592
1687738439,259953
1687738439,261654
1687738439,262947
1687738439,264315
1687738439,264952
1687738440,181940
1687738440,182461
1687738440,190150
1687738440,195364
1687738440,262995
1687738440,265329
1687738440,265568
1687738440,265607
1687738440,267425
1687738441,189767
1687738441,200086
1687738441,206905
1687738441,207357
1687738441,210055
1687738441,267062
1687738441,268523
1687738441,269315
1687738441,270573
1687738442,208207
1687738442,214059
1687738442,219737
1687738442,222970
1687738442,224776
1687738442,267913
1687738442,270400
1687738442,271348
1687738442,272209
1687738442,273338
1687738442,273483
1687738443,222507
1687738443,223628
1687738443,224958
1687738443,228024
1687738443,236319
1687738443,274658
1687738443,274890
1687738443,276265
1687738443,279087
1687738444,232818
1687738444,235757
1687738444,236323
1687738444,236704
1687738444,278170
1687738444,278728
1687738444,279266
1687738444,282933
1687738444,283078
1687738445,233968
1687738445,237042
1687738445,238369
1687738445,242937
1687738445,246135
1687738445,285537
1687738445,286479
1687738445,286834
1687738445,292410
1687738446,237410
1687738446,244498
1687738446,244730
1687738446,249036
1687738446,286575
1687738446,290150
1687738446,292562
1687738446,295782
1687738447,175750
1687738447,241771
1687738447,245117
1687738447,245730
1687738447,246133
1687738447,246711
1687738447,246887
1687738447,250533
1687738447,295172
1687738447,296501
1687738447,297489
1687738448,241447
1687738448,246110
1687738448,246546
1687738448,251116
1687738448,252901
1687738449,244317
1687738449,245498
1687738449,245622
1687738449,248812
1687738449,251633
1687738450,196208
1687738450,248248
1687738450,252056
1687738451,245368
1687738451,246375
1687738451,250150
1687738451,250838
1687738451,250993
1687738451,251253
1687738451,251538
1687738452,247700
1687738452,251181
1687738452,254256
1687738452,281168
1687738453,250014
1687738453,250773
1687738453,251713
1687738453,252497
1687738453,253752
1687738453,289634
1687738454,252047
1687738454,253018
1687738454,253912
1687738454,256368
1687738455,250695
1687738455,253726
1687738455,256085
1687738455,256279
1687738455,257813
1687738456,254430
1687738456,257937
1687738456,258032
1687738456,258408
1687738456,259323
1687738457,154250
1687738457,256907
1687738457,257770
1687738457,258304
1687738457,262462
1687738458,158000
1687738458,158351
1687738458,160605
1687738458,169845
1687738458,169852
1687738458,257698
1687738458,258323
1687738458,260531
1687738458,261599
1687738458,262144
1687738459,175950
1687738459,260047
1687738459,261616
1687738459,262941
1687738459,264507
1687738459,264963
1687738460,182069
1687738460,190294
1687738460,195419
1687738460,263056
1687738460,265259
1687738460,265476
1687738460,265545
1687738460,267427
1687738461,182419
1687738461,189874
1687738461,200379
1687738461,206795
1687738461,207585
1687738461,210017
1687738461,213836
1687738461,267133
1687738461,267918
1687738461,268544
1687738461,269347
1687738461,270526
1687738462,208231
1687738462,219850
1687738462,223271
1687738462,224792
1687738462,270485
1687738462,271305
1687738462,272221
1687738462,273400
1687738462,273608
1687738463,181648
1687738463,222885
1687738463,223210
1687738463,224961
1687738463,228116
1687738463,236329
1687738463,274664
1687738463,274899
1687738463,276208
1687738463,279159
1687738464,232677
1687738464,235879
1687738464,236048
1687738464,237069
1687738464,278161
1687738464,278686
1687738464,279353
1687738464,282979
1687738464,283080
1687738465,196411
1687738465,234187
1687738465,236773
1687738465,238458
1687738465,243321
1687738465,244317
1687738465,244733
1687738465,245974
1687738465,281192
1687738465,285588
1687738465,286551
1687738465,286774
1687738466,237482
1687738466,248919
1687738466,286640
1687738466,289669
1687738466,290143
1687738466,292390
1687738466,292595
1687738466,295855
1687738467,241501
1687738467,245443
1687738467,245532
1687738467,246089
1687738467,246893
1687738467,246905
1687738467,250315
1687738467,295231
1687738467,296427
1687738467,297526
1687738468,241511
1687738468,246261
1687738468,246618
1687738468,251293
1687738468,252700
1687738469,244201
1687738469,245672
1687738469,251898
1687738470,245724
1687738470,248148
1687738470,251928
1687738470,253653
1687738471,245260
1687738471,246529
1687738471,250217
1687738471,250838
1687738471,251047
1687738471,251203
1687738471,251526
1687738472,247612
1687738472,251198
1687738472,254333
1687738473,250071
1687738473,250798
1687738473,252648
1687738473,253575
1687738473,256371
1687738474,251665
1687738474,251938
1687738474,253182
1687738474,253962
1687738474,256277
1687738475,250655
1687738475,253577
1687738475,256114
1687738475,257882
1687738476,254573
1687738476,257957
1687738476,258105
1687738476,258387
1687738476,259393
1687738477,248677
1687738477,257014
1687738477,257595
1687738477,258369
1687738477,262411
1687738478,257717
1687738478,260554
1687738478,261481
1687738478,262269
1687738479,260148
1687738479,261560
1687738479,262935
1687738479,264696
1687738479,264974
1687738480,263114
1687738480,265190
1687738480,265376
1687738480,265465
1687738481,267194
1687738481,268559
1687738481,269401
1687738481,270477
1687738481,271281
1687738481,272244
1687738482,267916
1687738482,270554
1687738482,273480
1687738482,273740
1687738483,224966
1687738483,228169
1687738483,236331
1687738483,274673
1687738483,274917
1687738483,276158
1687738483,279228
1687738484,232529
1687738484,235799
1687738484,235964
1687738484,237414
1687738484,278155
1687738484,278625
1687738484,279435
1687738484,283016
1687738484,283072
1687738485,234421
1687738485,236502
1687738485,238534
1687738485,243741
1687738485,245775
1687738485,258340
1687738485,281213
1687738485,285645
1687738485,286628
1687738485,286691
1687738486,237575
1687738486,244162
1687738486,244672
1687738486,248778
1687738486,286717
1687738486,289715
1687738486,290138
1687738486,292379
1687738486,292627
1687738486,295917
1687738487,241219
1687738487,245784
1687738487,246056
1687738487,246926
1687738487,247080
1687738487,250108
1687738487,295303
1687738487,296356
1687738487,297579
1687738488,241575
1687738488,246423
1687738488,246680
1687738488,251459
1687738488,252478
1687738488,253615
1687738489,244120
1687738489,245743
1687738489,252166
1687738489,267426
1687738490,245965
1687738490,248045
1687738490,248519
1687738490,251810
1687738491,245159
1687738491,246693
1687738491,250297
1687738491,250821
1687738491,250835
1687738491,251515
1687738492,247517
1687738492,251213
1687738492,254391
1687738493,250136
1687738493,250817
1687738493,251612
1687738493,251827
1687738493,252772
1687738493,253388
1687738493,256439
1687738494,254030
1687738494,256185
1687738495,245338
1687738495,250616
1687738495,253458
1687738495,256144
1687738495,257908
1687738496,254732
1687738496,257975
1687738496,258164
1687738496,258367
1687738496,259505
1687738497,257108
1687738497,257423
1687738497,258430
1687738497,262362
1687738497,262412
1687738498,257751
1687738498,258356
1687738498,260581
1687738498,261347
1687738499,253356
1687738499,260263
1687738499,261467
1687738499,262929
1687738499,264868
1687738499,264980
1687738500,251404
1687738500,263188
1687738500,265128
1687738500,265291
1687738500,265388
1687738501,267256
1687738501,267918
1687738501,268566
1687738501,269480
1687738501,270438
1687738502,270624
1687738502,271257
1687738502,272268
1687738502,273560
1687738502,273860
1687738503,274680
1687738503,274940
1687738503,276104
1687738503,279301
1687738504,267418
1687738504,278160
1687738504,278566
1687738504,279525
1687738504,283028
1687738504,283067
1687738505,281217
1687738505,285714
1687738505,286589
1687738505,286710
1687738505,292369
1687738506,286813
1687738506,289763
1687738506,290147
1687738506,292651
1687738506,295962
1687738507,253596
1687738507,295374
1687738507,296292
1687738507,297637
1687738508,246584
1687738508,246738
1687738509,244059
1687738509,245822
1687738509,252261
1687738509,252428
1687738510,246206
1687738510,247970
1687738510,248348
1687738510,250839
1687738510,251679
1687738511,245063
1687738511,246867
1687738511,250355
1687738511,250581
1687738511,251505
1687738512,247418
1687738512,251223
1687738512,254429
1687738513,250197
1687738513,250834
1687738513,251561
1687738513,252918
1687738513,253169
1687738513,253534
1687738513,256074
1687738513,256499
1687738514,251701
1687738515,250582
1687738515,253329
1687738515,256186
1687738515,257909
1687738516,251596
1687738516,254867
1687738516,257993
1687738516,258198
1687738516,258356
1687738516,259615
1687738517,257184
1687738517,257255
1687738517,258485
1687738517,262311
1687738518,257799
1687738518,258366
1687738518,260609
1687738518,262543
1687738519,260371
1687738519,261368
1687738519,262935
1687738519,264973
1687738519,265028
1687738520,263277
1687738520,265077
1687738520,265225
1687738520,265322
1687738520,267398
1687738521,267324
1687738521,267949
1687738521,268571
1687738521,269574
1687738521,270406
1687738522,270674
1687738522,271218
1687738522,272301
1687738522,273636
1687738522,273985
1687738523,253574
1687738523,274685
1687738523,274968
1687738523,276023
1687738523,279388
1687738524,278168
1687738524,278526
1687738524,279601
1687738524,283027
1687738524,283064
1687738525,261225
1687738525,281218
1687738525,285773
1687738525,286481
1687738525,286788
1687738525,292358
1687738526,286917
1687738526,289809
1687738526,290170
1687738526,292670
1687738526,295996
1687738527,295430
1687738527,296233
1687738527,297706
1687738529,254098
1687738533,251524
1687738534,251566
1687738534,253702
1687738534,254182
1687738534,255936
1687738535,250562
1687738535,256232
1687738535,257896
1687738536,253556
1687738536,255012
1687738536,257997
1687738536,258219
1687738536,258365
1687738536,259717
1687738537,257092
1687738537,257249
1687738537,258532
1687738537,262255
1687738538,257852
1687738538,258364
1687738538,260631
1687738538,261131
1687738539,260462
1687738539,261268
1687738539,262952
1687738539,264951
1687738539,265174
1687738540,263394
1687738540,265050
1687738540,265163
1687738540,265280
1687738541,267391
1687738541,268571
1687738541,269664
1687738541,270396
1687738542,270704
1687738542,271169
1687738542,272331
1687738542,273700
1687738542,274112
1687738543,274676
1687738543,274987
1687738543,275937
1687738543,279457
1687738544,278180
1687738544,278526
1687738544,279668
1687738544,283024
1687738544,283061
1687738545,262673
1687738545,281221
1687738545,285825
1687738545,286366
1687738545,286851
1687738546,287026
1687738546,289859
1687738546,290204
1687738546,292683
1687738546,296033
1687738547,295484
1687738547,296178
1687738547,297771
1687738548,268002
1687738550,267375
1687738553,292348
1687738559,261187
1687738559,262973
1687738559,265307
1687738560,263526
1687738560,265035
1687738560,265102
1687738560,265259
1687738561,267468
1687738561,268080
1687738561,268569
1687738561,269741
1687738561,270402
1687738562,270717
1687738562,271106
1687738562,272351
1687738562,273728
1687738562,274217
1687738563,274662
1687738563,274989
1687738563,275841
1687738563,279510
1687738564,278191
1687738564,278561
1687738564,279751
1687738564,283023
1687738564,283066
1687738565,267349
1687738565,281237
1687738565,285870
1687738565,286252
1687738565,286921
1687738566,287129
1687738566,289907
1687738566,290251
1687738566,292337
1687738566,292698
1687738566,296064
1687738567,295534
1687738567,296100
1687738567,297862
1687738584,283028
1687738584,283075
1687738585,281261
1687738585,285895
1687738585,286153
1687738585,286984
1687738586,287236
1687738586,289946
1687738586,290304
1687738586,292317
1687738586,292719
1687738586,296105
1687738587,295583
1687738587,296010
1687738587,297982
